378.976 170.195 0.842514 354.211 200.21 0.730748 359.408 202.801 0.873654 359.346 244.534 0.884023 371.125 279.819 0.880376 350.24 195.005 0.720199 0 0 0 0 0 0 350.355 274.557 0.727547 356.805 275.855 0.757324 352.905 333.332 0.751179 348.952 392.044 0.862047 348.974 271.966 0.660224 355.512 329.374 0.682108 355.483 378.969 0.778653 372.516 163.626 0.847373 0 0 0 360.739 168.837 0.857117 0 0 0 373.805 380.286 0.755581 371.121 376.392 0.71175 351.612 381.66 0.437896 371.219 399.868 0.618496 367.272 402.512 0.598086 343.74 399.848 0.772447 
377.719 171.427 0.824425 354.209 200.203 0.730409 359.409 202.796 0.872128 359.359 244.525 0.893669 371.152 281.124 0.885974 350.24 195.001 0.722046 0 0 0 0 0 0 350.359 274.572 0.733205 356.799 275.871 0.761946 352.896 334.607 0.755625 348.961 392.064 0.86786 348.989 271.986 0.662549 355.508 329.414 0.697396 355.491 378.986 0.784323 372.504 163.64 0.836874 0 0 0 360.747 168.851 0.855881 0 0 0 373.803 380.3 0.743991 371.124 376.405 0.705364 351.611 381.672 0.432857 372.48 399.906 0.637535 368.548 402.544 0.623469 343.749 399.862 0.783457 
378.956 171.487 0.848682 354.207 200.203 0.726958 359.405 202.808 0.872328 359.377 244.573 0.90097 371.195 283.727 0.891078 350.246 194.992 0.718291 0 0 0 0 0 0 350.358 274.575 0.738263 356.806 275.876 0.766555 352.885 334.627 0.755204 348.962 392.063 0.868464 348.984 271.989 0.66593 355.498 329.399 0.678883 355.495 378.981 0.781434 373.771 164.935 0.817083 0 0 0 360.779 168.875 0.854331 0 0 0 373.806 380.296 0.737891 371.123 376.401 0.698955 351.616 381.667 0.430136 372.488 399.906 0.639415 368.552 402.545 0.626388 343.747 399.863 0.783194 
378.964 171.494 0.827918 354.221 201.448 0.731768 359.404 202.808 0.869814 359.366 244.548 0.901688 372.52 284.986 0.863303 350.259 195.015 0.715559 0 0 0 0 0 0 350.355 274.589 0.750796 356.811 275.884 0.760311 352.903 332.044 0.765807 348.924 392.058 0.850533 348.974 273.263 0.677411 354.22 329.421 0.728016 354.221 378.967 0.783357 373.775 164.943 0.791142 0 0 0 362.017 170.137 0.850534 0 0 0 375.076 380.311 0.77381 371.143 377.67 0.711488 351.583 381.648 0.4643 371.191 399.846 0.586465 367.252 402.496 0.565348 342.469 399.854 0.773856 
378.988 172.73 0.856519 354.201 201.452 0.744913 359.413 202.811 0.867301 359.368 244.551 0.90975 375.062 283.706 0.837741 350.236 195.01 0.744139 0 0 0 0 0 0 351.574 275.834 0.755298 356.823 275.914 0.77109 351.639 333.335 0.772429 348.926 392.044 0.849429 348.978 273.277 0.672781 355.499 329.438 0.726604 355.508 377.711 0.779442 375.067 164.981 0.787885 0 0 0 362.049 170.137 0.850685 0 0 0 375.086 380.31 0.770528 371.156 377.669 0.71141 351.608 381.63 0.473217 371.187 399.856 0.588192 367.241 402.5 0.564572 342.469 399.842 0.771054 
379.02 171.496 0.872873 355.489 200.203 0.727516 359.414 202.784 0.875185 359.369 244.557 0.910796 375.098 283.697 0.835176 350.275 195.006 0.724335 0 0 0 0 0 0 351.581 274.606 0.750839 356.813 275.908 0.771295 352.876 333.311 0.772026 348.927 392.043 0.848871 349.001 273.271 0.669105 355.501 329.43 0.736169 355.509 377.711 0.779195 375.098 163.7 0.80331 0 0 0 362.062 168.857 0.838029 0 0 0 375.089 380.312 0.77049 371.159 377.67 0.711499 351.606 381.63 0.470506 371.189 399.856 0.588577 367.241 402.5 0.565069 342.469 399.841 0.770501 
379.026 171.52 0.859181 355.499 200.18 0.725442 359.422 202.759 0.869434 359.377 244.566 0.903262 375.1 283.703 0.835476 350.282 194.999 0.718434 0 0 0 0 0 0 351.58 274.602 0.750044 356.811 275.905 0.769457 352.888 333.298 0.76743 348.936 392.064 0.84984 349.001 273.268 0.670229 355.51 329.417 0.738595 355.493 377.714 0.777853 376.371 164.94 0.786715 0 0 0 362.074 167.583 0.829244 0 0 0 375.073 380.304 0.764902 371.14 376.405 0.717658 351.594 381.643 0.457307 372.48 401.15 0.596984 368.541 403.783 0.577205 342.486 399.866 0.779286 
379.023 171.515 0.869174 355.519 200.2 0.717948 359.411 202.779 0.878025 359.406 244.583 0.906824 375.098 283.719 0.832414 350.316 195.009 0.690231 0 0 0 0 0 0 351.579 275.842 0.751285 356.805 275.926 0.769608 352.882 333.303 0.768632 348.936 392.062 0.850272 349 273.29 0.668532 355.515 329.42 0.736795 355.494 377.71 0.776573 376.371 164.937 0.79389 0 0 0 362.08 167.546 0.833923 0 0 0 375.073 380.303 0.76507 371.14 376.404 0.717761 351.595 381.639 0.455515 372.479 401.148 0.595658 368.54 403.782 0.576159 342.486 399.864 0.778733 
379.02 171.516 0.845963 355.513 200.197 0.716491 359.414 202.778 0.875843 359.4 244.573 0.90554 375.076 285.008 0.840954 350.303 195.009 0.691403 0 0 0 0 0 0 351.579 275.849 0.74873 356.796 275.93 0.758911 352.89 333.311 0.76464 348.937 392.063 0.850468 349.004 274.546 0.673745 355.508 329.421 0.728348 355.492 377.713 0.775804 376.377 163.699 0.782738 0 0 0 363.336 166.274 0.825516 0 0 0 375.072 380.303 0.764155 371.139 376.405 0.71715 351.594 381.64 0.452848 372.481 401.149 0.595303 368.543 403.782 0.576742 342.486 399.865 0.778452 
380.255 171.507 0.841428 355.525 198.883 0.702873 359.408 202.758 0.863654 359.449 245.835 0.901363 373.779 287.597 0.870419 350.331 193.731 0.711071 0 0 0 0 0 0 351.598 275.853 0.724301 356.798 275.935 0.743461 352.891 333.333 0.746503 348.923 392.085 0.847725 350.242 274.551 0.655131 356.78 329.394 0.69489 354.214 378.966 0.786034 376.403 163.693 0.778746 0 0 0 363.349 167.536 0.823088 0 0 0 373.797 380.301 0.771137 369.914 376.407 0.719496 351.58 381.649 0.478195 372.473 401.139 0.596941 368.538 403.774 0.579979 342.476 399.884 0.786284 
380.301 171.475 0.864453 356.801 198.896 0.699109 359.402 202.766 0.863492 359.482 245.831 0.908338 372.476 286.304 0.907905 351.586 193.74 0.686787 0 0 0 0 0 0 351.588 274.607 0.713765 355.509 275.904 0.752591 352.9 333.323 0.749216 348.921 392.082 0.84899 350.253 273.296 0.643924 356.779 329.392 0.693959 354.226 378.962 0.784614 377.693 163.663 0.794132 0 0 0 363.37 167.542 0.813049 0 0 0 373.793 380.299 0.770098 369.914 376.403 0.717913 351.591 381.644 0.479873 372.464 401.139 0.598041 367.268 402.55 0.575469 342.472 399.88 0.787773 
380.306 171.496 0.872813 356.814 200.177 0.708147 359.424 202.794 0.87527 359.475 245.848 0.921673 371.236 286.292 0.92648 351.57 194.964 0.69344 0 0 0 0 0 0 351.598 275.842 0.715857 355.53 275.917 0.753556 352.885 334.61 0.749643 348.918 392.085 0.849359 350.26 274.548 0.649331 355.511 329.413 0.689193 354.224 378.964 0.787338 377.713 163.685 0.797053 0 0 0 364.668 166.284 0.812103 0 0 0 373.798 380.301 0.77134 369.915 376.406 0.719177 351.591 381.644 0.489001 372.469 401.135 0.598166 368.531 402.552 0.57805 342.464 399.881 0.796093 
380.317 171.53 0.848863 356.83 200.164 0.706416 359.436 202.801 0.87491 359.456 245.848 0.910558 371.18 285.029 0.921854 351.569 193.733 0.696714 0 0 0 0 0 0 351.585 274.587 0.729383 355.506 275.891 0.76486 352.882 333.333 0.749414 348.913 392.087 0.848874 350.257 273.264 0.656312 356.81 329.385 0.69403 354.228 378.954 0.786123 378.974 164.952 0.775821 0 0 0 365.973 167.586 0.814551 0 0 0 373.797 380.299 0.774287 369.915 376.402 0.722206 351.593 381.638 0.496014 372.459 401.136 0.59954 367.268 402.546 0.57662 342.458 399.882 0.799215 
380.32 171.509 0.87096 356.834 198.905 0.691282 359.408 202.774 0.866279 359.457 245.841 0.908552 371.181 285.01 0.917329 351.608 193.742 0.668833 0 0 0 0 0 0 351.587 274.596 0.725036 355.505 275.895 0.765479 352.888 333.332 0.750901 348.914 392.086 0.849081 350.262 273.277 0.654436 356.809 329.395 0.70121 354.228 378.956 0.786732 378.957 163.701 0.79281 0 0 0 365.926 167.584 0.816787 0 0 0 373.798 380.3 0.773766 371.119 376.41 0.722053 351.593 381.639 0.494689 372.46 401.137 0.598773 367.268 402.547 0.575657 342.459 399.881 0.798667 
380.34 171.517 0.881752 356.826 198.909 0.698587 359.429 202.787 0.872532 359.458 245.839 0.908047 371.181 285.01 0.917824 351.573 193.737 0.68758 0 0 0 0 0 0 351.585 274.596 0.730159 355.519 275.897 0.765526 352.888 333.336 0.750728 348.915 392.089 0.848979 350.249 273.275 0.660246 356.808 329.397 0.702444 354.23 378.957 0.787058 378.985 163.699 0.8038 0 0 0 365.938 167.567 0.814703 0 0 0 373.796 380.299 0.773859 369.915 376.404 0.722162 351.594 381.64 0.50128 372.461 401.137 0.5999 367.271 402.545 0.575953 342.465 399.884 0.799235 
381.56 171.524 0.893265 356.824 200.202 0.715785 359.456 202.809 0.881441 359.471 245.826 0.904954 371.193 285.043 0.920071 350.34 194.981 0.6951 0 0 0 0 0 0 351.585 274.605 0.735269 355.528 275.904 0.757545 352.902 333.34 0.74777 348.916 392.087 0.849145 349.03 273.288 0.668575 356.8 329.394 0.69767 354.229 378.956 0.786725 379.02 164.946 0.817394 0 0 0 365.967 168.858 0.822021 0 0 0 373.805 380.303 0.771188 371.125 376.415 0.719328 351.588 381.639 0.499305 372.464 401.134 0.600822 368.527 402.549 0.577428 342.466 399.883 0.798834 
381.583 172.729 0.910524 356.818 200.205 0.722657 359.47 202.811 0.884536 359.482 245.833 0.9108 371.189 285.047 0.922203 350.318 194.985 0.707679 0 0 0 0 0 0 351.605 275.84 0.735141 356.802 275.924 0.765433 352.896 334.617 0.746509 348.926 392.101 0.861873 350.251 273.296 0.669105 356.818 329.408 0.698934 355.511 378.969 0.792701 380.242 164.962 0.829118 0 0 0 365.956 168.886 0.825868 0 0 0 373.788 380.321 0.78739 371.12 377.681 0.73545 352.878 381.637 0.471538 371.215 399.908 0.654875 367.263 403.779 0.622903 342.461 399.904 0.813236 
381.612 171.486 0.913059 358.075 201.491 0.743925 360.682 204.065 0.886674 360.688 245.877 0.908384 371.245 286.299 0.930152 350.336 195.006 0.702501 0 0 0 0 0 0 351.621 275.866 0.716941 356.821 277.162 0.76443 352.895 334.631 0.7473 348.926 392.104 0.860327 350.261 274.557 0.64956 356.821 329.436 0.701896 355.508 378.976 0.793839 380.251 163.691 0.849095 0 0 0 365.965 170.124 0.829893 0 0 0 373.787 380.321 0.785919 369.915 377.677 0.734391 352.876 381.641 0.470807 372.449 401.145 0.654812 367.266 403.782 0.622441 342.461 399.906 0.811535 
381.627 171.508 0.910647 358.086 201.478 0.736481 360.684 202.844 0.883359 360.683 245.88 0.909767 372.463 286.353 0.907446 350.347 195.016 0.688816 0 0 0 0 0 0 351.628 275.838 0.701739 356.819 275.928 0.75775 352.877 334.632 0.749049 348.926 392.106 0.860969 350.269 273.274 0.644165 358.069 329.423 0.70526 355.511 378.976 0.794449 380.271 164.933 0.853271 0 0 0 367.225 170.129 0.830713 0 0 0 373.79 380.324 0.785439 371.121 377.683 0.734528 352.878 381.64 0.470289 372.449 401.145 0.658226 367.266 403.783 0.625197 342.459 399.908 0.814212 
381.686 171.477 0.896147 358.128 201.459 0.738977 360.699 202.811 0.887255 360.691 245.847 0.928187 373.805 287.611 0.868788 351.597 195.007 0.689806 0 0 0 0 0 0 351.62 274.59 0.706792 356.795 275.902 0.757842 351.647 335.912 0.739933 348.924 392.123 0.852423 350.278 271.982 0.651061 358.086 329.409 0.697905 355.484 378.973 0.793684 380.315 163.692 0.869173 0 0 0 368.521 170.128 0.848226 0 0 0 373.78 380.308 0.770498 369.907 376.399 0.720398 351.601 381.643 0.490479 372.455 401.162 0.66172 367.269 403.797 0.63461 342.455 401.119 0.818828 
382.899 171.497 0.904421 359.369 200.213 0.723835 360.691 202.784 0.878188 360.69 245.844 0.936338 373.816 286.37 0.86842 352.908 194.999 0.650167 0 0 0 0 0 0 351.636 274.604 0.677722 355.502 275.904 0.751183 352.903 334.625 0.726263 348.92 393.341 0.848406 350.326 273.274 0.624451 358.123 329.393 0.705232 355.525 378.973 0.793894 380.339 164.957 0.862452 0 0 0 368.55 170.127 0.859937 0 0 0 373.808 380.319 0.77012 371.138 377.67 0.715583 352.882 381.639 0.496286 371.211 401.144 0.6723 367.238 403.788 0.635143 342.449 401.125 0.813737 
382.92 171.479 0.895599 359.366 201.461 0.748625 360.726 202.818 0.879896 360.673 245.822 0.937294 373.81 286.354 0.874996 351.627 194.997 0.684789 0 0 0 0 0 0 352.891 274.603 0.682381 356.821 275.915 0.752633 352.918 334.622 0.729975 348.923 393.341 0.856068 350.319 273.254 0.631221 359.357 329.405 0.729938 356.791 378.973 0.799113 380.356 164.937 0.865344 0 0 0 368.567 170.119 0.858892 0 0 0 373.809 380.331 0.794523 371.139 377.688 0.740064 352.917 381.641 0.487863 371.204 401.157 0.685092 367.229 403.796 0.64532 342.451 401.124 0.818242 
382.953 171.491 0.88706 359.388 201.455 0.743307 360.738 202.79 0.869749 359.476 244.602 0.935929 373.779 287.593 0.880598 352.892 195.012 0.659871 0 0 0 0 0 0 351.642 274.608 0.681451 356.783 275.916 0.745816 355.524 333.335 0.736316 348.921 393.34 0.855456 350.321 273.259 0.623389 359.358 329.397 0.732164 356.786 378.969 0.793807 381.573 164.939 0.861776 0 0 0 369.816 168.845 0.86215 0 0 0 375.076 380.326 0.80018 371.15 377.684 0.748608 352.913 381.642 0.477027 371.225 401.166 0.682398 367.243 403.81 0.649199 342.444 401.133 0.826709 
386.84 171.485 0.83789 359.481 200.165 0.745355 362.056 201.511 0.839915 359.466 244.547 0.927983 369.91 281.115 0.882573 355.494 194.998 0.656089 0 0 0 0 0 0 351.633 274.544 0.684238 355.512 275.854 0.75352 359.451 330.695 0.817669 348.968 392.121 0.8668 350.308 270.65 0.619649 360.723 328.145 0.714045 356.822 378.985 0.806469 381.686 163.689 0.828865 0 0 0 369.915 168.871 0.892852 0 0 0 375.098 380.346 0.825243 371.188 377.694 0.782289 352.913 381.676 0.426265 372.447 401.174 0.64889 367.259 403.812 0.622802 343.74 399.91 0.786132 
389.439 171.46 0.904242 360.707 201.456 0.811111 364.659 202.807 0.834418 359.472 244.58 0.938733 369.878 283.693 0.877155 355.504 195.006 0.713035 0 0 0 0 0 0 352.886 273.295 0.698136 358.073 275.859 0.763609 362.026 329.427 0.822238 348.971 393.356 0.84954 350.275 269.387 0.633472 362.043 328.111 0.710229 355.531 378.979 0.789704 384.209 163.694 0.828461 0 0 0 371.136 170.141 0.902283 0 0 0 375.092 380.347 0.846299 371.185 377.7 0.804123 351.595 381.668 0.410552 372.469 401.184 0.634325 368.553 403.831 0.627389 342.482 401.13 0.774376 
390.686 171.495 0.885282 360.804 202.74 0.789719 365.967 204.066 0.835123 359.482 245.838 0.943498 369.834 283.739 0.854034 359.381 197.576 0.677102 0 0 0 0 0 0 352.887 274.579 0.70065 356.79 275.895 0.781462 368.536 329.356 0.813786 349.001 392.101 0.863227 350.306 271.983 0.609567 365.932 328.056 0.688279 356.805 378.984 0.785553 385.51 164.951 0.792732 0 0 0 371.22 171.41 0.895329 0 0 0 376.4 381.564 0.82213 371.234 377.71 0.778377 351.604 381.654 0.373467 373.798 401.2 0.650229 369.837 403.843 0.65537 342.473 399.867 0.764877 
390.802 171.525 0.938182 363.334 202.822 0.781149 368.569 204.152 0.86281 360.721 248.485 0.871512 369.807 286.286 0.86086 360.681 200.184 0.677827 0 0 0 0 0 0 351.627 275.891 0.71797 355.518 277.179 0.788355 369.863 329.455 0.843383 348.994 393.345 0.862613 350.288 274.607 0.625272 369.871 328.129 0.765112 358.085 379.009 0.808605 389.394 166.239 0.826196 0 0 0 373.769 171.445 0.873344 0 0 0 376.392 381.596 0.819428 371.224 378.98 0.788778 352.915 381.675 0.36576 373.784 401.225 0.667166 369.838 405.103 0.679473 342.448 399.893 0.794656 
394.641 174.116 0.871523 369.837 209.345 0.737716 369.877 213.237 0.881662 360.738 254.943 0.911962 369.901 291.555 0.861653 368.526 204.116 0.622042 0 0 0 0 0 0 352.899 278.483 0.707567 352.908 279.817 0.755659 373.765 330.757 0.789819 349.03 393.362 0.862223 352.884 277.193 0.607012 372.51 329.391 0.659127 359.419 380.265 0.815687 390.753 171.47 0.920897 0 0 0 377.713 176.685 0.837007 0 0 0 377.698 381.644 0.787526 372.518 380.27 0.766165 358.091 381.676 0.366634 373.774 402.463 0.722112 369.801 405.119 0.706634 342.472 399.885 0.780709 
394.689 178.017 0.8312 371.117 213.173 0.767179 371.136 213.288 0.879844 362.039 256.262 0.90643 373.807 296.744 0.82864 369.881 206.739 0.593201 368.557 248.484 0.050534 0 0 0 355.492 279.84 0.688206 351.631 283.717 0.750008 376.403 334.633 0.770289 349.036 393.333 0.856336 358.088 278.524 0.60905 380.264 330.713 0.706411 359.452 380.271 0.844874 390.799 172.777 0.904948 0 0 0 380.24 180.575 0.879246 0 0 0 378.981 381.665 0.867355 373.811 380.293 0.833968 358.092 382.893 0.410299 373.771 402.476 0.705609 368.576 405.13 0.686062 342.478 399.857 0.766486 
395.979 180.637 0.855377 371.204 213.278 0.815244 372.453 214.541 0.861103 365.93 256.296 0.891903 382.933 295.449 0.870878 371.161 211.921 0.675934 376.388 245.917 0.39056 384.223 266.811 0.764398 356.804 283.724 0.692302 354.209 285.049 0.745508 378.986 335.94 0.799451 349.029 393.383 0.859291 356.828 282.43 0.577008 380.302 329.434 0.733462 360.673 380.27 0.835891 392.02 174.119 0.877971 0 0 0 380.3 181.897 0.953718 0 0 0 379.012 382.901 0.828776 375.09 380.306 0.796545 358.101 381.685 0.387416 373.763 402.476 0.746433 368.573 405.127 0.720324 342.455 399.892 0.784317 
399.853 180.6 0.85087 372.454 213.194 0.816672 376.385 213.286 0.842108 371.134 255.033 0.938846 392.109 275.933 0.877011 369.885 209.333 0.714754 380.273 245.873 0.476052 390.753 264.152 0.579087 359.368 282.41 0.718561 359.403 284.999 0.774651 380.283 332.003 0.786896 349.027 393.384 0.857675 356.815 279.834 0.582957 380.328 328.128 0.779013 360.731 380.246 0.828983 392.118 174.072 0.856709 0 0 0 381.557 181.851 0.932404 0 0 0 380.262 381.653 0.85714 376.386 380.288 0.806324 359.376 381.679 0.430585 373.768 402.484 0.721776 369.809 406.393 0.706978 342.454 399.886 0.79492 
401.159 177.986 0.822042 372.458 208.021 0.753964 377.682 211.949 0.824078 375.071 254.998 0.858273 407.725 266.73 0.842983 369.849 204.12 0.734635 376.394 248.506 0.0850644 401.182 256.281 0.116346 359.461 279.81 0.755526 359.387 283.69 0.761885 377.666 330.745 0.771298 350.228 394.654 0.851679 360.762 278.498 0.64381 384.203 326.77 0.777337 360.772 378.961 0.824405 394.687 172.746 0.83388 0 0 0 381.677 178.025 0.858327 0 0 0 380.283 381.618 0.908727 376.413 380.253 0.828325 359.43 381.609 0.503902 373.778 402.498 0.721082 369.817 406.421 0.705214 343.737 401.141 0.79648 
401.208 172.781 0.903984 376.37 204.106 0.763118 378.955 205.432 0.833949 380.239 248.515 0.833015 412.907 254.954 0.817337 373.78 202.757 0.667084 381.605 244.541 0.199987 406.423 247.168 0.238978 360.764 277.17 0.78893 359.441 277.247 0.801625 371.19 330.732 0.798887 349.022 393.404 0.856375 364.658 275.904 0.68097 384.249 320.287 0.781615 363.333 372.469 0.796255 397.266 168.862 0.79714 0 0 0 382.957 172.807 0.894864 0 0 0 381.555 381.59 0.892204 379.018 378.981 0.822392 360.7 380.227 0.514462 373.792 402.508 0.741023 368.57 406.416 0.703512 342.463 401.122 0.795914 
402.532 170.167 0.874159 380.261 202.775 0.821044 379.002 204.058 0.844774 382.933 244.618 0.913673 418.133 243.25 0.807188 381.577 200.212 0.693276 389.465 235.449 0.374397 411.652 235.502 0.587079 364.659 275.838 0.784077 359.424 275.879 0.827978 362.034 334.602 0.805508 350.232 393.368 0.879385 371.162 274.608 0.777463 389.394 317.698 0.862579 369.809 368.576 0.862023 399.9 163.625 0.857703 0 0 0 386.847 170.169 0.842445 0 0 0 384.202 381.568 0.82609 382.9 377.707 0.806812 362.073 371.179 0.67748 373.799 402.514 0.756944 368.572 406.392 0.733091 343.78 401.118 0.788045 
411.642 163.625 0.918486 386.841 193.701 0.743829 388.147 194.97 0.833495 401.18 235.486 0.936379 431.169 221.067 0.816436 385.547 192.406 0.648217 401.235 230.205 0.339352 424.693 222.394 0.492002 369.858 266.778 0.811994 360.796 266.765 0.777912 358.144 328.039 0.839979 333.32 389.403 0.808634 376.38 266.816 0.726993 391.997 317.699 0.88819 393.39 371.164 0.86548 406.407 160.98 0.874107 0 0 0 392.084 163.673 0.90834 0 0 0 414.283 381.593 0.787777 414.252 378.997 0.762559 390.722 377.718 0.755779 351.646 402.463 0.781262 346.34 402.51 0.738572 328.08 390.806 0.86421 
412.875 167.552 0.880738 388.107 195.014 0.741031 390.757 197.573 0.836224 403.814 236.732 0.887328 431.187 217.149 0.811501 381.667 193.661 0.724775 403.788 231.525 0.350506 426.008 219.765 0.530545 369.919 268.099 0.781108 363.348 268.096 0.723123 358.067 329.373 0.825703 321.569 386.841 0.801065 377.706 269.365 0.711131 394.65 318.957 0.842442 401.242 373.809 0.864186 409.014 162.309 0.887083 0 0 0 393.395 166.259 0.851743 0 0 0 422.095 388.123 0.770753 422.079 381.634 0.787356 395.972 381.575 0.762875 339.838 405.095 0.787755 330.706 403.793 0.774375 316.361 389.449 0.844415 
412.91 175.419 0.890592 389.441 204.117 0.824786 392.104 205.459 0.855489 412.901 244.585 0.949719 432.445 217.182 0.803164 381.656 202.765 0.761497 410.316 232.834 0.403884 427.294 218.478 0.621145 372.47 277.21 0.746065 369.863 278.492 0.771277 350.326 339.802 0.869851 305.894 385.513 0.824111 379 277.196 0.671774 407.709 320.296 0.822396 402.45 381.594 0.913676 410.33 171.512 0.898603 0 0 0 397.281 174.109 0.841782 0 0 0 424.687 390.765 0.824094 423.356 388.111 0.752039 393.385 388.158 0.754318 318.925 410.341 0.902727 309.82 406.43 0.82233 296.736 385.519 0.844809 
412.935 181.945 0.915076 390.68 213.185 0.837907 393.357 214.499 0.884631 414.243 251.07 0.858347 431.188 224.938 0.874138 382.909 208.041 0.732077 410.306 235.47 0.390748 424.728 223.633 0.684658 376.365 286.286 0.739517 369.905 286.331 0.785467 351.572 342.433 0.826347 298.146 389.394 0.847618 381.597 286.276 0.698273 411.66 326.773 0.883511 402.46 381.653 0.907128 410.345 176.711 0.814074 0 0 0 399.845 181.916 0.87905 0 0 0 424.673 390.743 0.835659 422.116 388.122 0.765906 394.645 389.419 0.762927 316.306 411.579 0.889907 307.208 408.991 0.84322 290.248 389.412 0.830737 
414.227 191.056 0.813105 390.733 218.474 0.782324 392.098 221.098 0.842236 418.133 256.391 0.844434 431.228 226.311 0.841279 385.525 214.617 0.687256 411.62 245.87 0.360702 425.989 225.05 0.581097 377.677 292.874 0.724562 369.907 294.178 0.754054 350.31 350.274 0.878514 296.808 390.794 0.905358 382.905 291.574 0.681819 416.846 328.127 0.874919 402.466 381.661 0.91061 411.629 183.277 0.857403 0 0 0 399.882 188.443 0.829587 0 0 0 424.679 390.771 0.842663 423.321 389.397 0.770772 393.388 389.41 0.767811 315.058 411.573 0.851564 307.191 410.308 0.823016 287.621 392.004 0.89513 
415.531 197.609 0.7615 390.755 225.052 0.852525 394.694 227.605 0.795254 418.133 265.444 0.853628 431.191 235.389 0.842526 382.94 223.716 0.763413 411.614 252.392 0.269057 424.697 234.123 0.526416 377.671 298.05 0.762639 369.895 298.114 0.774637 354.189 359.386 0.832459 296.748 390.795 0.897612 382.903 296.809 0.726272 420.763 329.356 0.899966 402.472 381.666 0.901637 412.911 192.399 0.878966 0 0 0 401.216 194.954 0.907925 0 0 0 424.67 390.793 0.826905 423.323 389.418 0.755565 393.375 389.395 0.764653 313.738 410.306 0.798296 305.928 409.025 0.778242 286.366 391.998 0.897936 
419.44 213.287 0.895271 392.042 239.369 0.800632 397.245 243.27 0.798241 418.156 278.487 0.849269 427.319 249.792 0.80085 388.131 235.46 0.69426 412.912 266.78 0.340102 424.664 245.922 0.551607 373.778 308.521 0.748788 368.533 309.843 0.735046 360.751 371.227 0.876963 298.079 390.761 0.906461 381.63 307.236 0.708556 422.12 329.422 0.920779 402.476 382.904 0.900086 414.234 206.734 0.848262 0 0 0 402.435 210.625 0.886497 0 0 0 424.672 390.778 0.849768 423.322 389.405 0.775473 393.389 389.419 0.779188 312.454 410.32 0.815402 305.92 408.989 0.804893 287.691 390.71 0.859379 
420.742 218.462 0.833136 392.033 245.88 0.888057 401.136 249.783 0.822885 418.179 286.301 0.883593 428.594 255.02 0.845956 384.203 244.508 0.77626 409.016 271.974 0.199984 422.071 255.026 0.498362 373.767 315.047 0.714046 368.52 317.626 0.753811 364.666 380.247 0.832032 299.404 390.733 0.879776 381.616 311.149 0.665806 422.126 330.688 0.901136 402.471 382.897 0.898089 415.524 213.264 0.871715 0 0 0 402.517 214.623 0.911621 0 0 0 424.665 390.768 0.862059 422.116 389.393 0.785351 393.389 389.4 0.769519 312.431 410.323 0.81515 305.907 407.708 0.804511 291.553 389.427 0.794607 
422.028 225.034 0.928864 392.048 252.411 0.853868 399.894 256.273 0.856314 416.845 292.869 0.836282 428.616 262.828 0.831041 384.251 245.915 0.78005 410.292 278.483 0.289649 423.391 258.954 0.528959 371.218 318.958 0.722475 367.274 321.591 0.7041 367.274 384.22 0.806533 302.019 390.706 0.848899 380.311 317.621 0.622658 423.335 330.728 0.893612 402.487 381.656 0.89078 418.142 222.344 0.84392 0 0 0 403.804 223.682 0.900751 0 0 0 423.448 390.778 0.858621 422.11 389.415 0.786625 393.38 386.83 0.752663 312.425 410.346 0.815115 305.921 407.701 0.795139 295.437 388.106 0.757011 
422.123 236.714 0.949935 392.046 258.906 0.847351 397.287 265.382 0.823007 414.243 304.572 0.87687 427.285 273.253 0.814174 388.131 255.052 0.790964 409.024 286.324 0.305593 423.361 266.813 0.610792 371.205 326.784 0.718717 365.961 329.38 0.74388 371.165 392.019 0.892383 307.204 390.678 0.875531 380.309 321.574 0.616878 423.397 331.995 0.86974 402.492 381.669 0.88637 420.784 232.806 0.890783 0 0 0 406.392 232.808 0.831829 0 0 0 423.416 390.76 0.865974 422.068 389.407 0.787948 393.389 385.539 0.730619 312.439 411.614 0.865434 307.187 407.718 0.820285 298.106 384.206 0.757243 
422.113 243.246 0.892845 392.045 265.402 0.867347 397.285 266.803 0.832477 414.223 307.198 0.930819 425.998 275.918 0.875829 388.119 257.657 0.728887 410.329 290.276 0.278928 423.358 274.591 0.476558 372.471 328.137 0.723797 367.231 332.01 0.704167 371.113 394.689 0.840602 308.488 390.688 0.875649 380.346 325.474 0.631547 423.413 331.993 0.869683 402.515 381.656 0.891283 420.776 235.462 0.892901 0 0 0 406.398 236.731 0.845219 0 0 0 423.405 390.771 0.875798 422.073 389.415 0.799425 394.665 385.546 0.736788 312.418 411.691 0.867735 307.177 409.021 0.813028 300.689 382.919 0.752528 
422.116 245.842 0.960486 392.062 266.728 0.867537 395.964 269.367 0.808416 413.003 309.86 0.902244 425.994 277.237 0.865987 390.706 264.099 0.680924 411.619 291.577 0.302534 423.395 277.144 0.517082 372.502 329.424 0.727411 367.232 334.611 0.702353 369.868 399.858 0.843817 308.513 390.687 0.876292 381.599 328.038 0.673981 423.418 330.753 0.879094 402.519 381.651 0.8907 420.782 239.361 0.852152 0 0 0 406.421 239.355 0.813294 0 0 0 423.411 390.769 0.879147 422.083 389.411 0.803355 394.659 386.812 0.734901 312.423 412.888 0.858322 307.186 409.036 0.807709 300.716 382.906 0.766909 
423.398 247.227 0.913207 392.072 270.689 0.838638 399.862 277.142 0.860941 412.975 316.342 0.946172 425.978 283.723 0.838509 388.121 265.489 0.783968 407.727 292.881 0.200668 422.112 279.791 0.388297 371.179 334.636 0.693409 364.665 338.543 0.745749 369.845 402.476 0.867488 308.521 390.677 0.878957 380.299 329.447 0.630118 423.395 330.695 0.892604 402.485 381.667 0.896337 422.046 244.545 0.933099 0 0 0 408.987 245.851 0.877811 0 0 0 424.665 390.799 0.865714 423.322 389.439 0.80129 393.375 386.825 0.75519 311.149 412.878 0.881106 307.188 409.026 0.829084 302.014 381.668 0.785546 
424.664 251.082 0.859942 392.079 271.994 0.82961 398.591 277.151 0.846679 412.939 317.611 0.974243 425.968 286.298 0.878512 389.431 266.715 0.79008 407.729 296.756 0.269123 423.353 283.733 0.481953 371.178 334.639 0.68848 365.952 338.543 0.739516 369.891 402.471 0.874955 309.813 389.461 0.856921 380.282 329.455 0.614725 423.398 330.685 0.889369 402.49 381.662 0.905273 422.103 245.832 0.939554 0 0 0 410.281 245.947 0.878388 0 0 0 424.66 390.799 0.877316 423.325 389.427 0.804681 393.392 386.826 0.75564 311.118 411.693 0.879516 307.182 409.002 0.826494 304.603 381.642 0.802656 
424.657 248.462 0.891073 392.073 271.97 0.838522 398.578 277.142 0.840451 412.935 316.349 0.962352 426.004 284.981 0.84455 389.425 265.501 0.787639 410.321 296.794 0.231292 423.406 283.691 0.328078 371.19 333.326 0.691432 365.943 338.507 0.736217 369.864 402.438 0.866388 309.806 389.447 0.852629 380.296 329.413 0.632471 423.386 330.685 0.891515 402.496 381.671 0.897469 422.08 244.545 0.934793 0 0 0 408.986 245.889 0.87806 0 0 0 424.676 390.806 0.863625 423.339 389.436 0.800331 393.397 388.102 0.748924 311.139 412.876 0.882183 307.186 409.009 0.831223 304.592 381.63 0.795393 
423.433 247.209 0.906054 392.093 268.109 0.819081 395.974 274.558 0.823081 412.94 315.031 0.929422 427.275 282.398 0.832453 390.764 265.489 0.758406 410.315 296.734 0.214039 423.416 279.792 0.281734 372.451 332.006 0.706478 365.958 337.237 0.7332 369.88 401.156 0.85426 308.564 389.454 0.862601 380.338 329.367 0.65986 423.393 329.448 0.907776 402.48 381.666 0.896675 422.1 244.511 0.925815 0 0 0 410.275 244.578 0.887369 0 0 0 423.43 390.796 0.875834 422.11 389.425 0.801455 393.377 386.838 0.763252 311.16 411.67 0.878678 307.2 408.986 0.830752 303.295 381.654 0.783563 
423.363 243.217 0.887492 392.086 265.434 0.859474 395.988 268.036 0.833078 414.257 308.463 0.920998 427.27 275.941 0.878021 390.72 258.914 0.723545 411.594 291.573 0.267718 423.439 277.153 0.331071 372.495 326.816 0.715859 367.225 329.424 0.728542 369.878 393.409 0.839955 307.245 389.451 0.871795 381.604 321.588 0.65392 423.374 330.708 0.90221 402.486 381.641 0.893279 422.003 235.447 0.90412 0 0 0 406.408 236.788 0.838082 0 0 0 423.431 390.781 0.877426 422.099 389.412 0.801492 393.373 385.552 0.74368 311.15 411.636 0.874311 307.165 407.721 0.817953 299.388 382.906 0.779361 
422.11 236.754 0.905921 392.107 261.543 0.79197 394.687 265.45 0.853809 414.243 304.619 0.888101 428.604 273.297 0.836652 392.033 256.322 0.756018 411.628 290.24 0.295373 424.729 271.954 0.355735 372.485 326.773 0.717901 367.224 329.378 0.740899 369.908 392.069 0.884792 307.166 389.469 0.861152 381.598 320.318 0.653847 423.364 330.705 0.901802 402.485 381.661 0.887569 420.743 232.842 0.860914 0 0 0 406.403 234.143 0.880967 0 0 0 423.437 390.784 0.870107 422.103 389.415 0.797878 393.365 386.818 0.761989 311.113 411.599 0.858983 305.915 407.691 0.793984 298.086 382.958 0.750374 
422.113 232.801 0.91936 392.11 256.335 0.840494 397.27 261.517 0.796355 415.569 298.134 0.879575 428.6 266.806 0.8512 390.761 253.707 0.712211 411.625 286.306 0.446219 424.731 265.496 0.609 372.5 321.569 0.718028 367.269 326.782 0.734385 369.798 389.437 0.836059 305.895 389.441 0.836132 381.599 318.945 0.686409 423.347 330.719 0.900871 402.484 381.664 0.882229 419.476 225.05 0.880053 0 0 0 403.842 230.192 0.835303 0 0 0 423.428 390.777 0.862697 422.091 389.414 0.789827 393.376 386.85 0.744391 311.131 410.351 0.840055 305.915 406.399 0.804 296.801 384.218 0.746013 
420.774 223.633 0.890346 392.111 248.464 0.805604 399.891 254.964 0.830602 420.781 288.971 0.883073 431.191 257.613 0.85868 389.446 244.566 0.754642 411.627 274.573 0.319423 424.714 256.293 0.556119 372.511 316.335 0.713799 368.522 317.691 0.755911 368.524 380.31 0.855438 304.586 389.421 0.839826 381.604 312.434 0.636286 423.343 330.695 0.899179 402.488 381.667 0.892042 415.567 215.86 0.831714 0 0 0 402.526 221.055 0.865106 0 0 0 423.438 390.759 0.858293 422.095 388.157 0.782407 393.398 388.12 0.742775 311.126 410.35 0.852125 305.877 406.409 0.806466 295.492 384.246 0.776346 
419.483 214.6 0.879593 392.112 244.607 0.854056 399.871 247.196 0.809267 422.072 283.697 0.890506 432.473 249.786 0.82243 389.421 240.675 0.676252 412.957 268.093 0.160376 423.422 253.693 0.193965 373.794 309.862 0.721315 368.534 315.027 0.728849 367.223 373.779 0.804085 302.019 389.434 0.837075 381.654 308.522 0.69544 423.328 329.476 0.914674 402.502 381.654 0.896141 414.243 211.92 0.87704 0 0 0 402.471 214.521 0.937064 0 0 0 423.438 390.752 0.846409 422.096 388.156 0.772744 394.664 388.111 0.754511 311.126 410.325 0.850841 305.875 406.404 0.812956 295.428 385.539 0.763401 
419.428 208.048 0.806193 392.119 236.762 0.786491 399.846 241.942 0.768547 423.358 274.566 0.881584 433.781 240.659 0.782833 389.46 234.161 0.68503 419.444 266.734 0.220523 432.482 243.275 0.399317 376.38 307.189 0.747291 369.848 308.493 0.783658 365.923 369.791 0.818344 302.012 389.389 0.822102 382.922 305.9 0.673605 423.345 329.447 0.903509 402.504 381.647 0.90201 412.996 202.854 0.894202 0 0 0 402.445 205.464 0.890938 0 0 0 423.421 390.771 0.856996 422.091 389.411 0.773094 394.666 386.83 0.762755 311.133 410.32 0.843021 305.867 406.398 0.815197 295.417 385.519 0.751431 
418.168 202.817 0.876939 393.34 232.796 0.798129 399.889 234.168 0.824326 424.679 265.51 0.891956 433.791 235.436 0.845351 389.418 226.291 0.696652 420.741 258.942 0.264735 432.469 236.73 0.488325 378.985 300.72 0.723388 371.149 304.612 0.751069 363.35 360.781 0.839149 302.007 389.394 0.819598 385.534 299.393 0.665461 422.105 329.399 0.917404 402.526 381.635 0.895845 412.991 196.277 0.849372 0 0 0 401.234 201.482 0.892151 0 0 0 423.434 390.777 0.843313 422.1 389.417 0.76234 394.669 386.817 0.749671 311.15 410.341 0.85149 305.868 406.421 0.812526 295.421 385.548 0.758262 
418.154 183.238 0.853742 395.961 213.3 0.787862 401.224 214.595 0.848962 426.022 247.199 0.833852 435.103 221.069 0.828172 390.763 211.944 0.70462 422.042 240.66 0.315731 432.54 221.079 0.436783 381.642 287.615 0.794073 376.371 287.665 0.737408 359.476 345.053 0.831383 308.481 384.258 0.844316 390.737 287.597 0.749005 415.556 328.054 0.860748 402.519 381.604 0.896844 412.945 180.583 0.857988 0 0 0 401.19 183.249 0.907206 0 0 0 424.704 390.788 0.816526 423.353 389.425 0.757984 394.693 386.852 0.750007 313.759 411.562 0.867007 307.196 405.116 0.849419 298.112 382.936 0.807784 
416.868 164.95 0.672042 397.291 194.97 0.765193 402.552 196.284 0.833355 423.42 234.121 0.933838 435.108 206.735 0.827011 390.735 193.658 0.770013 418.138 228.886 0.202788 429.92 208.016 0.359877 382.921 269.382 0.732302 380.323 270.681 0.756663 363.321 328.076 0.837717 321.58 378.994 0.817817 389.453 270.664 0.666113 401.201 324.168 0.824745 402.464 377.681 0.863503 412.934 161.019 0.784292 0 0 0 402.466 164.938 0.86474 0 0 0 423.35 390.754 0.849535 423.341 385.544 0.783278 395.962 381.624 0.787354 332.049 402.516 0.790678 326.777 401.163 0.778412 316.335 378.977 0.821236 
420.778 159.698 0.858583 399.835 188.423 0.759708 403.821 189.759 0.845514 422.109 226.341 0.916731 433.881 202.83 0.907182 390.779 184.545 0.751069 412.935 217.171 0.169341 432.479 201.502 0.256426 381.657 262.824 0.729308 381.609 265.393 0.779491 368.52 320.287 0.806306 330.762 375.089 0.801472 384.237 261.519 0.574253 393.4 317.673 0.815273 397.289 371.148 0.843842 414.279 151.971 0.862778 0 0 0 402.507 159.677 0.875172 0 0 0 415.555 385.55 0.724084 415.555 381.585 0.73769 392.002 375.105 0.745434 345.077 397.289 0.763105 338.498 393.383 0.774116 326.786 377.673 0.77727 
422.072 151.882 0.928402 399.866 181.953 0.799369 402.559 183.238 0.882012 422.06 223.687 0.957917 433.89 201.448 0.875117 392.077 180.614 0.723881 416.845 211.933 0.16035 432.496 194.97 0.322943 381.637 256.332 0.757392 381.607 257.644 0.772551 371.17 317.704 0.835268 342.477 375.095 0.797657 382.931 255.041 0.604239 390.786 311.128 0.760216 385.518 369.82 0.816697 416.862 148.002 0.829211 0 0 0 403.791 151.91 0.911594 0 0 0 402.506 382.941 0.737711 402.486 380.321 0.736793 380.287 372.465 0.746856 358.133 394.685 0.75402 350.236 393.344 0.745179 338.486 378.977 0.788259 
423.412 147.957 0.898255 401.195 179.274 0.765607 403.774 180.613 0.854067 416.871 222.344 0.846557 435.105 194.982 0.840703 397.278 174.09 0.696664 419.471 211.96 0.338649 433.805 193.654 0.408489 380.334 253.698 0.756021 381.663 255.042 0.798097 388.122 311.129 0.786683 368.555 372.493 0.71048 377.68 249.789 0.565563 380.351 309.821 0.800864 359.398 360.701 0.778049 420.768 141.474 0.916699 0 0 0 406.415 147.951 0.82259 0 0 0 373.818 381.635 0.124865 0 0 0 350.25 363.359 0.632857 385.554 393.341 0.693614 379.001 393.335 0.647024 360.74 377.682 0.627955 
423.453 149.259 0.890989 401.142 179.312 0.75671 402.533 181.862 0.880356 415.545 222.391 0.879305 433.888 196.301 0.835871 394.688 174.117 0.671289 418.14 211.946 0.292813 432.527 193.697 0.380162 380.335 255.002 0.795323 382.954 256.316 0.768046 390.77 316.342 0.847397 381.635 379.013 0.842875 375.109 252.414 0.62612 379.008 309.833 0.813411 342.459 356.79 0.785117 422.021 141.533 0.906081 0 0 0 409.002 149.267 0.845253 0 0 0 352.907 380.264 0.627722 350.277 376.376 0.531601 337.219 359.353 0.737392 402.48 394.644 0.707216 393.382 394.649 0.701776 377.675 381.629 0.790768 
424.658 151.85 0.89613 399.887 181.904 0.81518 402.554 183.221 0.889397 413.003 224.956 0.939039 433.868 201.505 0.887613 392.115 179.287 0.717762 414.257 211.958 0.161776 431.179 194.989 0.209108 380.298 256.344 0.784252 385.534 258.936 0.716085 393.395 317.672 0.819399 394.677 380.362 0.844607 372.479 255.003 0.695394 373.811 309.832 0.796961 334.643 351.588 0.804375 422.074 146.671 0.852212 0 0 0 410.287 150.604 0.895296 0 0 0 338.488 378.966 0.66237 333.344 375.107 0.575927 326.788 352.908 0.766704 418.157 393.39 0.704292 411.613 395.962 0.722196 390.752 384.254 0.777756 
423.448 163.634 0.869859 401.157 193.628 0.83786 403.776 194.953 0.862955 413 235.436 0.934083 433.812 211.918 0.886623 393.404 192.328 0.742589 414.238 227.599 0.198518 431.196 205.453 0.250599 381.59 266.815 0.779032 388.11 270.656 0.710216 406.393 326.791 0.782196 411.587 389.468 0.835784 376.377 265.475 0.644382 362.066 317.701 0.84009 320.294 359.357 0.808286 422.061 159.732 0.876277 0 0 0 409.033 162.293 0.880239 0 0 0 320.311 381.641 0.613267 317.702 380.342 0.587662 316.309 359.427 0.72587 433.779 401.177 0.705018 429.876 402.47 0.755357 403.824 392.128 0.821244 
423.428 172.847 0.884002 398.552 201.474 0.755548 402.503 202.818 0.881822 415.539 244.603 0.891346 433.838 215.851 0.880004 392.02 196.295 0.721174 414.241 234.104 0.186599 429.886 213.279 0.330113 380.339 275.918 0.790113 389.412 278.481 0.74101 412.994 329.402 0.874737 406.389 392.028 0.828646 372.461 274.568 0.683511 359.475 326.76 0.839733 318.904 363.338 0.827544 422.081 170.12 0.845747 0 0 0 410.329 171.418 0.871146 0 0 0 318.926 390.688 0.77563 316.336 388.133 0.657529 309.81 365.961 0.732059 433.773 401.199 0.777807 425.985 402.533 0.822162 401.144 397.268 0.809399 
423.374 183.181 0.800388 395.973 210.642 0.766774 402.541 213.274 0.868798 419.47 255.012 0.884097 433.853 223.723 0.91464 389.449 204.168 0.743515 415.537 236.749 0.174382 429.888 222.396 0.326316 381.559 286.342 0.7909 390.732 287.682 0.766785 420.785 337.19 0.852101 407.704 392.053 0.840852 371.201 284.991 0.693895 359.434 332.03 0.83933 313.758 369.867 0.82005 422.023 176.687 0.747523 0 0 0 410.329 180.619 0.859067 0 0 0 316.368 390.685 0.772347 313.743 389.396 0.703386 305.919 369.9 0.767195 432.51 401.181 0.840935 424.712 402.499 0.890607 401.162 398.55 0.817042 
427.311 210.616 0.785738 401.157 236.782 0.778454 402.543 241.944 0.83756 422.094 279.792 0.896276 433.853 247.184 0.881337 395.955 235.412 0.706129 416.852 266.741 0.190632 427.314 245.874 0.249768 372.509 307.249 0.771694 380.268 308.559 0.748001 429.918 339.806 0.882494 407.728 392.078 0.841958 369.809 305.898 0.655069 365.952 359.46 0.87118 305.932 371.209 0.845571 423.413 204.084 0.884951 0 0 0 411.688 205.462 0.883659 0 0 0 313.725 390.712 0.7794 312.459 388.111 0.720449 296.754 371.132 0.788324 432.503 401.203 0.840447 424.697 402.519 0.872647 401.157 397.287 0.833687 
429.886 215.906 0.831395 399.902 244.616 0.822971 402.517 247.185 0.855596 422.113 287.655 0.939666 433.824 255.03 0.908996 394.646 241.95 0.685733 416.863 275.871 0.220111 429.906 256.274 0.289753 372.478 315.022 0.730205 375.086 317.629 0.740112 431.195 339.878 0.72189 406.405 392.114 0.583739 368.575 309.837 0.564729 368.513 365.967 0.658966 307.218 371.237 0.540143 424.671 213.197 0.869109 0 0 0 412.876 214.543 0.932021 0 0 0 315.052 390.769 0.52917 316.305 389.448 0.450956 296.76 371.13 0.397548 432.467 402.462 0.691269 424.667 402.564 0.652969 401.138 398.602 0.636751 
429.884 224.971 0.896789 399.883 252.414 0.774764 402.516 255.05 0.884467 422.082 294.183 0.895773 432.575 260.217 0.877025 393.368 245.926 0.737139 414.247 278.489 0.190059 425.994 258.911 0.342574 371.218 318.919 0.778733 378.993 319.016 0.731215 432.508 339.92 0.898007 407.688 392.085 0.82869 367.246 316.375 0.653416 368.549 371.171 0.888161 307.22 372.453 0.821895 424.712 219.774 0.834595 0 0 0 412.901 222.352 0.901229 0 0 0 311.164 390.781 0.795767 313.741 389.426 0.752554 298.033 369.902 0.82077 432.484 401.224 0.843994 424.68 402.53 0.880297 401.125 397.263 0.836296 
432.471 235.444 0.885754 399.864 261.544 0.756934 402.516 265.439 0.878538 422.084 304.628 0.921283 432.509 271.991 0.897021 393.361 256.307 0.74901 412.975 287.62 0.147244 425.978 269.362 0.157113 372.469 328.078 0.716574 371.163 329.442 0.813732 369.914 380.332 0.899631 309.84 372.473 0.840797 377.678 325.505 0.477465 432.556 341.137 0.883968 408.988 392.099 0.836712 429.874 230.208 0.791783 0 0 0 414.246 234.084 0.896791 0 0 0 432.523 402.555 0.843195 431.183 401.199 0.784035 399.892 397.278 0.767501 316.32 392.063 0.816824 309.81 390.698 0.838086 303.288 369.862 0.807834 
432.519 239.326 0.87102 401.131 265.419 0.817791 403.783 266.832 0.854071 422.092 308.511 0.952499 432.496 275.905 0.955428 393.4 257.63 0.705019 412.935 290.253 0.12331 423.353 275.833 0.182395 373.774 329.421 0.718176 369.905 332.029 0.773862 371.141 381.68 0.898716 312.436 371.183 0.846744 380.324 328.129 0.589174 432.551 341.177 0.884134 407.734 392.08 0.856018 428.615 234.157 0.881174 0 0 0 413.012 236.737 0.910739 0 0 0 432.509 403.778 0.856338 431.181 401.201 0.806954 399.868 397.251 0.763335 316.304 392.054 0.857766 308.581 389.446 0.845749 307.167 368.518 0.807978 
432.495 244.602 0.913525 401.157 266.789 0.850333 405.124 271.995 0.804435 422.054 309.879 0.914896 432.492 277.26 0.933142 393.344 264.171 0.759382 412.964 295.485 0.179149 424.716 277.172 0.301845 375.069 330.736 0.708879 369.906 335.915 0.775013 371.175 386.822 0.856784 315.05 371.198 0.845793 381.589 329.414 0.622984 432.537 341.195 0.881621 407.721 392.071 0.858601 429.915 238.032 0.813462 0 0 0 414.272 241.923 0.841575 0 0 0 432.495 402.556 0.866274 431.162 401.191 0.805223 399.851 395.978 0.747124 315.05 392.053 0.863005 308.562 389.415 0.847877 308.483 367.253 0.784907 
432.559 247.205 0.912371 401.159 269.366 0.813574 405.092 275.908 0.844561 422.078 317.589 0.937667 432.487 282.431 0.881842 393.36 265.431 0.797054 411.6 295.488 0.218673 424.686 278.54 0.303162 371.164 335.928 0.686455 371.132 338.585 0.796249 371.168 389.423 0.878931 316.36 372.503 0.82682 373.77 330.73 0.454164 432.558 341.204 0.855772 407.705 392.072 0.835369 431.203 244.51 0.900437 0 0 0 414.272 244.595 0.909656 0 0 0 432.488 402.556 0.823264 431.184 401.203 0.776589 399.86 395.975 0.719748 313.757 392.087 0.784333 309.806 390.681 0.81445 308.527 368.561 0.785627 
432.565 247.217 0.914874 401.126 270.686 0.788626 403.8 275.938 0.865767 422.064 317.587 0.921134 432.487 285.026 0.904375 393.354 265.475 0.799514 411.622 298.052 0.209083 423.408 279.818 0.386749 369.901 337.253 0.737583 371.205 339.837 0.805899 371.16 389.433 0.836926 317.617 373.788 0.736619 363.358 333.306 0.539776 433.771 341.169 0.744063 407.724 392.067 0.686104 431.197 244.527 0.912308 0 0 0 414.261 244.625 0.920342 0 0 0 432.493 402.481 0.655882 431.162 401.152 0.57603 399.849 395.983 0.506541 313.732 392.073 0.705864 309.837 389.464 0.732788 308.52 369.801 0.733543 
432.572 247.211 0.91994 399.903 271.964 0.776703 402.549 275.922 0.883025 422.045 317.614 0.935401 432.479 286.282 0.918537 393.382 265.506 0.785859 412.911 298.062 0.233131 423.433 279.84 0.437018 371.21 337.232 0.714267 371.169 339.835 0.806972 371.172 389.459 0.887029 317.629 373.767 0.813881 373.779 332.039 0.488434 433.781 342.433 0.83719 407.73 392.089 0.801991 431.192 244.525 0.907896 0 0 0 414.256 245.833 0.921209 0 0 0 432.501 402.52 0.832947 431.174 401.178 0.764317 399.881 397.26 0.675952 312.46 392.072 0.747486 308.594 389.46 0.790807 308.571 369.796 0.778183 
432.541 247.207 0.9115 399.897 270.674 0.777116 402.542 275.925 0.884804 422.041 317.614 0.939539 432.487 285.017 0.908681 393.371 265.465 0.784134 411.647 298.053 0.210354 423.436 279.831 0.358265 372.469 337.207 0.695254 371.149 339.82 0.799074 371.172 389.443 0.877062 317.61 373.759 0.825321 377.683 332.029 0.490356 433.792 341.194 0.853676 407.734 392.092 0.82608 431.156 244.517 0.903012 0 0 0 413.005 244.619 0.947832 0 0 0 432.483 402.559 0.847415 431.176 401.206 0.804768 399.888 397.254 0.724763 313.73 392.07 0.761925 308.59 389.454 0.801806 308.564 369.808 0.793981 
431.187 243.262 0.868786 401.176 268.062 0.794153 401.218 271.97 0.832307 422.012 309.879 0.904842 432.486 278.503 0.91267 401.179 265.485 0.715407 416.858 295.46 0.350585 429.894 275.938 0.487269 375.099 332.008 0.716155 369.884 335.922 0.791271 371.185 386.808 0.856208 312.461 371.243 0.824399 381.625 329.444 0.668279 432.568 341.16 0.889643 408.99 392.088 0.851776 424.732 235.474 0.860231 0 0 0 412.9 241.939 0.890331 0 0 0 432.507 403.775 0.861478 431.171 401.203 0.811383 399.879 397.271 0.759219 315.021 392.083 0.818871 308.561 390.688 0.849499 307.205 368.55 0.805642 
431.163 238.059 0.841675 399.854 265.466 0.800146 402.453 268.059 0.855651 422.056 308.49 0.942233 432.466 275.939 0.930738 393.402 258.939 0.681729 414.23 290.245 0.199977 424.698 275.835 0.320581 372.482 329.446 0.727919 371.152 333.326 0.784126 371.21 381.675 0.870121 315.028 372.517 0.796221 378.983 328.122 0.544831 432.558 341.145 0.871868 408.988 392.1 0.827924 424.695 234.136 0.900633 0 0 0 411.693 235.509 0.922868 0 0 0 432.517 403.782 0.844327 431.181 401.221 0.787239 399.905 397.285 0.742991 315.029 393.357 0.731307 309.803 390.749 0.787531 307.205 369.827 0.79347 
428.596 235.378 0.909336 398.571 264.128 0.766742 402.443 266.705 0.896531 422.049 305.862 0.910286 432.483 271.988 0.881715 393.37 256.388 0.729725 414.257 287.663 0.205622 425.989 270.659 0.255515 373.8 328.094 0.714808 371.151 329.438 0.809438 371.179 381.558 0.90393 309.848 372.452 0.839554 380.316 326.802 0.561597 432.531 339.924 0.890296 408.994 392.094 0.851007 423.427 230.201 0.863138 0 0 0 411.601 234.101 0.926738 0 0 0 432.53 403.785 0.859614 431.192 401.21 0.804984 399.902 397.281 0.798142 315.02 392.075 0.790761 308.535 390.697 0.836427 304.577 369.823 0.788607 
424.727 224.98 0.919299 398.567 254.986 0.780975 401.208 256.369 0.870927 422.122 296.707 0.921296 432.441 262.852 0.883677 393.373 248.465 0.686007 412.925 278.541 0.166813 426.001 260.226 0.200542 371.215 321.56 0.758819 376.404 325.467 0.707346 432.53 339.905 0.908548 407.71 392.088 0.83068 368.526 318.982 0.644739 371.159 371.236 0.879713 311.138 372.526 0.788208 422.111 221.091 0.887176 0 0 0 409.028 224.932 0.878022 0 0 0 311.125 392.054 0.719721 312.454 390.74 0.708101 300.705 369.91 0.756476 432.487 401.212 0.841757 424.693 402.517 0.879753 401.156 397.276 0.843046 
423.434 222.35 0.900414 401.165 247.196 0.785672 401.136 251.108 0.808905 422.133 287.713 0.922072 432.467 256.306 0.909687 402.464 245.826 0.703125 420.732 277.194 0.179009 428.619 255.022 0.187227 375.066 317.666 0.764053 377.693 318.947 0.754411 432.528 339.91 0.866424 407.708 392.057 0.772501 372.456 316.367 0.623257 369.915 369.881 0.891553 309.816 372.504 0.769522 422.022 214.592 0.913728 0 0 0 407.718 218.462 0.817382 0 0 0 311.161 392.025 0.725254 313.727 390.732 0.70153 299.392 371.147 0.760439 432.467 401.241 0.817616 425.969 402.511 0.81128 401.159 395.963 0.805407 
423.335 214.548 0.942022 398.576 244.544 0.760316 401.167 245.911 0.852607 423.416 282.41 0.863862 432.533 248.463 0.865851 394.671 238.046 0.637182 416.857 268.079 0.114435 429.9 247.191 0.136014 378.963 315.033 0.724122 380.277 316.359 0.716156 432.548 339.868 0.835759 406.408 392.063 0.640942 373.796 312.43 0.580525 369.854 365.946 0.797619 308.556 372.5 0.666541 420.724 210.638 0.849525 0 0 0 405.116 214.508 0.872837 0 0 0 313.754 392.028 0.663611 315.045 390.76 0.618966 298.104 371.155 0.619832 431.22 402.466 0.716765 424.72 402.53 0.685406 401.144 397.249 0.689387 
423.332 206.73 0.885551 398.571 236.763 0.753924 402.49 240.662 0.815517 425.998 275.865 0.856579 432.548 243.216 0.851785 392.065 235.381 0.73833 420.759 265.469 0.177687 431.174 240.668 0.279328 377.707 308.525 0.75118 382.934 309.841 0.709138 432.555 339.887 0.91352 407.689 392.079 0.839458 369.904 307.206 0.686794 369.808 359.469 0.922643 308.518 372.493 0.839104 420.72 202.819 0.887172 0 0 0 405.086 205.458 0.839885 0 0 0 312.433 392.02 0.771113 312.438 390.712 0.748461 298.115 371.176 0.80433 432.491 401.213 0.851578 424.709 402.52 0.884521 401.134 397.252 0.847205 
422.05 192.352 0.865783 399.866 224.966 0.827475 403.807 225.062 0.834476 432.503 258.956 0.877417 433.88 224.971 0.863378 392.017 223.645 0.781575 422.043 247.178 0.247962 431.205 226.291 0.412542 381.592 298.076 0.804069 390.715 299.395 0.748263 432.534 339.798 0.920663 407.708 392.1 0.831957 372.496 296.769 0.70883 368.509 345.058 0.813183 312.448 371.123 0.835072 415.525 185.867 0.788068 0 0 0 402.518 193.66 0.913867 0 0 0 309.867 390.758 0.808758 312.436 390.682 0.782351 305.866 369.868 0.785394 432.495 401.213 0.830637 425.97 402.527 0.861683 401.138 397.297 0.8292 
422.038 183.225 0.87539 401.175 215.845 0.818001 405.117 217.19 0.787815 432.562 251.089 0.877787 435.12 218.445 0.827147 392.096 214.497 0.783054 420.774 238.063 0.218984 428.615 219.756 0.375074 384.201 292.845 0.721932 392.086 295.472 0.747823 431.231 338.572 0.889031 408.989 392.083 0.839275 376.406 288.957 0.665967 362.071 338.498 0.847137 317.651 371.114 0.869385 414.28 180.574 0.814304 0 0 0 402.539 184.553 0.883493 0 0 0 317.614 390.752 0.703515 313.75 390.693 0.637084 308.532 371.151 0.790783 432.527 401.219 0.83508 426.004 402.532 0.849229 401.162 397.281 0.821861 
422.121 168.862 0.84848 401.226 201.448 0.867679 411.661 202.741 0.872956 432.555 235.398 0.947695 436.413 204.129 0.880749 390.771 196.309 0.772885 397.289 234.103 0.0829011 0 0 0 388.126 277.155 0.747088 397.285 278.533 0.712964 419.449 329.472 0.824802 410.3 390.776 0.874957 377.709 274.581 0.686285 367.228 318.987 0.833516 330.759 363.324 0.791094 418.146 162.361 0.82888 0 0 0 405.115 168.867 0.817811 0 0 0 341.185 380.313 0.570513 338.551 380.269 0.473434 328.035 368.552 0.812623 433.776 401.204 0.820576 426.007 402.504 0.856838 402.462 394.674 0.846889 
423.432 160.968 0.850194 403.783 192.36 0.866053 412.909 193.643 0.899984 433.77 227.619 0.890258 439.022 200.181 0.822848 394.687 191.034 0.756036 401.172 224.996 0.105968 0 0 0 389.443 266.777 0.754054 398.577 270.658 0.705141 405.131 330.691 0.781202 410.345 389.461 0.856399 380.277 265.426 0.709092 368.578 316.317 0.814179 342.468 365.933 0.779271 420.776 153.204 0.831523 0 0 0 409.016 160.97 0.852234 0 0 0 359.361 378.988 0.673838 354.203 376.394 0.534531 338.545 369.879 0.842613 432.502 401.139 0.756067 425.995 401.2 0.816748 403.819 392.115 0.835827 
427.297 151.976 0.853929 405.09 183.289 0.827848 413.006 187.141 0.836125 433.827 223.691 0.933689 441.615 192.38 0.909397 397.282 181.945 0.793068 403.808 214.578 0.118336 429.89 192.338 0.16123 389.466 258.954 0.741598 398.568 264.139 0.721584 399.835 321.565 0.757735 402.519 382.897 0.85064 380.303 256.317 0.715904 371.225 312.436 0.789981 355.515 364.669 0.769467 423.326 150.548 0.894645 0 0 0 411.583 153.241 0.896164 0 0 0 369.875 380.249 0.684413 365.958 376.369 0.542832 350.277 369.888 0.810349 426.013 393.4 0.699442 422.016 397.273 0.734505 399.902 389.448 0.772686 
431.203 147.962 0.859819 407.726 178.018 0.759474 415.522 179.323 0.834019 433.881 218.445 0.868256 442.89 187.143 0.873746 399.907 174.126 0.740988 418.161 205.432 0.0989423 432.525 184.543 0.106629 390.725 255.01 0.756123 393.386 256.355 0.732647 389.409 317.632 0.787758 375.109 377.668 0.749115 382.944 252.4 0.609848 385.508 316.356 0.705957 381.599 369.866 0.809241 424.664 141.475 0.90405 0 0 0 412.888 147.979 0.896423 0 0 0 402.527 377.683 0.72311 401.13 372.467 0.674915 377.685 376.38 0.328293 397.267 389.462 0.601067 390.737 392.071 0.564225 369.884 381.62 0.790069 
431.211 150.54 0.89215 408.993 181.847 0.821113 418.133 181.883 0.853986 435.155 221.088 0.846394 442.948 189.733 0.853318 399.879 179.306 0.751609 418.143 206.732 0.105824 435.135 184.57 0.204105 390.792 256.337 0.757579 393.337 258.929 0.723021 378.967 318.931 0.812929 347.633 373.802 0.796001 388.137 255.007 0.576659 402.465 313.732 0.774498 403.855 369.904 0.844254 424.695 142.787 0.858707 0 0 0 412.919 150.519 0.922114 0 0 0 424.713 380.332 0.793257 423.437 377.693 0.729674 401.172 375.105 0.728942 359.381 394.669 0.763704 350.276 392.092 0.777888 339.812 376.406 0.783738 
431.224 151.884 0.878136 407.73 183.242 0.845506 418.136 184.53 0.830716 437.741 224.96 0.860785 442.969 192.315 0.897494 398.554 181.961 0.791545 410.327 214.581 0.109659 436.442 191.07 0.176805 392.103 260.231 0.705328 393.36 264.136 0.719587 371.232 318.99 0.827517 335.909 372.471 0.813495 392.061 257.634 0.536854 411.561 317.674 0.837364 413.012 372.461 0.852998 424.714 147.954 0.808633 0 0 0 412.933 151.916 0.932838 0 0 0 435.169 386.827 0.751315 435.125 381.606 0.774348 410.308 380.272 0.754242 345.06 399.839 0.743456 338.497 393.382 0.756499 328.099 373.758 0.777453 
429.913 160.991 0.766771 407.712 192.303 0.83921 418.146 192.36 0.838885 436.463 228.933 0.808552 442.954 198.867 0.85468 398.55 191.015 0.760036 403.816 223.656 0.102157 0 0 0 392.083 265.487 0.719608 393.395 268.075 0.707266 368.555 322.903 0.766384 326.779 373.817 0.800442 390.739 262.844 0.540224 418.168 318.931 0.842947 420.794 378.962 0.834327 423.447 153.202 0.799024 0 0 0 412.899 159.709 0.866199 0 0 0 441.632 392.055 0.7874 440.359 389.441 0.752031 412.939 381.643 0.776117 332.035 402.444 0.781307 326.788 398.598 0.714571 317.694 373.802 0.763007 
429.881 177.987 0.679007 406.432 205.463 0.789834 415.573 209.309 0.784858 439.015 244.607 0.857012 442.88 213.216 0.829086 398.563 204.127 0.778322 422.05 228.916 0.152095 433.807 213.191 0.297734 394.659 279.814 0.675305 392.105 283.705 0.709389 360.775 338.539 0.829631 309.865 380.316 0.846027 399.863 279.812 0.534854 431.208 328.098 0.889354 420.778 386.84 0.850275 423.436 171.52 0.778263 0 0 0 412.937 175.399 0.854115 0 0 0 442.978 398.57 0.832335 442.898 393.341 0.815779 411.663 392.021 0.828417 315.023 409.023 0.78089 307.191 402.527 0.766487 304.588 380.236 0.774507 
427.294 184.536 0.457819 405.132 214.543 0.81361 412.968 215.896 0.841372 436.411 254.943 0.863033 442.926 223.664 0.8628 399.858 213.24 0.762699 422.082 235.46 0.160697 433.808 219.773 0.311367 395.97 288.985 0.69376 392.017 290.271 0.727811 360.732 347.7 0.837968 308.478 386.81 0.843661 401.224 288.971 0.666919 432.567 329.476 0.89474 420.74 388.134 0.852531 423.389 181.856 0.572762 0 0 0 412.933 184.539 0.859051 0 0 0 442.978 398.564 0.836324 441.653 393.346 0.809253 411.635 392.03 0.841124 309.802 411.598 0.850925 304.575 405.136 0.753223 299.397 384.208 0.771346 
429.881 196.286 0.467688 407.735 224.992 0.814914 414.282 226.326 0.800482 436.41 265.4 0.870849 442.886 234.082 0.861368 401.125 223.657 0.788711 422.045 244.587 0.270176 432.544 226.276 0.535469 392.098 298.11 0.727643 389.459 299.43 0.720928 363.336 359.352 0.815636 304.623 386.826 0.806929 401.137 298.071 0.650939 436.41 330.72 0.850549 420.721 388.159 0.844985 424.678 192.363 0.610706 0 0 0 413.004 194.957 0.863115 0 0 0 442.978 398.57 0.820176 441.634 393.362 0.775463 411.612 392.019 0.852009 307.261 411.567 0.878254 299.402 405.116 0.795015 296.727 382.939 0.782367 
432.533 211.947 0.860093 409.041 241.946 0.762482 414.243 244.512 0.843912 433.834 278.558 0.896909 441.675 245.918 0.88171 402.463 236.75 0.730292 423.399 265.458 0.141996 432.473 245.827 0.296912 390.786 309.852 0.731794 382.94 313.735 0.717063 360.724 371.214 0.890073 296.798 389.434 0.865166 399.905 308.565 0.672154 439.026 334.626 0.816802 419.474 388.152 0.843128 429.883 205.404 0.825001 0 0 0 419.448 210.615 0.824738 0 0 0 442.965 397.262 0.824525 441.615 392.114 0.791879 411.599 392.02 0.861604 305.937 410.342 0.847702 298.092 406.418 0.824909 287.621 385.521 0.816355 
433.782 215.904 0.894424 410.289 245.927 0.787809 414.236 249.777 0.80064 433.834 287.617 0.933826 442.892 254.992 0.882074 402.481 244.565 0.727765 425.994 271.967 0.135061 436.438 255.003 0.214618 392.014 316.34 0.746588 384.205 317.659 0.756346 360.703 376.411 0.848522 296.728 389.459 0.868874 399.903 315.043 0.654181 440.353 334.63 0.826723 420.727 388.136 0.84649 431.205 213.238 0.892901 0 0 0 419.427 215.84 0.851857 0 0 0 442.991 397.253 0.819392 441.637 392.111 0.79728 411.615 392.003 0.843254 305.929 410.336 0.84414 298.075 406.431 0.813035 286.344 386.824 0.817697 
436.434 230.214 0.838559 409.033 256.388 0.834725 418.157 264.104 0.803106 433.808 298.108 0.947024 440.342 265.485 0.89934 401.145 254.995 0.792453 412.954 281.11 0.18548 427.307 265.48 0.353064 389.465 322.904 0.685385 382.958 328.059 0.744271 360.716 388.123 0.848396 296.719 390.701 0.846464 397.275 320.283 0.556276 441.636 335.934 0.857602 420.744 389.402 0.857122 433.778 224.953 0.937722 0 0 0 422.001 226.327 0.883777 0 0 0 442.922 397.269 0.812497 440.331 392.122 0.779724 411.641 392.017 0.825997 305.891 411.612 0.840674 298.059 409.001 0.799671 286.365 386.82 0.791764 
436.463 235.379 0.90002 410.278 264.12 0.818411 416.862 266.78 0.845277 433.771 304.617 0.915855 441.603 268.085 0.869749 401.191 256.359 0.790949 412.961 283.727 0.13734 426 266.82 0.210653 388.122 328.076 0.692425 382.902 330.696 0.748475 360.772 390.798 0.894365 296.779 390.717 0.858946 394.651 325.463 0.496918 441.666 334.626 0.854303 420.782 389.407 0.867746 433.845 230.205 0.868767 0 0 0 422.05 232.839 0.911962 0 0 0 442.925 397.266 0.81129 440.34 392.123 0.78268 411.667 392.018 0.814561 304.613 411.633 0.82608 298.04 409.001 0.795016 287.638 385.537 0.761264 
436.46 236.773 0.82663 409.005 265.484 0.845465 414.295 269.352 0.808293 432.537 308.561 0.949446 441.615 275.828 0.878701 401.189 260.23 0.754759 414.267 287.633 0.182784 431.197 274.544 0.362782 388.128 329.36 0.684996 382.895 332.029 0.734137 362.05 392.11 0.858899 296.806 390.733 0.874261 395.945 326.772 0.505435 441.658 333.327 0.853848 420.748 389.457 0.878433 433.824 234.103 0.899385 0 0 0 422.097 235.49 0.932458 0 0 0 442.938 397.288 0.816615 440.348 393.349 0.777359 411.662 392.074 0.83248 305.878 411.624 0.842041 298.07 408.999 0.805256 287.664 386.82 0.770754 
440.363 245.913 0.889951 410.325 273.247 0.811879 415.563 277.217 0.82805 433.77 317.621 0.950745 440.319 279.805 0.833548 402.472 265.47 0.818028 415.54 294.153 0.137194 428.605 277.222 0.242373 386.829 334.61 0.643425 381.638 338.563 0.771707 362.027 401.133 0.86644 299.375 390.735 0.87128 394.647 329.434 0.503589 441.639 330.76 0.84712 420.766 389.462 0.881991 435.154 243.243 0.880415 0 0 0 423.372 244.605 0.958016 0 0 0 442.944 397.262 0.802178 440.356 393.339 0.773054 411.68 392.095 0.831848 305.865 412.91 0.88016 298.085 410.317 0.828709 292.867 384.221 0.761624 
441.638 247.159 0.895188 411.579 274.575 0.855375 420.736 279.799 0.814229 433.766 318.93 0.945223 440.348 283.739 0.832479 401.234 266.714 0.805708 412.888 268.077 0.0574619 0 0 0 382.922 337.216 0.644743 381.668 339.871 0.761758 362.028 401.172 0.875215 299.41 390.739 0.86376 386.823 330.704 0.428313 441.629 330.761 0.825444 420.789 389.452 0.880014 435.172 244.507 0.892226 0 0 0 423.387 245.884 0.949446 0 0 0 442.951 395.988 0.784354 440.361 393.335 0.759867 412.905 392.084 0.823034 305.867 412.925 0.878956 298.09 410.324 0.822148 294.163 384.207 0.7614 
441.667 247.202 0.857478 411.61 275.864 0.882024 420.786 281.111 0.81547 433.771 318.992 0.939577 440.319 285.01 0.838698 402.458 266.809 0.777427 416.867 296.763 0.145772 431.184 279.819 0.226294 384.213 337.226 0.640387 381.664 339.888 0.752858 360.804 401.236 0.891066 299.428 390.731 0.856777 389.449 330.718 0.438771 441.634 332.026 0.815079 420.788 389.454 0.879559 436.442 244.528 0.859165 0 0 0 423.438 247.16 0.913458 0 0 0 442.955 395.984 0.782433 440.365 393.334 0.760322 412.906 392.088 0.821683 304.623 412.916 0.872903 298.086 410.311 0.820039 295.425 382.954 0.774128 
442.92 248.476 0.873765 411.621 275.853 0.890535 422.047 282.39 0.834686 433.771 319.029 0.937145 440.332 286.273 0.857381 402.446 266.774 0.792382 415.535 296.81 0.0979967 424.667 283.71 0.167756 384.206 337.221 0.645011 381.666 339.885 0.753044 362.023 401.204 0.886701 299.397 390.715 0.864422 388.145 330.716 0.435942 441.629 332.03 0.812651 420.782 389.452 0.878339 439.014 244.578 0.871637 0 0 0 424.694 247.182 0.890913 0 0 0 442.951 395.991 0.787188 440.357 393.34 0.761273 412.902 392.087 0.830793 305.877 412.894 0.897942 298.097 410.297 0.828555 294.16 382.956 0.76756 
442.953 249.781 0.884063 411.641 275.851 0.894674 422.049 282.408 0.841865 433.77 319.032 0.926763 440.366 285.022 0.834003 402.475 266.766 0.792595 412.974 298.113 0.0800763 423.395 285.044 0.116792 385.513 337.21 0.639741 382.904 339.871 0.750247 362.021 401.161 0.873624 299.38 390.721 0.867202 390.745 330.721 0.447324 441.673 333.304 0.819941 421.997 389.453 0.878528 440.316 244.621 0.887638 0 0 0 424.718 247.197 0.877647 0 0 0 442.974 397.258 0.778188 441.606 393.355 0.750139 412.9 392.092 0.816197 305.873 412.903 0.880543 298.086 410.303 0.822169 294.147 382.958 0.749838 
442.95 247.183 0.908391 411.65 274.596 0.873944 420.792 279.804 0.831348 433.782 318.974 0.95197 441.644 283.704 0.844793 402.515 266.75 0.797733 415.543 298.076 0.0833536 423.416 287.587 0.0600511 384.218 337.195 0.634193 382.904 339.859 0.750979 360.791 401.129 0.870331 299.368 390.718 0.8695 389.428 330.692 0.436917 442.882 333.299 0.818605 420.79 389.457 0.878645 439.055 244.526 0.871201 0 0 0 424.719 245.925 0.893485 0 0 0 442.983 397.269 0.781026 441.616 393.363 0.750013 412.889 392.083 0.819896 305.88 411.691 0.886589 298.092 410.281 0.826409 292.862 384.207 0.743445 
442.964 245.934 0.933589 412.885 273.282 0.852323 422.019 278.499 0.845271 433.795 318.912 0.953913 441.653 281.125 0.847575 403.806 265.495 0.803935 415.544 295.477 0.123106 432.469 278.491 0.161488 381.66 337.212 0.660917 382.913 339.87 0.765841 360.792 398.571 0.844501 298.13 390.72 0.86757 381.598 329.445 0.447716 442.9 332.017 0.833766 420.79 389.461 0.875369 440.337 243.27 0.86818 0 0 0 425.999 245.862 0.891852 0 0 0 442.988 397.258 0.777004 441.614 393.359 0.74427 412.882 392.086 0.817417 305.864 412.878 0.868315 298.068 410.288 0.819904 291.559 384.209 0.725941 
442.974 241.966 0.862593 412.951 266.745 0.882219 422.01 273.276 0.816581 435.11 313.741 0.863094 442.905 277.232 0.905722 407.701 261.555 0.715608 423.389 288.955 0.165304 436.412 275.837 0.24108 389.46 329.386 0.679774 382.941 333.336 0.701033 360.793 390.799 0.88268 296.788 390.718 0.860589 398.567 326.792 0.520409 442.958 332.023 0.886845 422.011 389.424 0.882399 440.357 235.448 0.850885 0 0 0 427.318 239.34 0.82781 0 0 0 442.994 398.566 0.802499 441.643 393.376 0.762734 412.892 392.049 0.832584 304.594 412.884 0.84235 296.797 410.291 0.821024 287.642 386.802 0.760222 
442.99 235.459 0.904932 412.976 265.41 0.873474 422.101 269.342 0.848264 436.413 307.261 0.899165 444.243 275.86 0.891592 405.125 256.372 0.762475 423.377 286.355 0.131703 439.039 273.251 0.320459 390.731 326.762 0.686012 384.214 329.374 0.739165 360.75 386.837 0.808674 295.488 390.713 0.840023 399.855 321.6 0.551015 442.986 332.048 0.886848 422.015 389.423 0.875033 440.366 232.771 0.823952 0 0 0 428.577 235.422 0.865914 0 0 0 443.002 398.559 0.79116 441.648 393.375 0.756817 412.883 392.057 0.823529 303.321 411.642 0.82263 296.784 409.018 0.793716 286.36 386.837 0.763418 
444.205 224.971 0.917439 414.266 255.038 0.862891 423.373 258.955 0.823565 442.917 296.759 0.937295 444.322 262.814 0.860366 407.735 248.488 0.721092 422.091 277.18 0.135319 435.128 260.225 0.26923 394.647 317.678 0.711591 389.423 318.99 0.734635 359.421 372.501 0.842945 294.136 390.736 0.852619 402.509 317.623 0.629762 442.973 333.332 0.8898 422.004 389.397 0.859734 441.6 221.067 0.815857 0 0 0 428.599 224.94 0.852497 0 0 0 443.005 398.583 0.812184 441.663 393.381 0.770372 411.656 392.055 0.818513 304.586 411.598 0.842668 296.751 409.012 0.829736 284.99 389.432 0.814234 
442.986 215.852 0.886558 415.568 247.229 0.800682 423.401 254.959 0.827039 442.975 288.987 0.9238 445.608 254.964 0.824305 410.303 244.558 0.793484 425.974 270.669 0.0924282 433.849 255.009 0.191211 393.353 311.164 0.652653 389.441 316.355 0.729808 358.119 368.567 0.83112 295.423 390.692 0.845428 401.224 309.842 0.525051 442.978 333.318 0.893697 422.009 388.15 0.861411 439.027 213.228 0.850547 0 0 0 427.287 218.45 0.811564 0 0 0 443.004 398.56 0.810967 441.656 393.371 0.775202 411.667 392.016 0.821487 302.014 411.623 0.850408 295.493 409.008 0.818817 285.042 388.141 0.786137 
442.961 209.318 0.86966 418.133 244.52 0.832439 424.678 245.918 0.850125 444.224 282.441 0.899648 446.864 249.771 0.806034 411.57 236.761 0.750366 423.404 265.442 0.0993411 433.871 251.082 0.151773 397.265 307.227 0.719092 392.021 308.539 0.767529 358.127 360.691 0.848865 296.771 389.443 0.86586 402.53 307.184 0.603025 442.96 332.021 0.898138 420.785 389.4 0.858903 436.458 204.107 0.845655 0 0 0 424.7 211.918 0.834341 0 0 0 442.995 398.554 0.788092 441.647 393.366 0.759393 411.662 392.046 0.824824 302.017 411.655 0.870407 296.719 409.007 0.813386 287.596 385.552 0.780478 
442.951 193.687 0.9308 422.082 226.322 0.77783 423.415 232.788 0.784635 446.856 265.492 0.869853 452.105 234.143 0.87418 419.457 223.682 0.658187 437.726 247.213 0.20187 449.471 232.817 0.267993 401.138 296.734 0.757768 392.102 296.775 0.742432 358.102 347.63 0.798629 307.156 384.223 0.824231 407.686 296.741 0.668518 441.607 332.021 0.835232 420.772 388.123 0.849077 436.423 191.063 0.850236 0 0 0 423.426 196.31 0.864102 0 0 0 444.223 397.282 0.788871 441.675 393.343 0.775855 411.641 392.029 0.819956 307.165 410.345 0.840439 298.12 403.84 0.763046 298.053 382.898 0.789637 
440.363 184.527 0.825973 422.073 218.462 0.756892 423.441 222.398 0.836614 446.887 256.368 0.857674 453.384 225.01 0.865127 416.835 214.542 0.68862 439.021 243.232 0.210262 448.179 223.719 0.378431 401.214 287.681 0.747545 395.966 288.93 0.706091 360.728 339.799 0.836367 309.864 380.363 0.849445 407.734 288.947 0.628264 436.436 329.451 0.865282 420.779 388.133 0.853056 433.831 181.916 0.876347 0 0 0 423.336 188.463 0.865709 0 0 0 442.992 398.566 0.798409 441.653 393.358 0.777749 411.653 392.059 0.832074 315.034 403.845 0.772163 307.217 401.203 0.785931 305.866 380.324 0.759824 
435.118 171.461 0.557592 422.056 202.803 0.780347 423.416 204.074 0.873999 445.614 241.979 0.84329 454.695 204.099 0.810831 416.847 200.201 0.632014 442.972 225.011 0.244801 453.368 204.128 0.331804 402.525 275.901 0.760829 399.856 275.906 0.743239 368.556 328.119 0.845816 325.493 376.375 0.805593 410.318 277.166 0.675643 427.288 326.763 0.821619 422.031 384.251 0.871177 432.464 164.933 0.657704 0 0 0 422.068 171.5 0.91517 0 0 0 444.213 397.261 0.809775 442.917 392.093 0.819612 412.939 390.782 0.838207 332.027 402.476 0.814572 326.77 399.869 0.757771 317.633 375.08 0.815845 
433.876 163.657 0.554487 420.749 193.71 0.743058 423.424 194.992 0.841121 445.557 234.167 0.909397 453.341 202.738 0.819573 412.955 192.412 0.70874 441.613 222.379 0.15381 452.07 200.187 0.269637 402.512 268.087 0.7313 401.14 268.103 0.720858 371.185 325.477 0.789063 334.609 375.088 0.790787 408.992 269.378 0.636751 420.742 322.878 0.77204 422.102 381.559 0.880353 432.452 160.981 0.692634 0 0 0 420.786 163.676 0.864701 0 0 0 442.935 395.979 0.749357 442.91 392.041 0.7763 414.256 386.817 0.714894 343.785 401.164 0.798977 337.25 397.27 0.754009 328.056 376.365 0.765579 
435.113 150.651 0.874761 418.174 181.954 0.724067 423.326 183.197 0.895337 442.966 223.7 0.943287 452.06 192.344 0.884823 412.925 181.864 0.662569 435.146 205.402 0.116328 445.551 191.014 0.15066 402.52 256.366 0.731716 402.501 258.93 0.741714 381.608 318.934 0.843958 356.82 377.718 0.801861 403.81 256.304 0.600022 411.649 317.642 0.812141 412.988 371.184 0.846443 431.204 147.949 0.817312 0 0 0 419.479 151.949 0.877584 0 0 0 433.771 389.421 0.741058 432.562 382.9 0.723227 410.308 378.958 0.699927 371.127 399.896 0.801571 360.784 397.282 0.734039 349.027 380.267 0.806416 
433.797 149.313 0.882623 413.007 181.853 0.790104 422.055 181.88 0.908097 441.673 222.346 0.875161 449.483 189.767 0.823625 410.292 179.326 0.676583 432.481 202.832 0.111875 442.945 184.564 0.290212 402.512 256.305 0.742527 402.472 257.609 0.773634 386.854 317.696 0.784931 368.536 380.29 0.863906 403.823 255.035 0.607615 410.346 315.026 0.744221 405.129 369.872 0.822803 429.895 142.8 0.839803 0 0 0 418.129 150.585 0.875304 0 0 0 423.397 385.52 0.705881 423.377 381.588 0.718572 401.155 372.498 0.736954 382.959 401.157 0.792432 376.374 399.896 0.718001 360.737 381.66 0.855469 
432.568 149.292 0.878478 412.917 181.85 0.810817 420.719 181.876 0.874057 440.324 221.066 0.832078 445.576 191.072 0.863769 406.417 180.58 0.662582 429.892 208.019 0.103681 441.637 187.163 0.196255 402.487 256.307 0.741502 402.475 257.606 0.77044 392.062 318.929 0.800153 379.022 381.557 0.881739 402.518 255.038 0.591025 410.338 313.751 0.742848 399.89 369.837 0.833384 428.604 142.764 0.837065 0 0 0 415.529 150.531 0.87831 0 0 0 412.963 385.533 0.696907 412.994 381.573 0.735797 392.13 371.227 0.674344 395.981 399.887 0.734315 388.123 399.903 0.665885 372.456 384.204 0.773253 
431.205 151.94 0.849009 408.998 183.241 0.834743 415.572 184.528 0.839265 435.134 224.977 0.90212 442.98 193.683 0.895166 399.894 181.936 0.807326 410.313 214.531 0.124247 435.121 192.407 0.292989 401.182 262.83 0.752074 407.704 265.388 0.721907 402.56 320.248 0.802578 398.585 388.143 0.749105 392.116 258.932 0.668767 401.117 318.94 0.753218 390.713 371.138 0.767695 424.693 149.265 0.832729 0 0 0 412.965 151.971 0.927005 0 0 0 411.684 376.385 0.15062 0 0 0 381.581 373.807 0.651896 420.775 402.507 0.766903 412.909 403.785 0.801512 392.011 392.015 0.799218 
428.615 159.702 0.796177 406.397 191.078 0.833575 415.541 192.297 0.851808 433.841 228.922 0.87115 441.668 197.606 0.83834 397.29 189.767 0.749929 406.414 222.376 0.0991317 432.55 194.986 0.270248 401.216 266.759 0.773617 410.331 268.058 0.728273 407.711 328.066 0.763957 398.586 390.759 0.794617 392.092 265.466 0.717144 395.957 321.563 0.763638 389.466 372.511 0.749298 423.392 151.938 0.875411 0 0 0 411.672 158.427 0.876706 0 0 0 411.655 380.322 0.184391 410.32 378.978 0.165527 381.635 380.312 0.690948 422.06 402.476 0.775755 413.004 403.787 0.798765 392.007 394.67 0.821448 
427.278 163.64 0.81131 403.776 196.257 0.84109 414.284 198.874 0.807119 433.795 235.423 0.948311 439.044 200.196 0.781638 392.1 193.695 0.837476 402.491 226.295 0.091159 0 0 0 401.173 274.551 0.752928 409.02 275.847 0.724991 411.688 330.731 0.814664 397.286 392.108 0.770732 392.066 270.693 0.691062 397.266 328.057 0.795651 386.819 378.996 0.761378 423.351 160.97 0.865546 0 0 0 411.65 163.632 0.909345 0 0 0 411.654 381.656 0.207466 410.319 380.334 0.182861 380.319 382.897 0.778597 422.086 402.53 0.75116 414.256 405.135 0.76532 390.76 399.858 0.834246 
424.73 170.133 0.831928 401.226 204.079 0.914108 412.929 205.443 0.870845 431.205 245.817 0.917194 435.126 214.514 0.923957 390.754 202.733 0.821045 401.2 234.13 0.0847988 423.395 214.512 0.206116 401.118 277.222 0.764346 410.305 278.524 0.733096 411.622 337.192 0.810971 394.697 393.403 0.765917 390.705 275.934 0.746136 397.286 329.443 0.804728 384.24 380.326 0.798656 422.092 162.402 0.897828 0 0 0 411.586 171.409 0.89705 0 0 0 410.309 385.559 0.140753 0 0 0 380.269 385.518 0.761784 422.049 403.774 0.779217 412.99 406.422 0.78876 390.708 401.145 0.85845 
423.449 170.139 0.866256 401.2 202.822 0.914145 412.881 204.152 0.895075 429.895 244.516 0.871798 435.108 214.507 0.92833 390.746 201.456 0.808251 399.896 234.148 0.0876885 424.721 213.223 0.189274 399.891 277.161 0.772211 410.305 277.232 0.752333 411.601 332.036 0.812342 394.644 393.388 0.773358 390.678 275.881 0.745357 397.253 329.376 0.826377 384.233 380.293 0.802743 422.035 162.404 0.899041 0 0 0 410.315 170.166 0.872402 0 0 0 410.296 382.974 0.139109 0 0 0 380.288 384.229 0.778454 422.021 402.544 0.744134 412.98 406.392 0.770553 390.696 401.132 0.862192 
423.406 166.243 0.87116 401.186 202.758 0.906106 412.908 202.831 0.895444 429.92 240.638 0.832628 435.168 210.627 0.820974 389.462 201.448 0.787903 394.669 234.121 0.0651242 0 0 0 399.892 275.913 0.772314 410.302 277.208 0.752593 409.034 331.997 0.77794 393.402 393.343 0.776078 390.685 275.843 0.734179 393.399 328.112 0.839022 384.253 380.245 0.788795 420.782 161.092 0.894597 0 0 0 409.023 166.265 0.833981 0 0 0 410.314 381.616 0.183681 0 0 0 380.311 382.95 0.76308 422.024 402.513 0.721594 412.995 405.089 0.748692 390.698 399.892 0.844621 
422.066 164.938 0.861554 401.146 198.899 0.859425 411.684 200.165 0.856294 433.845 234.113 0.936358 435.147 204.06 0.899652 388.123 195.011 0.779528 398.574 227.602 0.0700378 422.062 205.404 0.148796 399.837 274.587 0.733825 409.041 275.909 0.728903 402.496 332.003 0.801717 392.133 394.686 0.771534 389.394 271.971 0.688474 390.676 329.354 0.814343 382.948 380.241 0.780144 416.878 161.043 0.848099 0 0 0 405.113 164.967 0.834791 0 0 0 410.277 381.619 0.197781 403.832 380.265 0.169902 380.263 382.938 0.737306 422.015 402.541 0.738711 414.235 406.401 0.751619 389.445 401.186 0.826925 
422.043 164.961 0.842235 401.152 200.159 0.865661 412.907 201.467 0.864221 437.722 234.073 0.849087 435.145 202.772 0.80626 386.825 194.994 0.782103 405.102 224.997 0.0754228 422.101 206.715 0.146891 398.563 274.575 0.722926 409.013 275.904 0.727484 402.438 329.464 0.800467 392.106 393.387 0.767582 386.852 270.675 0.680871 390.697 328.122 0.805508 384.207 380.318 0.76162 415.578 161.041 0.850716 0 0 0 403.834 164.943 0.843467 0 0 0 407.727 381.595 0.25553 403.789 378.973 0.234143 380.26 385.531 0.632585 422.051 402.535 0.739097 414.227 406.422 0.739673 389.4 401.179 0.800876 
420.737 168.842 0.826653 398.549 200.175 0.804532 409.014 201.485 0.811437 442.886 230.207 0.846487 435.111 201.496 0.832452 386.823 195.001 0.750574 412.94 224.987 0.0782283 423.395 202.852 0.348186 394.664 275.908 0.751134 403.792 277.22 0.74894 401.13 333.343 0.770437 392.071 397.262 0.790203 385.523 274.575 0.684704 389.445 329.455 0.77468 382.949 381.603 0.777757 414.238 162.33 0.890419 0 0 0 402.497 167.541 0.889161 0 0 0 406.431 384.236 0.20503 402.536 380.331 0.190444 380.243 389.396 0.652227 422.024 402.549 0.761758 412.965 407.699 0.776051 388.125 402.466 0.829503 
420.736 166.274 0.819247 398.58 198.909 0.814979 410.272 200.195 0.821802 435.124 232.844 0.883879 433.885 204.09 0.905584 388.111 194.995 0.78294 406.401 224.996 0.0917869 423.345 204.159 0.411881 392.118 274.6 0.760951 402.505 275.916 0.762629 401.149 330.704 0.789509 392.078 395.951 0.77156 382.935 271.992 0.695028 389.424 328.14 0.787928 382.942 380.359 0.789877 414.231 162.289 0.890948 0 0 0 402.512 166.259 0.884658 0 0 0 407.695 384.21 0.211845 402.569 380.32 0.192401 380.238 388.122 0.657726 422.025 402.537 0.735504 412.968 406.422 0.748095 388.139 401.233 0.80393 
420.738 164.959 0.807 398.581 198.871 0.812725 410.293 200.17 0.818604 433.781 234.148 0.936123 433.873 204.112 0.893959 386.832 194.971 0.781787 406.398 222.369 0.0687058 422.083 204.118 0.367344 393.343 274.604 0.754001 402.536 275.918 0.755854 401.156 330.739 0.784913 392.083 395.951 0.76945 382.935 273.258 0.69478 389.435 329.359 0.79143 382.922 381.594 0.801697 414.241 161.039 0.865673 0 0 0 402.55 164.963 0.879639 0 0 0 407.7 384.219 0.207136 402.574 381.579 0.183374 379.027 389.404 0.691379 422.016 402.536 0.73218 412.966 406.421 0.74867 388.142 401.233 0.804078 
420.748 166.27 0.785091 398.543 200.16 0.801095 407.7 200.168 0.805682 432.509 235.482 0.917044 433.836 206.695 0.879179 388.135 196.293 0.762696 406.408 226.325 0.0868768 423.376 205.445 0.361378 392.106 274.603 0.764686 402.49 275.913 0.765239 401.159 330.748 0.793786 392.083 394.649 0.768312 382.93 273.257 0.696994 389.446 329.374 0.799184 382.947 381.577 0.785557 414.269 161.066 0.855359 0 0 0 402.565 164.943 0.879727 0 0 0 407.706 384.209 0.219087 403.788 381.581 0.193773 380.24 388.15 0.666622 422.013 402.525 0.722895 412.97 406.399 0.736148 388.139 401.2 0.791828 
420.717 171.408 0.783483 395.965 200.159 0.793794 403.816 200.195 0.844448 424.728 238.028 0.857069 433.82 213.194 0.905462 388.153 196.302 0.753454 401.174 232.821 0.10999 423.37 210.639 0.321643 392.064 275.864 0.789951 401.23 277.164 0.780748 399.861 332.035 0.757703 392.047 394.688 0.774632 382.935 273.303 0.702235 389.431 329.406 0.787102 384.202 381.603 0.760924 415.531 162.399 0.826684 0 0 0 403.849 167.534 0.842335 0 0 0 406.421 381.653 0.278703 402.567 380.277 0.267238 380.24 389.411 0.604848 420.786 402.54 0.733788 412.953 407.699 0.743903 388.103 402.446 0.789492 
419.457 171.45 0.706595 394.697 201.483 0.829895 403.835 202.751 0.883479 423.325 240.63 0.908642 433.845 214.544 0.934409 388.126 198.88 0.756395 406.411 232.797 0.0902364 426.017 213.256 0.168329 392.073 275.877 0.793402 401.217 277.175 0.78977 399.843 333.324 0.75611 392.055 395.963 0.777857 384.209 274.565 0.700179 389.414 329.429 0.789639 382.964 381.605 0.777583 415.541 163.629 0.77236 0 0 0 405.132 166.281 0.830467 0 0 0 407.69 381.646 0.285552 403.78 380.265 0.273394 380.238 389.414 0.631122 422.011 402.544 0.741248 412.954 407.709 0.753871 388.113 402.459 0.80692 
419.442 171.411 0.69472 394.667 201.511 0.850051 403.828 202.794 0.889577 419.432 244.507 0.879211 435.146 221.041 0.843651 386.83 198.903 0.761961 401.179 232.807 0.123709 428.613 215.871 0.299783 392.06 275.919 0.796917 401.192 277.226 0.783527 398.59 333.336 0.748804 392.056 395.987 0.78247 384.206 274.602 0.708304 388.16 329.429 0.774621 384.202 381.594 0.769368 415.523 162.392 0.777183 0 0 0 405.124 167.54 0.829376 0 0 0 406.417 381.653 0.282929 402.557 380.264 0.27427 380.246 389.394 0.609796 422.014 402.542 0.746085 412.956 407.706 0.760929 388.118 402.474 0.815753 
419.429 170.16 0.501141 394.652 201.465 0.848503 403.793 202.757 0.890696 411.591 244.532 0.936129 440.314 234.165 0.890903 385.547 198.878 0.765091 406.407 234.143 0.186085 429.922 227.599 0.412265 392.012 275.906 0.811356 401.168 277.206 0.791171 399.83 332.03 0.750758 392.072 397.258 0.783592 381.679 274.597 0.73275 389.385 329.399 0.784522 382.945 381.587 0.784422 415.537 162.4 0.640166 0 0 0 407.702 168.835 0.818188 0 0 0 407.71 384.212 0.222397 402.558 380.286 0.207233 380.231 388.155 0.639204 422.016 402.536 0.754364 412.957 407.701 0.769537 388.133 402.481 0.819839 
419.471 171.412 0.585007 394.646 201.45 0.829762 402.564 202.735 0.883182 410.287 244.544 0.911717 440.331 245.921 0.864159 385.532 198.864 0.747639 390.751 236.765 0.0523724 422.101 240.659 0.0771448 391.998 275.881 0.809714 401.147 277.174 0.792385 399.828 332.005 0.759236 392.068 397.263 0.784136 381.671 274.571 0.732089 389.386 329.394 0.788109 382.957 381.583 0.779105 415.579 163.629 0.680747 0 0 0 407.722 167.562 0.817492 0 0 0 407.703 382.948 0.238178 402.559 380.279 0.225739 380.236 388.148 0.62797 422.016 402.54 0.754071 412.956 407.708 0.771044 388.129 402.485 0.819218 
419.467 171.417 0.668711 394.675 201.46 0.817567 403.775 202.742 0.882063 405.113 244.509 0.854439 432.535 258.911 0.860686 386.847 198.873 0.736693 389.447 238.067 0.0827404 422.047 252.419 0.275453 390.775 275.849 0.795045 399.887 275.926 0.774687 398.578 332.004 0.762727 392.059 395.976 0.774841 381.654 273.302 0.726545 388.153 329.389 0.789032 384.21 381.566 0.768117 415.562 162.416 0.739664 0 0 0 407.703 167.557 0.817805 0 0 0 406.394 381.637 0.287518 402.541 379 0.283821 380.255 388.125 0.596166 422.018 402.541 0.746202 412.96 407.707 0.759923 388.125 402.467 0.809927 
418.172 171.461 0.584475 394.649 201.473 0.828142 403.779 202.769 0.884496 403.8 243.242 0.863005 431.162 271.979 0.823018 385.517 198.871 0.734398 0 0 0 0 0 0 390.79 275.866 0.805531 401.119 275.938 0.781595 398.579 333.334 0.765266 392.045 397.26 0.787482 381.661 274.565 0.734399 388.129 329.411 0.795827 384.203 381.591 0.774061 415.55 163.653 0.679214 0 0 0 407.705 167.559 0.817032 0 0 0 405.135 382.932 0.27176 402.534 380.302 0.26638 380.252 388.149 0.60043 420.774 402.545 0.740738 412.934 407.71 0.75651 388.117 402.476 0.813236 
420.768 170.174 0.775291 394.658 201.49 0.841752 403.788 202.777 0.88038 402.469 244.591 0.922737 412.995 287.641 0.903516 385.522 200.157 0.743632 0 0 0 0 0 0 390.728 277.162 0.766372 395.98 277.228 0.723161 397.274 333.321 0.731345 392.052 397.254 0.781462 382.908 275.891 0.733215 386.82 329.417 0.776522 384.214 381.583 0.770583 416.857 162.376 0.807078 0 0 0 407.714 166.269 0.818605 0 0 0 405.122 382.932 0.311745 402.537 380.33 0.30534 380.255 388.139 0.578377 420.777 402.541 0.742991 412.948 407.702 0.755185 388.127 402.478 0.805126 
420.744 170.182 0.716497 394.661 201.503 0.846687 403.794 202.773 0.876701 401.223 244.524 0.929817 410.34 287.603 0.881055 385.508 200.173 0.747099 0 0 0 0 0 0 390.734 278.505 0.737076 397.258 279.836 0.669398 397.271 335.904 0.74089 392.05 397.249 0.778462 382.909 277.199 0.726223 386.845 329.437 0.75787 384.222 381.58 0.763322 416.847 162.381 0.777299 0 0 0 407.729 166.277 0.819373 0 0 0 405.129 382.947 0.296968 402.547 381.572 0.289034 380.262 388.126 0.569221 420.781 402.539 0.745089 412.947 407.707 0.755043 388.122 402.47 0.800633 
420.779 170.134 0.764014 394.678 201.455 0.832296 403.824 202.758 0.862456 399.885 244.542 0.877205 401.249 287.662 0.874454 385.531 197.584 0.760943 0 0 0 0 0 0 390.768 277.171 0.760214 398.584 278.485 0.707354 398.546 334.605 0.740514 392.043 397.263 0.783352 382.92 275.872 0.744534 386.835 329.428 0.768699 384.216 381.598 0.761403 416.858 162.361 0.814043 0 0 0 407.734 167.539 0.823668 0 0 0 405.135 382.95 0.300472 402.553 381.578 0.290386 380.254 388.16 0.567304 420.777 402.539 0.738549 412.944 407.708 0.750504 388.114 402.482 0.80338 
422.074 170.179 0.843019 394.697 200.204 0.80312 402.559 201.494 0.869326 393.352 243.264 0.863371 392.012 285.051 0.842265 388.121 197.563 0.746638 0 0 0 0 0 0 392.057 274.6 0.714427 399.885 275.901 0.736473 395.977 333.337 0.729467 392.05 397.26 0.782392 384.245 273.282 0.645149 388.137 329.465 0.729961 384.217 381.619 0.755325 419.463 162.377 0.836448 0 0 0 409.032 164.958 0.852247 0 0 0 406.397 384.231 0.2897 402.564 381.599 0.28032 380.26 389.415 0.564584 420.763 402.543 0.732673 412.944 407.698 0.741742 388.138 402.482 0.803084 
422.116 168.866 0.850426 395.967 200.194 0.791444 402.551 201.511 0.876132 392.097 243.23 0.882559 392.025 283.717 0.84463 389.399 196.274 0.75147 380.266 236.729 0.0649029 0 0 0 392.063 275.847 0.693318 399.85 275.919 0.719811 395.954 333.337 0.732068 392.051 397.261 0.783964 385.532 273.286 0.608403 388.128 329.46 0.732399 384.21 381.618 0.758049 420.726 162.325 0.86453 0 0 0 409.036 164.943 0.858381 0 0 0 405.142 384.222 0.284129 402.553 381.592 0.274936 380.255 389.412 0.57052 420.768 402.547 0.735449 412.94 407.708 0.74787 388.135 402.482 0.806537 
422.113 168.852 0.850799 395.957 200.184 0.793173 402.553 201.496 0.869208 392.101 243.24 0.873574 392.017 283.734 0.863263 388.149 196.265 0.752665 0 0 0 0 0 0 392.055 274.577 0.701278 399.867 275.883 0.721224 395.991 333.322 0.734559 392.05 397.26 0.781716 384.249 271.985 0.632882 388.114 329.454 0.736665 384.21 381.622 0.752086 420.72 162.319 0.864277 0 0 0 409.034 164.935 0.858562 0 0 0 406.406 384.221 0.281726 402.566 381.585 0.272314 380.254 389.415 0.564636 420.767 402.546 0.735372 412.941 407.706 0.747747 388.132 402.483 0.803807 
422.12 170.149 0.853581 394.694 200.166 0.782399 402.54 201.488 0.869721 393.374 243.216 0.838474 393.346 283.719 0.826949 388.137 196.259 0.748194 0 0 0 0 0 0 392.041 274.576 0.70609 398.598 275.886 0.718809 394.677 333.327 0.739948 392.054 397.273 0.78256 384.246 271.994 0.63848 388.147 329.458 0.730403 384.226 381.614 0.752349 420.73 162.362 0.856826 0 0 0 409.029 164.967 0.849175 0 0 0 406.408 384.213 0.304596 403.779 381.584 0.298204 380.261 389.408 0.55838 420.77 402.544 0.734303 412.947 407.704 0.747136 388.139 402.489 0.804855 
422.127 170.132 0.853342 394.693 200.161 0.781401 402.544 201.489 0.865725 395.978 243.265 0.810136 399.836 283.711 0.793928 388.133 195.02 0.751048 381.603 238.023 0.0659587 0 0 0 390.78 274.562 0.728195 398.556 275.864 0.710847 395.962 332.024 0.747578 392.053 397.254 0.780282 382.953 271.982 0.688804 388.117 329.403 0.765253 384.211 381.582 0.766585 420.737 162.346 0.861271 0 0 0 409.03 164.958 0.851792 0 0 0 405.113 382.929 0.3122 402.534 380.319 0.306794 380.258 388.136 0.579278 420.775 402.545 0.735766 412.947 407.706 0.746974 388.132 402.471 0.805159 
423.317 170.133 0.850082 395.969 200.16 0.769405 402.535 201.497 0.867208 395.989 241.974 0.79152 403.788 282.426 0.832058 389.41 195.017 0.75134 0 0 0 0 0 0 390.73 277.155 0.754969 394.685 277.236 0.717201 397.252 332.046 0.746128 392.048 395.982 0.776932 382.95 275.861 0.721704 386.844 329.428 0.7667 384.224 381.582 0.763236 420.746 162.347 0.859191 0 0 0 409.043 164.955 0.855668 0 0 0 405.119 382.934 0.329545 402.54 380.333 0.320266 380.265 388.135 0.567618 420.771 402.538 0.728559 412.943 407.694 0.740578 388.126 402.462 0.800307 
422.132 170.128 0.856244 394.686 200.184 0.804478 402.566 201.517 0.865871 399.859 244.506 0.844785 407.73 286.331 0.85475 386.839 196.27 0.747029 0 0 0 0 0 0 390.719 277.195 0.751459 394.663 278.503 0.704932 394.681 335.921 0.748441 392.049 397.257 0.783969 382.935 275.895 0.719575 386.84 329.454 0.750308 384.215 381.603 0.766647 420.737 162.346 0.871704 0 0 0 409.02 164.955 0.850379 0 0 0 405.111 382.934 0.352242 402.54 381.57 0.344238 380.255 388.163 0.573581 420.769 402.537 0.726012 412.944 407.697 0.742503 388.128 402.478 0.807446 
422.048 170.17 0.813428 394.661 200.187 0.811312 402.544 202.74 0.888452 399.891 243.229 0.86272 414.235 282.407 0.873564 385.546 196.266 0.755134 0 0 0 0 0 0 390.72 275.918 0.769655 394.691 277.21 0.727723 394.698 334.611 0.746037 392.049 397.257 0.786061 382.925 275.857 0.713537 386.82 329.418 0.776457 382.969 381.592 0.777381 419.431 162.372 0.819759 0 0 0 408.996 164.987 0.827882 0 0 0 405.105 382.923 0.348207 402.526 380.33 0.337172 380.25 389.396 0.589051 420.774 402.535 0.726077 412.948 407.696 0.742619 388.125 402.479 0.810771 
422.052 170.183 0.815915 394.665 200.172 0.803802 402.54 201.514 0.883817 399.895 243.21 0.872307 418.17 277.269 0.878445 386.818 196.255 0.754963 0 0 0 0 0 0 390.767 275.907 0.789743 397.284 277.189 0.752806 394.689 334.621 0.751077 392.049 397.27 0.793283 384.2 275.845 0.710604 386.826 329.423 0.782931 382.964 381.59 0.780354 419.439 162.384 0.816278 0 0 0 408.99 166.236 0.826126 0 0 0 405.098 382.905 0.342094 402.517 380.309 0.331267 380.242 388.159 0.578946 420.789 402.531 0.742681 412.952 407.703 0.762508 388.117 402.494 0.816151 
422.043 170.128 0.829034 393.408 200.19 0.807966 402.512 201.498 0.889528 401.142 243.243 0.889989 422.044 277.155 0.943928 386.807 196.302 0.74219 0 0 0 0 0 0 390.757 275.881 0.789523 397.292 277.167 0.763494 395.957 333.315 0.757594 392.048 397.264 0.791432 382.921 274.588 0.713018 386.83 329.383 0.800754 382.96 381.585 0.782663 418.158 162.353 0.83075 0 0 0 406.408 166.24 0.817912 0 0 0 405.086 381.659 0.341697 402.515 380.298 0.331562 380.241 388.155 0.583785 422.011 402.537 0.742489 412.954 407.706 0.762368 388.116 402.491 0.816783 
422.054 170.154 0.824957 394.641 200.192 0.803443 402.521 201.504 0.884906 401.154 243.23 0.896653 423.339 270.652 0.907463 385.545 196.301 0.743223 0 0 0 0 0 0 390.786 274.6 0.778829 399.835 275.888 0.768275 395.973 332.014 0.762196 392.048 395.984 0.783112 382.93 273.279 0.698729 386.855 329.363 0.793985 384.222 381.584 0.77295 419.432 162.366 0.829683 0 0 0 406.422 166.236 0.820002 0 0 0 405.124 382.9 0.337994 402.54 380.29 0.331383 380.26 388.152 0.567726 420.789 402.534 0.745027 412.953 407.703 0.761334 388.121 402.475 0.808743 
422.053 170.152 0.824675 394.646 200.211 0.802318 402.514 201.518 0.890262 401.16 243.26 0.914692 423.405 268.089 0.906742 386.813 197.563 0.734693 0 0 0 0 0 0 390.783 275.843 0.780052 398.594 275.911 0.762683 397.252 332.01 0.762786 392.043 395.972 0.779922 382.934 273.302 0.694864 388.113 329.377 0.797339 384.238 381.594 0.762621 418.181 162.364 0.828598 0 0 0 406.414 166.241 0.821157 0 0 0 405.142 382.906 0.339286 402.557 380.305 0.33119 380.265 389.395 0.548188 420.789 402.532 0.744752 412.957 407.699 0.759365 388.114 402.469 0.8025 
422.033 170.19 0.814518 394.645 200.208 0.80425 402.513 201.518 0.891076 401.158 243.236 0.903909 423.352 266.761 0.94353 385.552 197.57 0.734461 0 0 0 0 0 0 390.779 274.607 0.772193 398.587 275.89 0.756521 395.992 330.745 0.7639 392.041 395.966 0.776246 382.932 273.291 0.691519 388.13 329.361 0.782151 384.243 381.588 0.752918 418.175 162.391 0.813444 0 0 0 406.427 166.257 0.818157 0 0 0 405.137 381.658 0.334277 402.558 380.293 0.328399 380.261 388.154 0.535318 422.013 402.54 0.740976 412.962 407.703 0.75582 388.113 402.467 0.797437 
422.035 170.184 0.810717 394.651 200.211 0.797006 402.503 201.511 0.891428 401.167 243.232 0.909648 422.123 268.035 0.929048 386.828 197.58 0.730021 0 0 0 0 0 0 390.789 275.858 0.777181 398.58 275.918 0.755533 395.987 330.744 0.761253 392.043 395.963 0.772986 382.962 274.566 0.690623 388.148 329.365 0.776668 384.237 381.564 0.755414 418.175 162.386 0.81421 0 0 0 406.428 166.251 0.817974 0 0 0 405.121 381.646 0.347056 402.545 380.279 0.341448 380.259 388.117 0.540271 422.017 402.54 0.738837 412.964 407.704 0.754527 388.115 402.46 0.791629 
