338.547 121.924 0.912358 315.037 151.971 0.78225 318.968 154.534 0.852525 322.877 200.169 0.781779 338.549 239.365 0.884059 308.502 151.86 0.804426 333.311 192.359 0.162793 359.417 174.082 0.227923 309.849 234.083 0.720687 316.376 234.146 0.766466 317.64 298.062 0.792514 311.154 369.838 0.753368 307.187 232.812 0.635345 312.423 296.775 0.711415 308.587 359.366 0.757732 334.634 119.199 0.87027 0 0 0 318.981 119.276 0.954771 0 0 0 335.926 362.041 0.493708 330.73 359.395 0.464914 300.694 363.364 0.422526 339.854 373.786 0.646655 337.23 380.246 0.659714 307.202 373.787 0.80544 
338.543 121.907 0.921448 315.033 151.957 0.787331 318.973 154.529 0.853086 322.876 198.908 0.781427 338.558 239.34 0.890143 308.493 150.64 0.807669 328.126 192.343 0.0934072 359.426 174.115 0.110132 309.855 234.088 0.719626 317.598 234.153 0.765908 317.639 298.079 0.789455 311.162 369.827 0.75051 307.18 232.813 0.636691 311.164 296.775 0.7066 308.574 359.367 0.76031 334.62 117.992 0.870166 0 0 0 318.962 119.286 0.960334 0 0 0 335.919 362.036 0.475901 330.729 359.391 0.447781 299.443 363.346 0.438306 339.877 373.781 0.647052 337.235 379.021 0.667202 307.204 373.77 0.807516 
338.543 121.907 0.921447 315.033 151.957 0.78733 318.972 154.529 0.853086 322.876 198.908 0.781427 338.558 239.34 0.890143 308.493 150.64 0.807668 328.126 192.343 0.0934001 359.426 174.115 0.11012 309.855 234.088 0.719626 317.598 234.153 0.765908 317.639 298.079 0.789454 311.162 369.827 0.75051 307.18 232.813 0.636691 311.164 296.775 0.7066 308.574 359.367 0.760311 334.62 117.992 0.870166 0 0 0 318.962 119.286 0.960334 0 0 0 335.919 362.036 0.475902 330.729 359.391 0.447782 299.443 363.346 0.438306 339.877 373.781 0.647052 337.235 379.021 0.667201 307.204 373.77 0.807515 
338.543 121.907 0.921448 315.033 151.957 0.78733 318.972 154.529 0.853086 322.876 198.908 0.781427 338.558 239.34 0.890143 308.493 150.64 0.807668 328.126 192.343 0.0934002 359.426 174.115 0.11012 309.855 234.088 0.719626 317.598 234.153 0.765908 317.639 298.079 0.789455 311.162 369.827 0.75051 307.18 232.813 0.636691 311.164 296.775 0.7066 308.574 359.367 0.760311 334.62 117.992 0.870166 0 0 0 318.962 119.286 0.960334 0 0 0 335.919 362.036 0.475903 330.729 359.391 0.447782 299.443 363.346 0.438305 339.877 373.781 0.647052 337.235 379.021 0.667202 307.204 373.77 0.807515 
338.541 121.907 0.921138 315.03 151.959 0.786253 318.968 154.528 0.856631 322.873 198.904 0.783478 338.554 238.066 0.894156 308.49 150.642 0.809015 326.8 192.356 0.0754218 359.43 174.079 0.0857231 309.832 234.101 0.733705 317.592 234.166 0.766863 317.646 298.087 0.791101 311.161 369.825 0.748834 305.924 232.826 0.646874 311.142 296.774 0.729389 308.577 359.374 0.7632 334.622 119.192 0.870004 0 0 0 318.962 119.286 0.959505 0 0 0 335.925 362.04 0.478655 330.732 359.395 0.450816 299.447 363.357 0.437874 339.869 373.78 0.644488 337.236 379.017 0.663505 307.204 373.768 0.806605 
338.545 121.903 0.923513 313.749 151.947 0.785377 318.954 154.495 0.86415 320.32 196.288 0.806922 338.551 238.052 0.893673 307.262 150.645 0.804629 307.155 197.573 0.0804669 0 0 0 309.827 234.105 0.735149 317.6 234.167 0.765706 317.646 298.093 0.790865 311.161 369.825 0.748476 305.907 232.834 0.650652 311.141 296.776 0.731497 308.576 359.375 0.763596 334.622 117.988 0.867152 0 0 0 318.963 119.283 0.958388 0 0 0 335.926 362.04 0.478714 330.731 359.395 0.45092 299.447 363.358 0.43856 339.869 373.779 0.643919 337.237 379.016 0.663213 307.205 373.768 0.806539 
338.544 121.905 0.923528 313.738 151.945 0.779776 318.923 153.247 0.87183 321.574 196.305 0.798059 338.55 238.059 0.8925 308.494 150.653 0.800092 326.799 192.341 0.0682486 359.44 174.1 0.0608905 309.835 234.101 0.728795 317.59 234.163 0.763633 317.645 298.09 0.790919 311.161 369.826 0.749337 305.933 232.827 0.642058 311.146 296.776 0.726822 308.577 359.373 0.763244 334.621 117.989 0.867284 0 0 0 318.961 119.285 0.961252 0 0 0 335.924 362.039 0.478539 330.731 359.394 0.450767 299.447 363.356 0.438107 339.871 373.78 0.644843 337.236 379.018 0.664266 307.204 373.769 0.807006 
338.544 121.898 0.92418 313.765 151.924 0.764285 318.909 153.219 0.875084 320.306 196.289 0.833831 338.536 238.044 0.892201 308.537 150.636 0.772462 307.189 196.284 0.0640196 0 0 0 309.85 232.826 0.701552 317.587 234.095 0.7514 317.635 298.076 0.785461 311.163 369.832 0.750441 307.192 232.784 0.610373 311.165 296.784 0.707731 308.58 359.38 0.765194 334.621 117.986 0.867499 0 0 0 318.963 119.285 0.963244 0 0 0 335.923 362.041 0.479147 330.735 359.396 0.45074 300.694 364.628 0.436303 339.88 373.786 0.645011 337.245 380.247 0.667649 307.203 373.775 0.805026 
338.544 121.898 0.924822 313.762 151.919 0.768433 318.908 153.213 0.878822 320.298 196.301 0.837245 338.537 238.032 0.896869 308.536 150.631 0.778164 307.174 197.569 0.0620687 0 0 0 309.838 232.819 0.713446 316.376 234.092 0.751797 317.636 298.082 0.787038 311.163 369.832 0.749695 307.171 231.522 0.613877 311.155 296.78 0.715678 308.58 359.38 0.765987 334.622 117.986 0.867787 0 0 0 318.963 119.286 0.963889 0 0 0 335.924 362.041 0.479953 330.735 359.397 0.451971 300.696 364.63 0.437406 339.876 373.786 0.643963 337.246 380.245 0.665838 307.204 373.774 0.804606 
338.544 121.899 0.926253 313.738 151.948 0.769229 318.911 154.503 0.861826 321.574 200.166 0.81527 338.533 238.07 0.893131 308.521 150.638 0.795343 307.183 197.595 0.0660871 0 0 0 309.821 232.825 0.723319 316.361 234.101 0.758178 317.644 298.107 0.775331 311.161 369.829 0.749828 305.932 231.528 0.615612 311.151 296.794 0.700552 308.58 359.379 0.765492 334.618 117.984 0.866218 0 0 0 318.959 119.286 0.961506 0 0 0 335.929 362.042 0.477608 330.739 359.398 0.449957 300.694 364.628 0.436097 339.877 373.787 0.644531 337.248 380.245 0.66641 307.202 373.774 0.804637 
338.554 121.918 0.92123 313.727 151.948 0.768189 318.905 153.245 0.867649 321.562 198.898 0.81627 338.531 238.067 0.893274 308.506 151.853 0.800048 307.183 198.87 0.0714868 0 0 0 309.83 232.845 0.719918 316.359 234.114 0.76391 317.638 298.116 0.777321 311.156 369.83 0.75302 307.176 232.802 0.619793 311.159 296.784 0.694999 308.579 359.367 0.762664 334.637 117.992 0.868382 0 0 0 318.97 119.277 0.959148 0 0 0 335.923 362.035 0.478349 330.736 359.39 0.450478 299.445 363.344 0.435411 339.885 373.79 0.645645 337.245 380.25 0.669621 307.199 373.773 0.806059 
338.554 121.918 0.921419 313.732 151.945 0.769688 318.906 153.244 0.868361 320.323 198.886 0.825199 338.521 238.049 0.894744 308.509 151.849 0.80186 307.184 197.596 0.06913 0 0 0 309.835 232.833 0.711506 316.358 234.105 0.758606 317.636 298.102 0.77832 311.155 369.831 0.753921 307.182 232.789 0.614421 312.423 296.772 0.681572 308.58 359.364 0.760716 334.637 117.992 0.868332 0 0 0 318.97 119.277 0.959481 0 0 0 335.922 362.034 0.478342 330.737 359.389 0.44992 299.444 363.338 0.433714 339.888 373.792 0.646616 337.243 380.253 0.6711 307.198 373.773 0.805695 
338.554 121.918 0.921543 313.746 151.938 0.765038 317.715 153.234 0.874388 320.296 198.863 0.838301 338.52 238.028 0.896721 308.528 151.843 0.79259 307.181 197.574 0.0676492 0 0 0 309.867 232.79 0.683376 316.346 234.067 0.742527 317.638 298.048 0.7908 311.146 369.835 0.759985 307.242 231.495 0.589891 313.73 296.758 0.686738 308.59 359.363 0.761966 334.641 119.193 0.868734 0 0 0 318.97 119.278 0.960245 0 0 0 335.919 362.042 0.486294 330.741 359.395 0.45882 300.683 363.347 0.427841 339.883 373.801 0.652706 337.23 380.263 0.672135 307.193 373.774 0.805195 
338.565 121.912 0.92668 313.757 151.96 0.756576 318.913 154.514 0.864397 320.281 197.595 0.844624 338.518 239.326 0.880789 308.529 151.845 0.78496 307.153 197.563 0.0700306 0 0 0 309.857 232.81 0.680992 316.352 234.086 0.74533 317.602 299.386 0.750121 312.415 369.838 0.765921 307.225 231.514 0.588345 315.031 296.776 0.601965 309.819 358.138 0.751854 335.895 119.198 0.873652 0 0 0 318.985 119.294 0.959397 0 0 0 334.622 360.777 0.513073 330.735 359.373 0.479044 300.7 363.326 0.40054 339.896 372.516 0.644512 337.223 380.249 0.664119 307.207 373.787 0.805202 
338.565 121.912 0.926719 313.76 151.959 0.755016 318.91 154.513 0.863648 320.281 197.597 0.844864 338.516 239.326 0.88082 308.536 151.844 0.780947 307.16 196.303 0.0713874 0 0 0 309.869 232.799 0.675547 316.343 234.075 0.73993 317.61 298.126 0.755358 311.167 369.825 0.765858 307.249 231.507 0.583027 315.062 296.765 0.598835 309.832 358.136 0.750666 335.895 119.198 0.873737 0 0 0 318.985 119.294 0.959616 0 0 0 334.623 360.778 0.519554 330.736 359.375 0.480847 300.712 363.323 0.388318 339.889 372.514 0.650218 337.206 380.251 0.66115 307.203 373.773 0.802625 
338.566 121.918 0.924405 315.014 151.961 0.750927 318.913 154.509 0.86486 320.283 197.604 0.843327 338.518 239.325 0.880251 308.54 151.85 0.774331 307.164 196.306 0.070853 0 0 0 311.113 232.804 0.671655 316.337 234.08 0.739474 317.608 298.13 0.753454 311.166 369.825 0.766868 308.491 231.516 0.580341 315.069 296.769 0.596706 309.834 358.136 0.749725 334.642 119.202 0.871849 0 0 0 318.979 119.305 0.963101 0 0 0 334.621 360.778 0.520518 330.736 359.375 0.481818 300.694 362.089 0.3863 339.889 372.514 0.650861 337.204 380.252 0.661111 307.203 373.773 0.803117 
338.57 121.912 0.927512 315.034 151.97 0.752467 318.922 154.51 0.87137 320.28 197.574 0.848927 338.515 238.067 0.883823 308.547 151.865 0.77526 305.92 197.602 0.0685877 0 0 0 309.861 232.812 0.683197 316.36 234.084 0.750576 317.626 298.085 0.77692 312.429 369.816 0.754898 307.225 231.516 0.595209 313.724 296.775 0.646778 308.582 358.103 0.750991 334.641 119.2 0.872413 0 0 0 318.979 119.313 0.96208 0 0 0 334.607 360.757 0.497244 330.699 358.123 0.457258 299.433 362.054 0.427325 339.896 372.488 0.653796 337.207 379.008 0.663538 307.212 372.532 0.812449 
338.583 123.187 0.911086 315.039 151.963 0.753213 318.92 154.502 0.869213 320.282 197.577 0.848069 338.511 238.045 0.888805 308.553 151.864 0.773235 307.16 197.594 0.077693 0 0 0 309.866 232.802 0.679149 316.35 234.076 0.744784 317.637 298.053 0.776222 313.719 369.839 0.757811 307.239 231.507 0.590138 315.057 296.744 0.629084 308.571 358.097 0.747689 335.911 119.235 0.88921 0 0 0 318.998 119.326 0.962711 0 0 0 334.625 360.761 0.433131 330.73 358.114 0.406064 299.435 362.077 0.464179 342.44 375.098 0.687993 338.478 380.285 0.737056 307.237 373.793 0.831909 
339.812 123.215 0.906301 316.346 151.947 0.767553 318.923 154.499 0.858244 320.302 198.886 0.84228 338.515 239.335 0.879794 311.118 150.637 0.753359 329.417 193.652 0.158065 351.592 181.889 0.121058 311.125 232.796 0.660745 316.302 234.077 0.723867 317.664 298.056 0.791521 313.763 369.848 0.764771 308.531 231.504 0.570082 315.043 296.717 0.659686 308.568 356.83 0.71451 337.191 119.245 0.901055 0 0 0 319.018 120.514 0.952295 0 0 0 334.607 360.738 0.425458 330.697 356.832 0.405969 299.42 362.023 0.449287 342.483 376.383 0.680034 338.5 380.311 0.745102 307.25 373.798 0.838629 
339.81 123.215 0.906609 316.362 151.935 0.774115 318.949 153.254 0.855357 320.288 197.588 0.832866 338.521 239.336 0.880005 309.874 150.626 0.743207 329.404 192.367 0.0911797 350.261 179.319 0.0657336 311.112 232.807 0.672955 316.326 234.085 0.734044 317.683 298.044 0.78374 313.765 369.845 0.765792 308.498 231.521 0.580676 316.328 296.721 0.662774 309.83 358.077 0.709968 337.21 119.239 0.906996 0 0 0 320.249 119.324 0.939524 0 0 0 335.906 360.759 0.443994 332.003 358.107 0.420257 299.427 360.8 0.43633 343.752 377.683 0.684703 338.504 380.341 0.745072 307.248 373.794 0.834332 
339.842 121.937 0.923358 317.626 151.954 0.78505 318.962 154.528 0.849378 320.282 197.595 0.842685 338.519 239.355 0.876875 312.444 150.622 0.727028 329.403 192.323 0.0998123 352.892 178.011 0.0564449 311.133 232.802 0.669307 316.34 234.078 0.738369 318.906 298.062 0.793119 315.049 369.833 0.762142 308.513 231.511 0.577727 313.726 296.769 0.705999 308.559 359.368 0.757565 337.239 119.217 0.914417 0 0 0 320.271 119.326 0.930463 0 0 0 334.629 360.752 0.374319 330.734 358.11 0.351205 300.717 364.656 0.494879 342.489 376.382 0.697697 338.521 380.294 0.77604 308.472 373.792 0.864112 
341.135 121.931 0.888665 318.906 151.922 0.785076 319.005 153.249 0.851012 319.039 195.01 0.873458 338.504 238.037 0.878383 316.323 150.591 0.678025 308.466 194.952 0.054996 0 0 0 311.12 232.82 0.690503 316.366 234.077 0.749035 321.566 299.381 0.77777 315.069 368.57 0.767815 307.26 232.793 0.60392 313.73 298.034 0.782151 308.512 359.366 0.763761 338.536 119.21 0.923032 0 0 0 324.172 119.315 0.899636 0 0 0 332.027 360.706 0.301657 329.465 358.091 0.2758 300.686 364.65 0.518926 342.457 373.776 0.736475 337.25 379.014 0.791506 307.265 373.773 0.882166 
342.442 123.169 0.861624 318.98 151.959 0.786504 320.258 154.49 0.845015 320.251 196.297 0.864116 338.487 238.03 0.877859 317.678 150.647 0.699236 333.311 191.038 0.110756 0 0 0 309.872 232.813 0.690934 316.351 234.083 0.749132 328.021 298.096 0.827721 315.073 368.579 0.778174 307.247 231.525 0.602955 316.327 298.071 0.834515 308.494 358.117 0.778647 339.794 119.218 0.923153 0 0 0 326.764 119.324 0.924928 0 0 0 332.029 360.713 0.272707 329.451 356.817 0.249902 299.433 362.085 0.567056 342.47 375.106 0.74313 337.213 380.291 0.812271 307.249 373.758 0.884982 
343.772 123.19 0.846906 320.299 153.188 0.744462 320.319 153.254 0.836631 320.255 196.31 0.872703 338.524 239.349 0.885298 321.562 151.874 0.692389 337.189 193.658 0.42278 360.699 172.762 0.345111 311.13 232.835 0.689219 316.34 234.093 0.750579 329.399 298.101 0.840384 316.311 369.815 0.788163 308.516 232.812 0.596233 317.682 298.144 0.837174 308.527 359.459 0.774132 339.839 119.261 0.937146 0 0 0 328.031 120.579 0.941199 0 0 0 333.322 364.633 0.236118 330.742 360.761 0.21035 300.699 367.224 0.507778 342.473 376.373 0.770256 337.239 380.287 0.838733 307.249 373.81 0.854961 
347.635 123.201 0.849526 321.569 153.221 0.726719 324.199 154.5 0.827974 320.248 197.582 0.871739 339.79 241.927 0.898223 320.251 151.921 0.683126 335.929 193.687 0.173318 352.89 175.374 0.132774 309.864 234.13 0.690874 315.026 234.164 0.743478 330.689 299.393 0.815175 316.342 368.578 0.789043 308.527 234.107 0.5739 320.251 299.378 0.78349 308.551 360.696 0.776247 339.911 119.298 0.923645 0 0 0 328.105 121.87 0.938409 0 0 0 333.318 367.265 0.211355 332.022 364.657 0.173558 300.714 367.262 0.513779 342.461 376.386 0.802234 337.238 380.28 0.867549 307.266 373.785 0.857105 
348.979 129.699 0.932398 324.201 160.998 0.777712 328.122 161.047 0.901984 322.876 202.769 0.870792 343.748 244.524 0.878499 319.004 159.697 0.732033 329.398 200.171 0.102148 0 0 0 308.569 238.07 0.713837 316.363 239.346 0.728489 339.793 302.013 0.817826 316.346 369.843 0.794842 303.305 238.052 0.606925 328.113 300.722 0.792026 308.54 360.733 0.794297 343.786 123.185 0.821892 0 0 0 329.472 128.393 0.90014 0 0 0 334.638 368.577 0.222035 333.332 367.23 0.175996 300.67 368.53 0.56048 343.778 378.984 0.810524 338.519 380.351 0.872217 307.237 375.076 0.854178 
350.237 131.041 0.947443 326.79 162.311 0.790187 329.374 162.387 0.886544 324.183 204.108 0.854457 348.957 244.518 0.883882 320.273 161.028 0.724494 321.583 206.714 0.103461 339.833 234.14 0.148012 308.538 243.26 0.745053 316.348 243.284 0.749412 341.142 304.592 0.803562 316.374 369.801 0.798703 302.003 243.242 0.643372 329.401 301.996 0.792659 308.56 360.714 0.79489 347.622 127.116 0.849422 0 0 0 330.739 129.707 0.922537 0 0 0 337.221 369.869 0.225648 334.64 368.53 0.17581 300.693 367.258 0.557869 343.783 378.96 0.791217 338.532 380.322 0.862282 307.268 373.769 0.864455 
350.318 131.064 0.92412 326.815 162.415 0.752478 329.409 163.691 0.862124 326.743 204.17 0.867985 354.202 240.66 0.828261 320.273 162.338 0.709225 318.979 210.638 0.10046 338.586 235.418 0.0980144 309.81 244.577 0.738642 316.365 244.581 0.774667 341.197 305.905 0.817092 317.598 369.804 0.798679 304.623 244.584 0.627342 330.691 303.303 0.770716 308.58 359.467 0.806238 347.702 128.381 0.881385 0 0 0 333.313 130.967 0.919726 0 0 0 337.237 368.581 0.238078 334.645 365.958 0.182667 301.983 365.964 0.594926 342.473 378.975 0.799078 338.512 380.322 0.857132 308.483 372.53 0.885366 
355.491 121.9 0.831101 330.73 153.19 0.747141 332.036 154.508 0.822822 329.415 192.397 0.938192 362.022 213.256 0.905017 330.693 151.863 0.645924 322.88 193.638 0.0674758 346.367 209.337 0.0714642 316.334 234.145 0.706649 318.927 235.401 0.78337 330.709 296.825 0.829193 315.059 369.842 0.805091 309.819 234.112 0.568654 329.446 298.031 0.721676 316.374 359.406 0.731637 350.264 119.253 0.906694 0 0 0 338.527 121.894 0.932148 0 0 0 339.841 369.851 0.391447 337.242 364.639 0.354703 307.221 365.907 0.310729 342.474 380.257 0.786774 338.485 381.6 0.806949 307.239 373.791 0.837411 
358.133 119.322 0.909879 335.9 150.525 0.729901 338.486 150.586 0.883467 332.022 185.854 0.817084 367.232 204.136 0.866733 330.738 146.681 0.631287 333.326 188.451 0.0878669 347.656 208.048 0.101013 316.358 226.328 0.692076 318.948 227.624 0.736341 329.364 292.852 0.760876 317.586 369.799 0.837215 309.832 226.282 0.575277 326.812 291.567 0.601519 317.716 355.489 0.74605 351.625 114.035 0.82923 0 0 0 339.79 119.21 0.938134 0 0 0 339.815 360.749 0.403466 337.197 356.813 0.383553 311.141 360.738 0.314511 346.365 380.272 0.76458 338.583 381.628 0.802406 308.547 372.485 0.860473 
359.445 116.653 0.870476 338.499 142.745 0.742048 339.839 142.749 0.870606 337.244 181.916 0.902887 368.519 197.579 0.799954 332.002 141.512 0.642119 333.335 185.818 0.155884 356.812 196.305 0.22108 318.956 223.661 0.720483 317.682 223.714 0.764268 319.009 287.682 0.75201 312.464 360.784 0.784005 321.578 223.653 0.569426 337.207 285.024 0.763669 326.764 348.935 0.816129 354.201 110.135 0.863183 0 0 0 341.137 112.777 0.869091 0 0 0 348.929 360.775 0.671595 347.639 358.105 0.625694 320.287 350.348 0.447929 339.815 375.069 0.661498 330.689 379.006 0.623759 307.233 368.533 0.797084 
362.033 112.76 0.842369 339.866 140.167 0.83525 346.364 140.112 0.843787 346.358 179.313 0.839817 375.093 187.158 0.783239 335.93 140.19 0.730638 335.945 184.555 0.445248 360.717 195.006 0.72885 320.282 217.158 0.705496 318.917 217.179 0.739646 315.019 287.622 0.789206 287.71 358.078 0.855529 326.758 218.472 0.620481 338.503 284.984 0.77277 341.146 348.965 0.854002 359.417 108.833 0.911432 0 0 0 347.634 110.192 0.912042 0 0 0 364.647 360.704 0.770405 363.353 358.086 0.705291 337.216 354.193 0.735932 311.112 371.156 0.729879 301.998 371.226 0.693282 283.708 360.719 0.818797 
363.349 115.375 0.8171 339.895 140.197 0.860043 348.938 140.159 0.891191 348.976 180.609 0.923119 377.672 184.564 0.810784 334.621 141.413 0.791406 334.607 188.456 0.465896 359.444 196.311 0.752123 321.571 219.767 0.687933 318.937 219.786 0.737348 308.55 287.696 0.834166 275.862 352.919 0.834418 328.046 221.086 0.630572 339.849 286.328 0.795655 349.033 350.237 0.87983 360.682 110.109 0.925826 0 0 0 348.908 111.452 0.914536 0 0 0 371.21 364.664 0.76688 371.212 360.681 0.770639 342.437 358.072 0.709534 294.186 369.905 0.721851 286.306 371.144 0.725154 266.756 358.1 0.806213 
363.357 119.296 0.883684 339.885 142.784 0.824865 348.983 142.756 0.880024 350.352 183.245 0.910498 380.31 184.546 0.867012 334.598 142.76 0.760096 337.209 189.719 0.331892 362.048 193.726 0.617547 321.568 223.705 0.681449 319.017 224.991 0.742893 305.874 291.576 0.773831 264.134 352.933 0.801729 325.486 223.708 0.549532 346.381 287.638 0.806796 351.572 351.616 0.831594 360.712 112.769 0.857947 0 0 0 348.974 116.67 0.901381 0 0 0 372.484 369.831 0.822513 372.498 362.067 0.779234 347.647 359.454 0.792464 277.185 377.665 0.760176 268.05 372.508 0.739194 255.018 355.53 0.776913 
364.639 121.877 0.834319 339.919 150.626 0.854696 350.255 150.577 0.904065 358.066 191.065 0.851151 381.603 184.564 0.823866 333.306 150.649 0.771952 342.458 192.362 0.15389 369.836 192.403 0.292483 320.269 227.609 0.677772 320.298 232.787 0.677844 298.07 296.772 0.855097 254.935 352.93 0.81521 318.97 225.023 0.534712 350.324 288.947 0.845855 350.343 359.378 0.845854 360.712 119.216 0.892114 0 0 0 348.977 120.59 0.956749 0 0 0 377.683 372.523 0.761151 376.396 369.849 0.735271 345.047 363.352 0.725562 265.403 381.642 0.811422 256.27 379.008 0.74627 244.575 354.209 0.800589 
365.947 137.536 0.816416 339.918 163.696 0.821547 350.323 163.681 0.858599 363.341 205.4 0.835007 382.91 192.339 0.838085 332.003 163.651 0.764098 358.086 201.51 0.212374 373.777 193.668 0.25579 320.259 244.577 0.702111 321.571 247.182 0.705172 292.84 307.171 0.819613 235.401 360.679 0.873726 318.939 240.648 0.520027 360.752 296.717 0.894469 350.317 362.073 0.864364 360.775 131.024 0.900756 0 0 0 350.246 133.64 0.890045 0 0 0 377.692 372.468 0.815427 373.79 369.88 0.765522 343.75 369.864 0.757727 252.378 385.54 0.778893 243.257 382.907 0.769938 224.986 360.708 0.894352 
365.955 146.665 0.773149 339.895 172.805 0.879994 350.344 172.817 0.8732 368.527 214.512 0.853568 382.949 198.907 0.736405 330.694 172.771 0.823159 354.208 208.008 0.183127 373.768 197.596 0.267964 320.287 251.079 0.67237 321.605 254.991 0.711107 292.88 315.03 0.778303 230.199 362.065 0.799561 317.656 245.899 0.506238 368.508 298.064 0.872337 350.322 363.328 0.852904 360.788 140.206 0.875528 0 0 0 350.258 142.765 0.918131 0 0 0 378.971 372.487 0.814908 375.077 369.912 0.758075 342.474 369.878 0.751182 248.505 384.253 0.760782 239.342 382.95 0.746997 221.052 363.341 0.820366 
365.956 151.963 0.852864 341.176 181.927 0.876329 350.335 181.96 0.887164 369.923 222.345 0.874584 382.953 202.803 0.827663 333.31 181.861 0.784584 356.798 213.247 0.17664 372.517 201.505 0.322759 318.995 256.33 0.708776 320.254 260.214 0.705164 294.148 322.879 0.781793 226.283 367.242 0.815488 317.654 253.717 0.483009 369.872 298.137 0.897704 350.303 364.636 0.851688 360.79 149.271 0.862123 0 0 0 350.259 150.599 0.952156 0 0 0 378.978 372.502 0.817634 375.085 371.124 0.763147 342.446 369.909 0.765947 245.913 386.835 0.782352 236.729 384.249 0.764218 217.145 367.255 0.824531 
368.515 170.18 0.817533 341.148 193.659 0.862824 350.296 193.704 0.884369 369.893 234.134 0.899387 381.6 213.21 0.857636 332.041 192.409 0.805442 354.197 228.89 0.181737 371.189 213.221 0.335509 317.684 269.397 0.675942 317.617 274.562 0.703296 298.044 339.845 0.883814 224.989 365.945 0.822444 320.275 268.07 0.462816 371.169 301.986 0.874824 350.317 364.648 0.85692 363.323 162.361 0.850969 0 0 0 350.312 163.63 0.921418 0 0 0 377.715 372.506 0.81973 373.806 371.133 0.771509 342.455 369.908 0.766584 243.245 388.118 0.78926 234.121 385.527 0.785144 214.564 364.623 0.836128 
368.522 172.82 0.895147 339.914 200.181 0.828661 350.283 201.497 0.867009 369.843 238.061 0.859211 380.291 215.877 0.845872 332.022 196.269 0.755592 358.092 234.127 0.238673 371.213 215.895 0.459967 317.633 275.922 0.679458 317.608 278.483 0.713524 298.083 347.665 0.850643 225.018 364.639 0.810831 318.959 274.589 0.416316 0 0 0 0 0 0 363.365 168.871 0.825078 0 0 0 350.311 170.173 0.9096 0 0 0 0 0 0 0 0 0 0 0 0 241.937 388.131 0.780793 234.076 385.522 0.775581 214.591 362.049 0.829656 
368.52 179.291 0.819462 339.909 204.123 0.871738 350.258 205.432 0.85925 369.843 245.819 0.896245 380.313 222.37 0.834196 332.039 202.828 0.821011 356.798 235.43 0.237137 371.171 219.792 0.456167 317.633 279.815 0.665932 316.333 284.989 0.701346 298.151 350.319 0.850041 225.015 363.337 0.825179 321.574 278.506 0.451676 372.474 302.017 0.841518 350.334 363.37 0.856478 363.329 172.754 0.867347 0 0 0 350.347 172.843 0.924943 0 0 0 377.712 372.51 0.814155 373.792 371.131 0.763415 342.459 369.872 0.758949 240.63 388.126 0.774389 232.824 384.231 0.769586 215.838 360.773 0.831107 
365.962 192.325 0.857284 339.826 215.888 0.868943 349.032 218.486 0.843685 368.577 260.225 0.850816 378.966 232.819 0.866563 330.692 214.544 0.844424 352.895 251.105 0.19923 367.273 231.492 0.427641 317.628 290.239 0.629536 316.355 294.184 0.700533 300.716 362.043 0.819639 227.626 362.039 0.816261 324.18 288.925 0.402024 372.497 304.595 0.834586 350.32 364.647 0.85872 362.074 183.293 0.86551 0 0 0 350.303 184.55 0.92455 0 0 0 377.712 372.487 0.8084 373.782 371.124 0.758299 342.474 369.901 0.773064 238.03 388.119 0.787084 231.492 382.93 0.768904 221.052 359.461 0.794278 
367.27 193.674 0.906721 339.84 218.472 0.836815 348.98 222.35 0.873011 368.558 262.821 0.851905 378.963 234.142 0.885408 330.747 214.619 0.785603 350.306 253.713 0.148847 367.257 232.813 0.373713 318.939 292.852 0.647895 316.345 295.477 0.711197 300.685 365.967 0.791431 227.623 360.789 0.832658 326.784 290.273 0.488423 372.485 304.605 0.841777 350.328 364.652 0.855573 363.343 188.441 0.832769 0 0 0 350.272 189.731 0.899662 0 0 0 377.709 372.495 0.813049 373.788 371.126 0.766961 343.736 369.906 0.76362 236.775 386.833 0.785095 230.22 382.901 0.766746 221.064 359.397 0.785394 
367.278 194.977 0.872864 339.825 222.353 0.854757 348.946 223.723 0.889772 368.524 264.17 0.878532 376.395 235.401 0.882334 330.74 217.187 0.751567 351.587 252.401 0.15035 368.532 234.129 0.438853 317.668 296.73 0.66022 315.066 298.051 0.719868 304.625 368.585 0.826843 231.523 360.774 0.828525 326.767 295.446 0.465384 372.492 304.618 0.838219 350.323 364.663 0.857099 363.326 191.06 0.870446 0 0 0 350.262 192.292 0.935888 0 0 0 377.71 372.49 0.817917 373.783 371.124 0.771963 342.478 371.116 0.761506 236.761 388.159 0.749321 230.193 382.912 0.725792 223.642 358.124 0.76922 
367.243 198.887 0.810563 338.587 224.962 0.879464 348.922 226.283 0.866525 367.232 266.825 0.848105 376.375 238.06 0.797614 329.459 223.67 0.81435 355.504 257.618 0.15502 368.558 236.731 0.526686 317.673 298.047 0.666618 316.319 299.38 0.6984 307.162 371.156 0.866258 232.837 360.741 0.845994 326.78 296.77 0.476196 372.464 304.626 0.836345 350.307 364.67 0.857252 362.052 192.4 0.893605 0 0 0 350.251 193.73 0.94181 0 0 0 378.958 372.512 0.820014 375.069 371.14 0.772786 342.455 369.917 0.764754 238.063 389.404 0.734654 231.52 382.915 0.715463 223.709 358.066 0.764709 
365.955 201.494 0.834204 338.559 225.05 0.859939 346.392 226.338 0.831161 365.925 269.363 0.826478 375.103 240.638 0.791415 329.454 224.945 0.816809 355.509 258.922 0.163508 369.81 236.745 0.497999 318.964 298.09 0.701248 313.759 299.413 0.695357 307.19 371.232 0.867007 234.11 360.753 0.85192 328.09 298.035 0.592879 372.467 305.863 0.833491 350.324 363.373 0.856652 362.044 193.681 0.890575 0 0 0 350.231 194.997 0.931057 0 0 0 378.964 373.764 0.811794 375.084 371.148 0.768024 342.475 369.878 0.754596 238.052 389.408 0.763728 231.521 382.903 0.741428 224.979 356.825 0.756132 
364.639 202.765 0.858799 338.557 225.047 0.827178 343.744 226.334 0.818239 364.627 270.672 0.826448 375.08 241.977 0.808846 332.003 224.934 0.739179 355.517 257.649 0.135728 369.825 238.033 0.466981 318.939 298.125 0.687675 313.729 300.705 0.683087 307.202 372.52 0.864451 234.133 360.732 0.862425 328.069 298.064 0.563167 371.226 305.861 0.830492 350.265 364.67 0.859301 362.01 194.955 0.888177 0 0 0 349.033 196.29 0.907286 0 0 0 378.967 373.806 0.804402 375.09 371.173 0.764816 341.166 371.12 0.769587 239.331 389.398 0.765274 231.534 381.669 0.750877 225.002 356.82 0.753857 
363.344 202.825 0.883574 338.54 226.296 0.81729 343.779 227.633 0.802767 363.344 270.659 0.837204 372.529 243.232 0.833842 330.715 224.959 0.75719 351.597 257.626 0.121033 368.545 239.332 0.332929 317.645 299.364 0.671868 312.458 302.017 0.679381 307.211 373.77 0.862527 234.151 360.702 0.861024 325.494 298.066 0.503156 371.182 305.885 0.849697 350.249 364.648 0.864211 360.785 195.007 0.882923 0 0 0 349.017 197.564 0.89765 0 0 0 377.689 373.805 0.808801 373.805 371.166 0.783605 341.141 369.915 0.767212 238.057 389.412 0.762585 231.524 382.897 0.736163 225.027 355.512 0.732688 
362.081 202.839 0.882112 338.475 225.061 0.82201 342.49 227.623 0.810753 362.075 270.672 0.849549 372.516 241.976 0.823648 329.406 223.733 0.792024 348.998 256.353 0.160017 364.645 239.357 0.433075 315.064 299.401 0.641946 312.453 305.87 0.688336 307.202 373.771 0.856978 235.408 360.701 0.856346 317.664 298.044 0.438411 371.152 305.887 0.851216 349.041 364.639 0.867383 360.753 195.022 0.874343 0 0 0 348.977 197.572 0.888329 0 0 0 375.105 371.238 0.825878 372.493 369.874 0.787119 341.13 369.89 0.754332 236.746 388.154 0.763801 230.217 381.638 0.748395 226.323 354.198 0.693911 
362.071 202.796 0.880273 337.235 225.053 0.817087 341.194 226.351 0.831881 362.045 269.402 0.858083 372.476 241.944 0.822913 329.382 224.936 0.803543 348.984 257.623 0.147342 362.081 238.069 0.41198 316.354 298.123 0.671381 311.156 301.998 0.686474 307.22 372.5 0.868418 235.429 360.716 0.84997 322.879 298.044 0.488817 371.138 305.882 0.852251 349.034 364.636 0.868243 360.725 194.976 0.898023 0 0 0 348.905 197.558 0.8689 0 0 0 375.098 371.229 0.835163 372.487 369.862 0.790607 339.906 369.906 0.769816 236.715 389.408 0.745504 228.926 381.632 0.729793 227.603 354.202 0.687297 
362.061 201.492 0.86162 337.229 224.97 0.793783 339.87 225.055 0.86997 362.067 266.782 0.896634 373.76 236.726 0.816292 329.451 223.672 0.725794 354.191 256.304 0.165053 365.962 235.491 0.351362 316.361 298.104 0.683342 309.819 300.695 0.712127 307.217 372.484 0.870395 235.391 360.704 0.856927 325.46 298.037 0.545012 371.143 304.62 0.850773 349.026 364.628 0.865445 360.682 193.689 0.931715 0 0 0 347.657 196.258 0.874676 0 0 0 375.085 371.216 0.816658 372.463 369.855 0.779121 339.887 369.902 0.765157 235.481 388.129 0.751331 228.905 381.609 0.742235 226.322 354.213 0.70097 
360.792 198.889 0.856434 337.229 223.729 0.817641 339.909 224.982 0.877404 363.368 265.375 0.863178 372.528 235.405 0.854315 329.417 223.651 0.754008 349 256.317 0.135545 362.075 235.442 0.292053 315.042 298.084 0.666856 309.805 300.682 0.710634 307.208 371.169 0.88526 234.127 360.734 0.850275 321.578 296.795 0.497045 371.116 305.886 0.862415 350.243 363.346 0.868815 359.432 193.619 0.939974 0 0 0 346.367 194.963 0.874099 0 0 0 376.369 371.213 0.810751 372.481 369.854 0.768083 341.147 369.865 0.759088 236.739 389.416 0.752927 228.925 381.666 0.727128 225.001 356.81 0.742749 
360.694 193.662 0.932457 338.483 219.782 0.761379 341.133 221.081 0.829094 369.862 256.285 0.902012 373.784 227.58 0.800953 330.739 217.155 0.662414 351.61 260.221 0.257938 358.139 258.925 0.217655 316.318 295.484 0.681685 308.539 296.814 0.753708 305.879 368.543 0.82636 231.491 360.752 0.824422 322.886 295.426 0.553653 371.113 302.021 0.857978 350.24 363.356 0.870762 358.117 189.716 0.84234 0 0 0 342.479 192.31 0.881017 0 0 0 376.374 371.212 0.82189 372.495 369.847 0.770479 341.168 369.9 0.756742 236.752 389.435 0.76801 228.906 382.953 0.711142 222.377 358.113 0.765875 
360.676 192.292 0.930921 337.244 214.596 0.798311 339.905 214.624 0.844805 371.132 247.183 0.88429 376.376 223.661 0.771449 329.416 214.56 0.746358 351.583 254.998 0.269304 0 0 0 316.324 291.568 0.633423 308.571 295.471 0.696926 303.29 363.357 0.785034 227.584 360.799 0.82317 324.181 288.986 0.509417 371.144 302.004 0.859166 350.236 363.344 0.87105 358.089 184.525 0.887068 0 0 0 342.448 188.443 0.837153 0 0 0 375.107 371.207 0.8294 372.489 369.839 0.776659 341.16 369.885 0.766252 236.771 389.435 0.773009 228.919 384.226 0.71494 219.746 359.401 0.777458 
359.441 184.54 0.911167 337.249 213.251 0.834308 341.161 213.231 0.836191 371.207 240.668 0.843045 377.715 217.142 0.778455 329.425 213.254 0.787407 350.299 252.384 0.548017 367.226 236.748 0.289859 316.331 287.63 0.687423 308.581 288.974 0.701062 301.977 360.7 0.828131 226.32 362.039 0.821922 324.186 286.367 0.547836 371.161 300.702 0.862912 350.23 363.349 0.869442 355.501 181.872 0.862763 0 0 0 341.157 183.292 0.913351 0 0 0 375.113 371.213 0.832384 372.496 369.841 0.777723 341.132 369.892 0.78186 236.742 389.448 0.773701 228.894 384.238 0.729862 218.446 359.462 0.802657 
358.101 171.48 0.915388 338.507 196.263 0.793174 342.447 194.992 0.833968 376.408 223.644 0.840754 378.949 196.306 0.753209 329.454 196.29 0.721859 352.902 234.118 0.338606 362.066 224.974 0.283555 317.653 275.849 0.688259 313.754 277.171 0.708122 296.771 341.2 0.839454 223.693 363.345 0.828788 325.476 274.6 0.5132 371.12 300.718 0.86983 350.263 363.338 0.867938 351.608 164.98 0.843614 0 0 0 339.819 171.405 0.935727 0 0 0 377.692 373.784 0.805104 375.07 371.145 0.759868 341.174 369.878 0.769678 235.464 389.394 0.784516 226.327 384.237 0.750653 214.499 360.786 0.869324 
358.109 163.638 0.885944 338.488 192.375 0.862293 346.344 192.316 0.823879 377.693 214.623 0.81958 379.005 192.411 0.822462 329.374 192.417 0.812766 356.792 224.985 0.25793 369.851 205.399 0.214371 318.941 266.812 0.708084 316.35 269.364 0.693543 295.455 334.618 0.803909 222.404 363.34 0.814187 325.504 268.05 0.532434 371.116 300.689 0.883272 350.265 362.082 0.87088 351.593 160.985 0.899062 0 0 0 339.809 162.389 0.951637 0 0 0 377.707 373.782 0.814492 375.075 371.143 0.77653 341.141 369.861 0.777547 234.165 390.677 0.806039 225.017 385.534 0.755356 213.224 360.785 0.882897 
358.072 158.416 0.836252 338.53 183.287 0.842791 346.388 183.259 0.842384 378.964 209.306 0.798503 378.98 183.276 0.782339 329.384 184.506 0.758948 352.908 214.546 0.248081 368.544 187.147 0.217869 318.935 258.939 0.686831 318.928 264.128 0.717605 294.137 322.895 0.766612 223.724 360.805 0.853645 316.365 256.292 0.474411 369.902 299.393 0.889508 350.275 362.072 0.870229 351.57 151.925 0.891848 0 0 0 339.792 155.842 0.880341 0 0 0 377.703 372.488 0.809124 373.782 369.91 0.76123 341.159 369.854 0.758329 234.113 389.46 0.825732 224.983 384.238 0.751829 214.524 360.716 0.875125 
356.796 141.493 0.888801 337.228 171.427 0.846722 345.051 170.159 0.805439 373.773 193.708 0.843865 378.981 171.427 0.786973 328.121 171.466 0.817719 347.662 205.409 0.215788 360.698 201.502 0.113742 321.574 245.848 0.662092 321.57 247.207 0.669728 294.135 305.905 0.804114 235.502 355.529 0.816765 321.572 243.265 0.504411 364.647 296.753 0.853864 350.311 362.028 0.874855 350.334 138.84 0.904461 0 0 0 339.801 141.413 0.952502 0 0 0 377.669 372.464 0.847991 373.795 369.875 0.797215 342.457 369.83 0.757951 243.248 381.612 0.816723 234.146 378.958 0.742466 227.613 354.182 0.756125 
358.071 132.368 0.829367 338.496 161.034 0.862231 346.349 160.965 0.824797 371.193 188.456 0.848398 377.712 162.355 0.809019 329.373 161.08 0.805704 348.986 194.983 0.149723 364.649 162.364 0.144781 321.583 236.763 0.654322 320.281 240.648 0.670548 296.735 298.054 0.859901 245.814 351.618 0.847622 324.175 235.47 0.528499 359.358 294.133 0.828777 350.288 360.768 0.877532 350.361 129.699 0.892967 0 0 0 339.821 131.082 0.928958 0 0 0 376.41 372.488 0.82806 375.065 369.879 0.788525 342.464 369.804 0.742387 256.325 380.329 0.85026 247.198 377.691 0.743262 235.435 351.61 0.85118 
359.405 125.78 0.849519 338.549 151.935 0.864268 347.697 151.921 0.864051 369.9 183.215 0.897819 379.003 160.983 0.841754 329.385 151.93 0.805172 338.55 191.025 0.120295 0 0 0 324.177 231.501 0.649069 320.31 234.079 0.680506 298.15 294.155 0.805457 256.357 351.576 0.849266 326.785 230.212 0.543241 349.038 292.866 0.823163 350.242 359.45 0.891807 352.889 120.557 0.867296 0 0 0 339.867 123.197 0.887374 0 0 0 375.093 371.221 0.829762 373.78 368.586 0.767947 342.446 365.959 0.739755 274.548 378.985 0.805386 265.416 373.809 0.773208 247.206 351.644 0.816176 
360.694 115.362 0.85455 339.811 140.185 0.875304 347.697 140.104 0.876202 362.077 174.078 0.840838 378.991 153.203 0.830007 330.722 141.432 0.781392 356.817 174.115 0.161117 371.131 154.539 0.254221 322.899 217.155 0.64871 324.16 219.764 0.663173 309.86 287.588 0.784924 287.644 352.911 0.846322 324.177 215.862 0.522011 330.745 286.348 0.802655 334.641 350.311 0.825221 356.826 110.106 0.886807 0 0 0 342.444 112.746 0.85835 0 0 0 356.806 367.266 0.730906 356.791 360.767 0.709547 328.118 358.12 0.753373 309.84 371.2 0.771622 300.681 371.236 0.710025 281.102 358.125 0.776922 
360.7 112.759 0.868436 339.822 138.834 0.800433 343.785 136.254 0.809285 360.714 172.793 0.917839 376.396 153.191 0.827796 333.342 138.871 0.678309 358.111 172.809 0.125926 371.153 154.527 0.211314 321.604 214.523 0.651901 322.896 214.573 0.697593 318.944 282.408 0.765494 305.858 354.204 0.789636 321.594 213.256 0.524855 329.379 283.724 0.776027 318.92 348.956 0.84237 358.09 108.828 0.895155 0 0 0 342.434 110.111 0.916176 0 0 0 335.949 365.938 0.627642 337.207 360.747 0.593234 317.58 350.344 0.464624 328.062 369.908 0.705606 317.648 371.169 0.620871 298.081 359.429 0.770074 
359.483 111.482 0.899531 339.791 137.558 0.747276 341.129 134.957 0.840981 358.131 172.757 0.903621 376.376 153.212 0.835034 335.936 138.825 0.612265 358.09 172.839 0.156377 371.131 153.213 0.271005 320.31 213.262 0.652579 325.488 214.522 0.699287 326.802 285.029 0.779558 319.007 356.813 0.726624 318.958 213.212 0.550845 321.556 286.279 0.773668 298.146 346.348 0.749973 356.827 108.775 0.888513 0 0 0 341.147 108.864 0.938617 0 0 0 308.507 360.753 0.278256 307.167 359.381 0.210958 294.174 350.249 0.674942 342.484 369.856 0.714932 335.942 371.146 0.67517 316.313 360.784 0.758314 
359.433 112.736 0.877436 338.527 137.557 0.705002 339.828 136.223 0.861948 354.226 174.111 0.836224 372.507 154.537 0.843557 335.913 138.826 0.604624 350.287 180.616 0.156103 369.819 157.097 0.143648 320.258 215.896 0.674924 324.2 218.444 0.671635 329.451 287.681 0.78773 335.951 359.361 0.819798 317.677 215.839 0.579271 319.013 286.38 0.828543 285.004 339.82 0.84289 355.501 108.8 0.87749 0 0 0 339.891 108.889 0.963713 0 0 0 294.161 362.061 0.719794 290.251 360.692 0.663848 275.875 341.147 0.760773 362.029 371.119 0.772805 354.204 371.224 0.757778 329.415 362.081 0.787868 
358.135 120.592 0.931648 335.904 147.95 0.678909 338.471 146.7 0.838275 348.985 183.296 0.912883 371.126 162.332 0.929795 332.032 145.401 0.595454 350.276 184.527 0.103234 365.941 161.046 0.053385 318.978 227.598 0.732431 324.199 230.206 0.688436 349.02 295.446 0.847401 350.31 363.359 0.822472 315.042 226.283 0.624986 313.755 295.486 0.824671 260.222 335.942 0.801186 351.631 117.912 0.867885 0 0 0 339.783 119.248 0.964455 0 0 0 261.523 360.77 0.691764 260.217 359.441 0.66423 252.387 334.62 0.729759 380.327 372.473 0.751861 372.457 376.411 0.794575 345.081 371.135 0.819248 
356.804 129.672 0.866269 332.018 153.2 0.731241 335.905 153.199 0.845172 348.979 193.611 0.936949 369.919 171.41 0.911759 329.452 151.957 0.644277 348.952 192.357 0.105045 367.262 168.853 0.0838878 318.996 235.47 0.756708 325.477 236.758 0.704185 356.825 296.793 0.823284 350.257 368.573 0.872486 316.331 235.413 0.650004 307.206 300.708 0.852871 254.975 339.867 0.874349 350.361 121.88 0.874959 0 0 0 338.573 124.49 0.904661 0 0 0 256.275 364.624 0.711815 254.996 362.015 0.703376 244.596 339.864 0.806583 380.331 373.806 0.739777 372.476 379.014 0.81059 343.755 373.763 0.791234 
355.527 138.832 0.837974 329.474 162.394 0.787752 332.025 162.408 0.844974 349.017 202.816 0.925269 369.861 176.682 0.85005 328.113 162.353 0.663879 347.659 201.476 0.0920113 0 0 0 318.938 245.892 0.76435 324.165 247.181 0.693543 362.05 298.135 0.841819 350.288 368.585 0.874009 313.735 245.84 0.639117 301.991 308.5 0.860677 247.222 346.373 0.804384 350.327 131.036 0.9143 0 0 0 338.515 132.34 0.91408 0 0 0 249.788 369.832 0.755963 251.083 368.51 0.725645 238.069 345.044 0.731002 380.314 373.803 0.771118 372.471 379.007 0.835587 343.759 372.511 0.80045 
354.204 161.05 0.886763 329.378 192.311 0.747368 329.406 192.364 0.890832 348.971 232.823 0.887261 367.274 202.778 0.811568 328.124 189.757 0.587007 348.947 224.996 0.113026 363.335 201.457 0.0881729 312.427 269.369 0.681887 317.677 270.656 0.70076 371.179 304.62 0.859687 350.254 369.833 0.902945 307.223 268.088 0.614502 299.371 330.741 0.841857 235.466 350.33 0.847339 350.284 153.258 0.883074 0 0 0 338.468 157.107 0.86872 0 0 0 245.935 369.864 0.833401 245.896 368.507 0.753281 225.047 350.255 0.794877 380.279 373.779 0.792713 372.466 378.986 0.845953 342.463 373.759 0.811466 
355.494 167.536 0.824278 329.376 196.305 0.737613 329.389 198.888 0.858889 348.954 236.74 0.889638 364.66 209.33 0.764881 329.371 193.736 0.633096 348.999 231.505 0.187882 362.054 206.699 0.184346 309.813 275.9 0.750256 316.322 275.943 0.740115 371.21 305.91 0.870927 350.243 369.825 0.900817 307.17 275.854 0.641503 299.386 338.545 0.88322 235.388 351.571 0.835976 350.285 161.085 0.929819 0 0 0 338.497 163.625 0.917577 0 0 0 245.831 369.822 0.828919 244.58 367.22 0.742854 224.971 350.3 0.795078 380.244 373.766 0.775683 371.226 378.975 0.838585 342.465 372.508 0.813014 
355.491 172.743 0.904663 329.374 202.847 0.790072 328.151 204.097 0.895126 348.937 245.837 0.932682 364.656 214.58 0.809871 330.698 202.754 0.641204 349.007 235.462 0.183761 362.059 213.285 0.239943 308.546 279.788 0.719664 313.748 279.798 0.672343 372.461 307.158 0.866159 350.248 369.841 0.901965 305.923 278.534 0.620529 299.422 341.172 0.82762 235.456 351.593 0.827326 350.309 167.551 0.863976 0 0 0 338.498 171.406 0.923556 0 0 0 245.854 369.893 0.776255 244.618 368.549 0.710574 225.017 350.312 0.771407 380.245 372.516 0.774749 371.228 378.968 0.83529 342.469 372.519 0.804577 
356.797 181.953 0.914076 329.354 213.194 0.795621 329.388 214.503 0.899804 348.99 256.258 0.951966 364.644 224.997 0.786312 329.364 209.32 0.651914 350.252 245.864 0.211889 363.331 222.385 0.266839 308.516 286.363 0.732865 312.429 287.613 0.682499 372.514 307.17 0.861314 350.275 369.839 0.894815 305.894 286.324 0.614626 305.865 350.256 0.873232 239.345 351.61 0.809607 350.354 175.416 0.862644 0 0 0 338.528 180.56 0.913061 0 0 0 244.62 371.141 0.771779 245.836 369.818 0.771044 230.21 350.258 0.783117 379.011 373.8 0.749565 372.484 378.98 0.817189 343.752 372.485 0.813206 
356.826 184.517 0.87165 329.39 214.572 0.811382 329.421 215.89 0.863432 349.016 257.639 0.909737 364.654 226.344 0.768139 329.386 213.238 0.686898 349.016 247.203 0.246065 363.333 226.276 0.2805 307.234 288.961 0.717066 311.151 288.982 0.6686 372.508 307.146 0.851563 350.297 369.858 0.880768 301.986 288.951 0.594714 307.154 351.627 0.845054 243.215 351.639 0.806918 350.361 180.64 0.896026 0 0 0 338.546 183.18 0.956739 0 0 0 244.617 371.168 0.732289 245.841 369.853 0.756402 232.832 350.244 0.812423 377.703 372.504 0.75159 372.472 377.686 0.81692 345.039 372.517 0.815609 
358.102 188.438 0.841251 329.44 218.448 0.762538 329.412 221.086 0.858176 350.247 261.529 0.871182 364.664 231.536 0.770603 332.018 214.593 0.671088 350.305 254.99 0.236011 363.361 228.916 0.250925 307.246 292.846 0.695704 309.81 292.855 0.671117 372.483 305.935 0.856246 350.305 369.869 0.870849 304.599 292.845 0.546326 307.24 355.499 0.862973 244.564 351.602 0.846358 351.586 183.191 0.907656 0 0 0 338.589 185.83 0.907103 0 0 0 245.857 371.169 0.736327 245.888 369.852 0.760728 235.407 348.999 0.826094 377.706 373.761 0.750255 372.503 377.696 0.810541 345.059 373.768 0.800154 
359.371 192.406 0.88651 330.744 224.931 0.794976 329.469 225.046 0.869789 351.567 268.065 0.882815 367.241 234.156 0.819846 334.619 222.379 0.660757 350.335 257.622 0.190115 360.761 234.095 0.166682 305.886 296.786 0.71225 308.562 296.811 0.686927 371.203 307.241 0.892644 350.251 369.87 0.886071 298.086 296.773 0.624027 307.274 359.381 0.908953 245.834 351.597 0.852703 354.201 185.853 0.809451 0 0 0 339.844 192.304 0.940464 0 0 0 245.877 371.199 0.718888 245.92 369.873 0.74349 235.478 348.98 0.839133 377.703 372.502 0.749186 371.226 377.698 0.814687 343.744 373.782 0.800575 
359.433 193.724 0.901257 332.023 225.001 0.765357 330.727 226.297 0.844074 351.61 271.966 0.83879 368.527 235.492 0.832279 335.918 223.686 0.660315 351.621 257.603 0.288317 363.342 235.437 0.316179 304.608 298.045 0.702468 308.498 298.067 0.694453 371.17 307.216 0.890351 350.272 369.846 0.881828 298.094 298.045 0.609288 308.499 359.41 0.909024 245.834 351.635 0.834239 356.797 191.012 0.837072 0 0 0 339.91 192.416 0.945747 0 0 0 245.836 371.219 0.706336 245.876 369.905 0.739569 235.469 348.998 0.820737 378.976 372.479 0.760142 371.231 377.683 0.812483 343.776 372.519 0.806768 
359.476 195.019 0.893963 330.759 226.281 0.751513 331.998 227.616 0.81634 354.199 274.566 0.830707 368.556 238.056 0.851083 333.307 223.74 0.673289 350.296 258.93 0.197541 362.031 238.056 0.24762 303.296 298.119 0.689195 308.527 298.13 0.682872 371.121 307.249 0.897034 350.253 369.852 0.883392 296.784 298.11 0.638907 308.484 359.451 0.928632 245.853 352.875 0.821983 356.823 192.324 0.888388 0 0 0 341.142 193.737 0.922808 0 0 0 245.822 371.218 0.704019 245.869 369.907 0.749722 236.717 348.994 0.796732 378.963 372.475 0.760464 371.205 377.681 0.807249 343.753 372.522 0.803857 
360.705 197.581 0.883459 330.717 226.301 0.762137 333.302 228.914 0.801948 354.216 275.828 0.843701 369.814 239.363 0.852144 329.435 223.727 0.696445 350.257 260.231 0.173211 362.019 236.778 0.21149 302.015 298.118 0.702074 308.563 298.12 0.691358 369.91 307.235 0.900455 350.256 369.841 0.881601 295.482 298.106 0.665227 308.486 359.425 0.922507 245.882 351.62 0.83056 358.11 192.386 0.915986 0 0 0 341.203 194.989 0.885266 0 0 0 244.596 372.488 0.68355 245.848 371.142 0.72819 236.742 348.979 0.797808 378.959 372.474 0.766083 371.199 377.679 0.818141 343.752 372.512 0.812612 
360.729 198.907 0.871636 330.731 226.336 0.746639 332.017 230.199 0.810564 355.484 275.845 0.848542 369.856 238.067 0.859024 330.715 224.95 0.689645 350.308 261.528 0.242708 365.927 236.771 0.207532 299.43 298.115 0.705351 308.485 298.107 0.682069 369.881 307.199 0.898105 350.251 369.858 0.891215 295.434 298.104 0.640909 308.489 359.383 0.90539 245.935 355.502 0.810299 358.144 193.62 0.919236 0 0 0 343.739 196.26 0.853156 0 0 0 245.827 372.498 0.671345 245.87 371.158 0.717309 236.779 350.279 0.768294 378.958 372.475 0.765313 371.204 377.682 0.820475 343.761 373.76 0.812235 
360.734 197.607 0.876507 330.742 226.277 0.758487 332.048 227.59 0.810123 355.519 275.828 0.845695 369.839 238.071 0.848334 330.713 223.732 0.690046 351.585 261.548 0.303394 367.225 238.034 0.308334 299.415 298.081 0.71027 307.225 298.077 0.685829 369.874 307.164 0.889335 350.267 369.854 0.889964 295.44 298.073 0.637447 307.258 358.073 0.874389 245.866 356.805 0.822172 359.359 192.406 0.920849 0 0 0 343.743 194.993 0.866668 0 0 0 245.871 372.505 0.678801 245.895 371.17 0.711183 236.721 350.329 0.78328 378.967 372.475 0.771153 371.203 377.687 0.824652 343.779 373.762 0.807947 
360.718 197.59 0.877404 332.001 225.026 0.754241 332.047 226.324 0.817985 355.515 274.612 0.841893 369.826 236.78 0.864294 332.014 223.696 0.661084 350.335 260.229 0.223789 363.361 236.725 0.230069 299.401 296.803 0.715012 307.19 296.789 0.685793 369.843 305.914 0.894859 350.264 369.835 0.892511 295.456 296.804 0.626351 307.207 354.228 0.85197 245.876 358.085 0.830118 359.352 192.37 0.921625 0 0 0 342.488 193.736 0.887182 0 0 0 245.883 373.761 0.656237 245.893 371.189 0.672397 235.486 351.609 0.762631 378.97 372.475 0.774513 371.199 377.682 0.83166 343.785 372.514 0.82389 
360.707 194.969 0.895894 331.997 224.981 0.79506 334.635 226.292 0.822136 355.493 271.993 0.81425 369.817 236.754 0.871513 329.453 223.64 0.697398 351.588 257.637 0.25665 365.933 235.437 0.294107 299.389 296.74 0.727895 307.185 296.751 0.692727 369.823 305.911 0.885719 350.256 369.858 0.896169 295.444 296.72 0.638039 307.199 351.64 0.865628 244.619 358.088 0.829797 358.129 191.066 0.884303 0 0 0 343.746 193.643 0.900034 0 0 0 245.847 372.47 0.699272 245.861 371.146 0.721546 235.441 352.882 0.745664 378.954 372.463 0.762721 371.188 377.681 0.825608 343.771 373.773 0.810178 
360.705 184.511 0.925564 332.027 215.868 0.723646 335.908 218.45 0.792888 359.365 262.808 0.843357 369.879 226.317 0.855631 330.734 214.508 0.671482 352.901 251.079 0.177602 367.264 224.982 0.174758 300.684 287.631 0.715239 307.245 287.643 0.697496 369.838 305.888 0.887242 350.248 369.86 0.891216 295.488 287.62 0.651861 304.619 347.695 0.842767 241.942 358.095 0.786905 358.087 181.845 0.88528 0 0 0 341.177 184.507 0.904793 0 0 0 244.603 372.479 0.704143 244.558 371.154 0.693273 232.797 355.483 0.700318 377.691 372.465 0.759197 371.2 377.667 0.822213 343.772 373.784 0.797731 
359.472 183.17 0.934968 332.049 213.276 0.794244 337.233 214.576 0.856144 359.435 256.359 0.898368 369.865 223.681 0.826742 329.443 211.899 0.711937 352.885 245.844 0.231054 368.576 223.624 0.234899 301.992 285.044 0.727964 308.566 286.289 0.70308 369.873 303.315 0.870421 350.248 369.846 0.892555 295.486 285.019 0.675501 303.309 343.741 0.805757 238.052 358.102 0.798624 356.833 176.701 0.828197 0 0 0 341.195 181.913 0.911737 0 0 0 244.523 371.151 0.726785 243.271 369.856 0.709908 230.195 356.801 0.721261 377.686 372.469 0.760422 371.198 376.413 0.827757 343.772 373.768 0.801188 
360.727 176.701 0.893364 333.337 210.645 0.734866 338.529 213.22 0.850761 359.448 249.784 0.867358 371.129 215.855 0.828512 329.437 205.429 0.700721 351.611 239.358 0.117774 369.824 214.555 0.0637983 303.3 279.804 0.697599 309.839 281.092 0.669091 369.885 304.607 0.876178 350.249 369.847 0.894275 296.731 278.532 0.674823 301.999 339.869 0.872494 236.746 358.106 0.818848 358.11 172.727 0.906613 0 0 0 342.48 176.717 0.838131 0 0 0 244.567 371.126 0.721715 244.53 369.839 0.693259 227.598 358.084 0.753294 377.686 372.474 0.758106 371.196 377.666 0.826912 343.771 373.763 0.803847 
360.784 166.265 0.876684 338.484 200.194 0.740487 339.802 202.762 0.859556 362.034 239.358 0.823709 372.484 209.335 0.796045 335.915 194.975 0.658682 359.383 232.808 0.298537 371.161 210.635 0.361542 307.225 273.274 0.727176 316.311 274.559 0.68362 371.158 305.862 0.870981 349.039 369.892 0.909111 298.134 271.97 0.650675 299.404 332.012 0.837175 235.477 355.522 0.80892 359.357 162.299 0.915953 0 0 0 345.049 166.245 0.836969 0 0 0 241.978 371.182 0.708613 241.959 369.891 0.696919 226.309 355.48 0.733535 378.967 372.519 0.767073 371.213 378.965 0.843498 341.2 375.088 0.81806 
362.026 162.301 0.909686 338.586 193.655 0.819264 341.137 194.95 0.843026 362.076 235.377 0.865792 372.529 202.852 0.814847 335.923 192.304 0.675507 359.416 224.966 0.325025 371.212 202.84 0.439053 309.871 266.751 0.741728 318.998 268.049 0.719405 371.206 305.883 0.865999 349.043 369.874 0.913252 303.305 265.441 0.670424 298.15 325.499 0.841761 236.727 352.923 0.805307 359.402 157.127 0.854608 0 0 0 346.378 161.053 0.901516 0 0 0 239.346 371.17 0.708075 240.644 369.903 0.703674 226.338 351.629 0.746926 378.97 373.79 0.776835 371.197 378.992 0.874607 341.188 373.806 0.824503 
362.018 154.543 0.847674 339.791 187.143 0.815284 345.044 191.055 0.812027 365.966 228.915 0.778534 377.686 195.016 0.783305 332.045 183.266 0.763137 359.408 218.47 0.316586 371.157 196.287 0.401164 316.315 261.535 0.720198 324.195 264.127 0.708898 372.479 305.865 0.842334 350.242 369.827 0.901449 307.163 258.924 0.683121 298.041 318.921 0.92252 238.029 350.36 0.822527 359.395 150.62 0.91104 0 0 0 346.391 153.207 0.878328 0 0 0 240.631 369.892 0.709177 241.93 369.838 0.717261 228.921 350.315 0.786274 378.98 375.069 0.777195 371.216 378.994 0.871484 341.193 372.516 0.829524 
362.073 149.312 0.847329 339.874 181.896 0.831664 345.067 183.174 0.840869 368.566 222.329 0.817812 380.265 191.068 0.86793 337.205 179.327 0.699966 358.106 213.257 0.133977 369.834 191.026 0.131158 317.702 256.307 0.777639 328.045 257.605 0.734565 372.509 303.3 0.815024 350.294 369.807 0.893976 308.566 255.019 0.704289 296.818 309.817 0.873434 241.98 348.981 0.831469 359.447 142.752 0.890517 0 0 0 347.684 149.296 0.896536 0 0 0 241.943 369.89 0.663182 240.64 369.829 0.649237 232.844 348.999 0.782064 380.259 375.068 0.779689 372.452 379.009 0.85846 343.736 372.49 0.823926 
367.228 132.331 0.858785 346.339 164.977 0.739324 350.286 168.842 0.830163 369.882 204.119 0.906548 382.898 172.845 0.87696 339.809 162.392 0.750918 363.332 191.067 0.14992 376.394 171.496 0.168654 326.792 244.521 0.754226 334.63 245.874 0.724399 371.128 298.151 0.871729 350.35 368.555 0.860858 317.664 240.646 0.668195 298.062 296.728 0.875861 252.395 339.84 0.833734 360.72 129.704 0.922223 0 0 0 348.922 133.651 0.873657 0 0 0 257.631 362.039 0.728049 255.059 360.759 0.687202 243.271 339.903 0.80259 380.254 375.084 0.760729 372.492 379.001 0.847735 345.055 372.451 0.835218 
367.245 127.095 0.816211 348.944 159.689 0.78082 351.582 159.754 0.84968 371.163 194.957 0.898899 384.221 168.855 0.82295 341.17 155.792 0.692421 365.933 184.533 0.13584 378.965 162.393 0.236944 328.075 235.481 0.756625 337.189 240.647 0.684453 368.513 298.04 0.836047 350.345 368.542 0.856632 318.919 234.113 0.691505 300.712 287.684 0.825819 257.651 338.553 0.82365 360.741 120.616 0.901977 0 0 0 349.001 128.403 0.91544 0 0 0 269.394 360.735 0.756769 266.75 359.453 0.714527 251.066 339.863 0.785869 380.292 375.076 0.771678 372.489 379.002 0.849214 345.064 371.245 0.837119 
368.557 119.276 0.885871 348.929 150.548 0.827958 354.208 150.609 0.826268 372.481 188.449 0.813121 385.546 161.041 0.839471 339.894 149.251 0.724123 363.337 172.806 0.0968092 375.091 159.743 0.255752 329.405 228.928 0.748199 338.536 234.088 0.753694 359.359 296.746 0.83733 351.582 364.634 0.799812 320.266 225.006 0.679583 307.154 285.035 0.842772 269.373 338.55 0.806421 362.052 114.039 0.823225 0 0 0 350.298 119.259 0.948483 0 0 0 286.265 359.451 0.800298 281.092 359.364 0.655253 262.86 339.908 0.781521 380.297 373.785 0.737979 372.489 377.711 0.789105 347.637 371.129 0.853195 
371.128 111.472 0.875909 350.232 141.411 0.868585 358.076 141.449 0.872264 372.503 181.929 0.860898 389.449 159.696 0.786277 342.439 140.194 0.779669 362.029 175.411 0.132925 379.017 157.11 0.313915 329.422 223.644 0.764641 338.543 224.982 0.769913 348.98 296.748 0.822474 351.626 360.72 0.84278 321.561 219.764 0.642904 308.593 279.792 0.797705 285.029 339.814 0.837339 367.251 108.815 0.858652 0 0 0 352.901 111.438 0.878541 0 0 0 300.701 359.38 0.70061 298.038 356.829 0.614091 277.17 342.481 0.771324 380.34 373.782 0.752312 372.473 376.415 0.781581 348.923 365.955 0.821157 
373.759 104.921 0.826288 352.924 131.056 0.784899 360.748 131.07 0.893702 379 172.741 0.895588 390.699 149.283 0.894181 347.692 131 0.813031 364.644 163.688 0.100125 380.289 147.974 0.222277 333.3 210.62 0.663012 338.526 213.222 0.746576 329.437 279.789 0.760522 315.038 350.349 0.811543 328.093 205.421 0.581725 330.747 279.798 0.71186 329.434 343.747 0.788349 369.893 99.6671 0.905891 0 0 0 359.37 101.049 0.91829 0 0 0 350.272 359.404 0.713982 349.007 354.206 0.673113 328.084 348.977 0.515533 335.936 369.851 0.750785 326.795 369.908 0.68137 308.476 356.798 0.786175 
373.785 107.483 0.833367 352.894 132.346 0.75762 360.746 132.341 0.870558 380.267 172.782 0.911297 389.466 149.311 0.88877 347.658 131.073 0.765468 350.288 171.479 0.103877 380.295 148.003 0.181064 334.625 213.197 0.672734 338.53 214.521 0.732017 328.134 283.722 0.785311 296.769 348.955 0.886355 329.413 209.322 0.566487 339.853 283.721 0.776558 341.191 348.998 0.834712 369.909 99.7255 0.893878 0 0 0 359.346 103.587 0.889584 0 0 0 365.933 362.051 0.693217 363.367 359.416 0.677153 337.239 355.487 0.691431 311.156 369.827 0.798316 304.588 368.553 0.733865 287.694 350.268 0.835796 
373.765 108.876 0.887528 354.192 138.812 0.762814 360.785 137.514 0.855079 381.574 174.086 0.90209 390.722 150.548 0.913473 347.682 137.557 0.717186 368.557 167.558 0.0812317 382.956 149.26 0.111677 337.232 215.848 0.686228 338.487 218.452 0.697191 326.807 286.323 0.822144 282.425 345.058 0.780912 334.625 214.536 0.526854 348.989 286.315 0.808667 350.364 350.334 0.844424 369.905 103.628 0.851086 0 0 0 358.113 108.764 0.913365 0 0 0 372.501 368.582 0.756838 372.498 362.036 0.711828 347.637 359.361 0.735346 290.274 369.844 0.799594 285.004 365.95 0.745874 275.848 346.338 0.758009 
371.237 120.55 0.882523 352.893 150.565 0.826966 362.016 150.54 0.855635 382.963 183.267 0.856977 390.752 159.683 0.835652 345.066 150.553 0.753714 345.072 189.761 0.0995746 0 0 0 339.894 232.786 0.686206 338.527 232.842 0.713759 316.336 295.488 0.815276 260.254 347.661 0.80331 347.637 232.818 0.581857 369.828 290.233 0.829073 359.42 359.455 0.895718 369.813 116.634 0.824439 0 0 0 356.8 119.28 0.902751 0 0 0 382.928 373.763 0.783366 381.629 369.881 0.771222 350.301 364.664 0.782332 265.387 373.761 0.799473 256.295 369.877 0.772096 253.684 345.087 0.745033 
371.243 129.641 0.857967 352.88 159.702 0.800335 360.792 158.439 0.84108 388.117 193.685 0.844297 392.02 163.685 0.720226 346.36 157.136 0.71111 369.873 189.765 0.0570423 0 0 0 338.584 239.331 0.679388 339.821 243.261 0.684207 309.818 301.973 0.795756 254.988 350.244 0.864416 337.224 235.457 0.506609 378.947 295.481 0.830998 359.402 360.784 0.878077 369.839 121.913 0.861101 0 0 0 358.081 128.427 0.883919 0 0 0 384.211 373.784 0.755519 381.633 371.14 0.742035 350.249 368.522 0.764546 255.035 379.017 0.754546 247.167 372.479 0.674506 245.869 349 0.84102 
372.462 138.844 0.84374 351.623 167.543 0.765808 362.032 166.257 0.808424 388.116 204.097 0.834551 390.731 172.808 0.680201 343.767 164.971 0.690561 348.983 205.435 0.0762491 0 0 0 339.811 247.183 0.690582 338.49 248.511 0.675698 308.472 308.555 0.863855 245.89 354.182 0.828056 345.059 247.204 0.506984 380.362 298.095 0.901373 359.389 363.329 0.844052 369.864 131.084 0.886914 0 0 0 358.097 136.249 0.843121 0 0 0 382.912 373.811 0.790374 381.571 371.179 0.801687 349.019 369.853 0.779907 249.783 380.331 0.81088 243.255 376.369 0.733821 236.739 351.589 0.761659 
376.386 151.977 0.829369 354.189 181.968 0.817818 360.783 183.168 0.884424 382.937 222.341 0.823626 390.681 192.374 0.737911 347.656 181.928 0.765304 351.595 218.46 0.0680524 0 0 0 334.618 262.841 0.652015 333.318 265.474 0.718837 305.885 328.104 0.838066 235.42 359.35 0.865813 330.727 256.356 0.453812 386.844 302.004 0.808767 359.398 363.323 0.842016 371.195 149.295 0.882246 0 0 0 359.469 151.891 0.94381 0 0 0 382.946 373.797 0.771408 381.589 371.184 0.771437 349.011 369.839 0.787774 245.84 381.636 0.837234 236.717 380.249 0.777651 225.031 356.785 0.792883 
377.712 161.077 0.874843 354.198 191.035 0.775742 360.798 191.05 0.854245 381.643 230.201 0.850198 390.689 204.063 0.869137 347.673 188.459 0.72059 362.04 217.157 0.0750392 379.018 196.318 0.10512 330.721 266.813 0.67528 330.701 271.989 0.688083 301.996 335.902 0.779688 234.133 359.417 0.884204 333.309 265.463 0.431767 388.138 305.902 0.844147 359.384 364.635 0.830092 372.455 154.525 0.83412 0 0 0 360.683 160.978 0.927027 0 0 0 382.948 373.815 0.764555 381.581 371.203 0.769272 348.996 369.871 0.769639 244.599 381.662 0.810626 235.465 380.289 0.790798 224.942 358.111 0.838758 
380.342 170.182 0.867742 352.905 197.561 0.776961 360.785 196.307 0.831581 380.363 235.487 0.900116 390.706 208.015 0.82299 346.368 195.017 0.735224 359.409 226.313 0.0596852 376.371 206.713 0.123214 330.743 275.885 0.676704 329.399 277.217 0.728825 300.722 339.89 0.834041 232.784 359.445 0.85121 338.555 275.877 0.493775 389.402 307.182 0.874054 359.382 364.668 0.83006 377.683 162.359 0.849412 0 0 0 360.787 164.973 0.860129 0 0 0 382.94 373.787 0.771515 381.577 371.189 0.772987 349.005 369.897 0.79773 243.276 382.944 0.768178 234.142 380.337 0.794841 222.391 358.143 0.833548 
380.357 181.939 0.903357 351.592 210.625 0.794605 360.699 211.91 0.852945 379.022 251.081 0.846046 390.716 222.352 0.86809 346.341 206.748 0.702202 329.394 235.418 0.193195 0 0 0 333.31 286.295 0.69048 328.065 286.354 0.749835 300.671 351.58 0.828744 230.198 359.423 0.83093 341.171 286.29 0.579009 390.673 307.271 0.894827 359.391 364.624 0.843949 378.957 174.127 0.835248 0 0 0 362.059 179.28 0.84855 0 0 0 382.908 373.806 0.788575 380.348 371.184 0.783756 349.017 369.844 0.796739 238.075 382.894 0.761111 231.531 380.29 0.757503 222.341 356.792 0.759397 
380.355 185.837 0.870249 350.341 214.53 0.865839 360.694 214.589 0.886188 377.711 256.312 0.868707 390.702 225.012 0.875124 342.472 213.284 0.765935 333.309 244.56 0.109807 0 0 0 330.745 287.677 0.660976 328.086 290.252 0.704879 300.675 359.372 0.821468 231.508 359.437 0.816491 339.851 287.648 0.513788 389.457 308.512 0.888031 359.387 363.337 0.853301 378.948 181.891 0.879906 0 0 0 362.074 183.216 0.91128 0 0 0 382.938 373.789 0.798108 381.586 371.165 0.788414 349.013 369.814 0.789982 239.333 382.93 0.742177 231.526 380.302 0.73512 222.39 355.52 0.725834 
381.598 192.297 0.902877 350.351 215.89 0.780543 359.398 218.484 0.82589 376.367 260.237 0.812918 389.456 231.491 0.85014 346.37 214.551 0.720349 368.54 249.775 0.0902202 378.988 226.301 0.265155 333.341 294.143 0.664352 326.798 295.457 0.720169 304.626 360.765 0.827485 232.839 359.427 0.829805 342.472 291.566 0.567253 390.674 308.488 0.893422 359.419 363.341 0.8606 379.004 183.284 0.890478 0 0 0 363.347 187.125 0.836157 0 0 0 382.939 373.808 0.79308 381.588 371.176 0.789309 350.234 369.813 0.775362 238.034 382.931 0.738049 231.483 380.285 0.722788 223.702 354.179 0.713102 
381.613 193.722 0.908707 351.605 222.339 0.729631 359.405 223.644 0.869866 373.797 265.442 0.87927 390.674 234.128 0.897086 347.669 218.468 0.632744 367.256 253.682 0.0914132 0 0 0 333.333 296.761 0.708138 326.76 296.801 0.731287 301.981 365.964 0.778211 234.087 359.437 0.852657 343.765 296.742 0.622144 390.694 308.497 0.898057 359.428 364.645 0.853471 380.242 189.765 0.86085 0 0 0 363.345 192.317 0.883332 0 0 0 382.943 373.815 0.801504 381.593 371.187 0.793549 350.245 369.854 0.774114 238.024 385.541 0.722346 231.489 381.58 0.716777 224.991 352.92 0.740151 
384.217 204.054 0.895916 354.185 227.609 0.697151 359.442 231.48 0.82521 375.064 275.824 0.870723 389.437 243.256 0.858967 350.248 225.01 0.671682 369.878 264.146 0.104462 380.283 240.635 0.274176 332.011 303.291 0.666689 325.472 305.872 0.7072 307.143 371.235 0.847267 236.719 359.377 0.833663 341.147 300.694 0.585468 390.698 308.485 0.885149 359.441 363.348 0.861181 381.569 196.292 0.891665 0 0 0 367.259 200.182 0.846479 0 0 0 382.959 375.077 0.79896 381.612 371.184 0.798627 350.27 369.833 0.792994 236.753 382.921 0.796338 231.526 380.246 0.760417 230.205 350.301 0.743329 
384.257 204.131 0.884719 354.19 230.207 0.694001 359.472 232.801 0.857603 373.797 275.865 0.880457 389.469 244.558 0.877316 349.018 226.305 0.6567 365.96 262.837 0.0779402 0 0 0 330.725 304.619 0.659871 325.483 307.166 0.721403 307.168 372.5 0.854646 235.464 359.359 0.838413 339.855 303.296 0.54829 390.69 308.498 0.878214 359.439 363.359 0.856292 381.612 200.193 0.891456 0 0 0 368.52 202.738 0.896339 0 0 0 382.945 375.071 0.813915 381.603 371.18 0.811324 350.27 369.833 0.775013 236.766 382.924 0.801778 231.533 380.254 0.767959 230.187 350.29 0.751121 
385.52 205.392 0.863448 355.486 231.533 0.710824 359.464 234.076 0.883296 372.518 275.902 0.909975 389.462 244.606 0.88227 350.271 227.621 0.657279 371.14 265.428 0.157291 380.332 244.572 0.415136 330.736 305.889 0.663313 325.473 307.208 0.724016 305.912 373.811 0.815216 235.474 359.365 0.838762 339.881 303.31 0.546811 390.691 308.484 0.882566 359.438 363.368 0.855635 381.629 201.488 0.903077 0 0 0 368.561 202.782 0.922063 0 0 0 382.946 373.805 0.802096 381.605 371.172 0.805377 350.264 369.846 0.771756 236.765 382.925 0.797483 231.532 380.248 0.764559 230.206 350.281 0.759183 
386.821 205.429 0.843143 355.517 232.814 0.731699 360.697 234.124 0.890257 372.515 277.169 0.902897 389.451 245.844 0.902311 350.26 228.912 0.678106 368.539 264.164 0.105274 380.261 244.579 0.32637 330.712 305.901 0.665716 325.479 307.227 0.728396 307.146 375.086 0.82777 235.491 358.145 0.830651 339.86 304.585 0.53715 390.685 308.499 0.879612 359.433 363.373 0.854995 381.645 202.727 0.906669 0 0 0 368.578 202.825 0.931885 0 0 0 382.938 373.81 0.806862 381.596 371.177 0.810501 350.259 369.854 0.791568 236.745 382.964 0.793283 231.526 380.278 0.759646 231.498 350.268 0.757605 
386.819 206.698 0.826326 355.506 232.823 0.739516 360.714 234.142 0.901071 372.531 277.23 0.884377 390.701 245.868 0.913333 349.019 228.912 0.684723 368.557 265.435 0.106232 0 0 0 330.705 305.896 0.660461 325.481 307.228 0.726803 305.906 375.087 0.816339 236.723 359.352 0.831922 339.86 304.583 0.527513 390.715 308.51 0.891307 359.435 363.336 0.86113 381.655 202.75 0.910635 0 0 0 369.794 202.827 0.941406 0 0 0 382.935 373.8 0.813529 381.597 371.167 0.809392 350.26 369.825 0.785993 236.744 382.934 0.810343 231.519 380.246 0.767206 230.23 350.271 0.740301 
386.831 206.697 0.829264 356.787 232.815 0.72351 360.734 234.129 0.891456 375.083 277.182 0.885714 390.707 244.626 0.92632 350.262 228.902 0.668376 364.633 262.819 0.0789108 0 0 0 330.703 305.898 0.652318 325.475 307.225 0.715843 305.883 375.076 0.801646 236.734 359.369 0.837264 339.859 304.585 0.517387 390.704 308.48 0.88717 359.46 363.32 0.861308 381.67 202.747 0.908938 0 0 0 369.82 202.816 0.942924 0 0 0 382.935 373.76 0.795123 381.587 371.151 0.797203 350.307 368.576 0.779006 236.746 382.947 0.812376 231.524 380.262 0.77679 231.496 350.279 0.744447 
388.128 205.396 0.861354 356.79 232.776 0.707333 360.748 234.073 0.872995 375.107 275.929 0.884989 390.736 244.567 0.919399 350.268 227.623 0.652445 363.322 261.551 0.0623967 0 0 0 329.454 304.599 0.649517 325.461 307.178 0.706197 305.934 372.512 0.830116 235.448 359.377 0.849764 339.838 301.992 0.534035 390.706 307.257 0.887071 359.464 362.064 0.867458 382.906 201.475 0.883887 0 0 0 369.837 202.775 0.943117 0 0 0 382.936 373.786 0.807459 381.602 371.157 0.810448 350.301 368.55 0.787389 235.483 382.941 0.793545 230.215 380.261 0.756759 228.915 350.288 0.754845 
388.117 204.087 0.904962 358.088 230.191 0.695882 360.764 231.54 0.837191 377.713 275.848 0.891907 390.732 244.497 0.907009 350.329 226.284 0.668231 363.349 258.916 0.0751336 0 0 0 330.694 300.697 0.652975 324.202 304.621 0.686416 305.919 371.222 0.842769 235.438 359.386 0.846385 339.843 298.131 0.560714 390.715 307.222 0.892154 359.479 362.024 0.876023 382.896 198.866 0.863824 0 0 0 369.82 201.491 0.916177 0 0 0 382.949 373.779 0.797683 381.612 371.156 0.797983 350.309 367.26 0.772325 235.45 382.916 0.79953 230.196 380.249 0.745795 228.902 350.306 0.738451 
388.107 197.578 0.803246 359.394 223.715 0.724792 360.717 224.961 0.884028 378.996 266.817 0.875224 390.776 236.756 0.887767 355.512 222.383 0.577754 371.175 256.279 0.119124 0 0 0 332.01 296.774 0.68614 325.465 298.061 0.711229 305.872 363.372 0.793673 234.127 359.403 0.85228 342.443 296.732 0.590458 390.688 305.896 0.870938 360.673 360.779 0.884895 381.656 192.362 0.920995 0 0 0 369.797 193.729 0.911012 0 0 0 382.949 373.776 0.795616 381.618 371.153 0.792731 350.314 365.956 0.771727 235.479 382.916 0.767452 228.899 380.25 0.747146 225.026 351.618 0.744129 
384.236 193.61 0.889415 359.429 219.747 0.651389 360.7 221.067 0.83521 380.253 262.855 0.879967 392.024 234.098 0.911777 358.132 215.861 0.559359 373.786 248.477 0.139786 388.125 228.89 0.167316 333.323 295.443 0.688328 325.489 296.73 0.721165 303.298 360.802 0.811676 232.83 359.424 0.844024 343.752 294.143 0.601775 390.674 305.863 0.866914 359.482 360.777 0.895665 381.598 187.138 0.870345 0 0 0 368.577 191.064 0.899771 0 0 0 382.945 373.768 0.807881 381.613 371.145 0.805697 350.31 367.221 0.806956 235.436 382.929 0.774694 227.598 380.276 0.764764 223.713 352.903 0.733445 
382.926 188.465 0.834308 356.833 214.542 0.701673 360.703 214.603 0.864702 380.285 256.377 0.905121 392.097 226.29 0.861995 351.579 213.258 0.62479 372.462 245.884 0.122088 0 0 0 332.027 287.66 0.672236 326.791 288.975 0.69781 300.706 358.085 0.787697 228.928 359.411 0.811633 341.167 287.608 0.574944 389.448 304.607 0.853033 360.683 360.765 0.901988 380.323 183.171 0.928689 0 0 0 367.268 184.57 0.861692 0 0 0 382.947 372.528 0.817401 381.617 371.136 0.809697 350.331 365.927 0.795609 236.75 382.93 0.754282 228.913 380.329 0.742719 222.339 354.202 0.714316 
380.342 171.472 0.854232 359.386 198.887 0.731529 360.773 197.597 0.844946 380.305 236.725 0.898549 394.695 206.747 0.792805 352.898 197.575 0.622522 329.393 226.324 0.24308 329.447 245.853 0.0617387 337.198 275.845 0.695661 329.379 275.892 0.740459 298.065 337.247 0.848191 226.319 359.381 0.847581 345.053 275.862 0.601093 389.4 300.686 0.845457 360.705 360.73 0.897683 375.078 163.686 0.774456 0 0 0 360.761 170.162 0.895883 0 0 0 385.507 373.777 0.790586 382.896 371.136 0.788011 350.334 364.656 0.773495 235.439 381.652 0.829508 226.296 380.281 0.791026 218.454 355.51 0.728937 
378.981 161.036 0.87993 359.419 192.34 0.792615 362.043 192.321 0.863173 380.361 230.21 0.858979 393.403 202.783 0.87221 352.899 192.303 0.670957 329.407 225.038 0.252435 332.047 238.071 0.0512881 334.632 265.482 0.661963 333.314 268.049 0.694797 296.809 328.074 0.837315 228.904 359.346 0.815995 338.537 265.43 0.459293 389.389 299.412 0.858901 360.695 360.705 0.892855 371.215 155.819 0.827562 0 0 0 360.713 162.299 0.958627 0 0 0 384.208 372.529 0.790666 381.637 371.133 0.792635 350.323 364.627 0.781678 234.148 381.672 0.846667 225.02 380.26 0.807431 221.058 354.212 0.722155 
378.978 151.914 0.883287 360.719 183.211 0.764347 362.076 183.212 0.864675 381.564 223.695 0.912328 394.685 194.951 0.844331 358.082 181.961 0.640439 377.674 214.562 0.0782454 0 0 0 338.505 257.614 0.660832 337.239 260.232 0.667199 298.09 317.679 0.855684 234.076 356.808 0.820273 338.558 256.298 0.456246 388.108 298.149 0.855348 360.694 360.701 0.887204 371.198 150.541 0.894885 0 0 0 360.707 157.102 0.875964 0 0 0 384.233 373.76 0.773914 381.653 371.13 0.776771 350.327 364.624 0.775685 235.432 381.616 0.844129 227.579 378.975 0.756027 223.684 351.628 0.782706 
378.981 149.239 0.816923 360.742 175.389 0.644301 362.012 174.132 0.847557 381.646 214.56 0.896066 397.283 185.823 0.816155 359.397 174.11 0.521506 379.02 202.815 0.0740563 0 0 0 339.856 253.713 0.691455 337.223 254.981 0.713061 298.141 308.577 0.825794 238.053 351.617 0.807688 347.684 255.005 0.578824 385.513 298.072 0.856771 360.684 360.693 0.887505 371.198 141.527 0.883059 0 0 0 359.464 150.52 0.913197 0 0 0 384.211 373.78 0.786323 381.647 371.147 0.801641 350.326 363.37 0.77966 240.639 380.344 0.800557 232.829 376.377 0.716666 231.501 350.31 0.753677 
373.776 131.05 0.877063 360.683 161.092 0.687456 360.715 161.078 0.895028 381.57 196.29 0.856473 401.149 171.476 0.832672 358.137 161.058 0.540357 380.283 192.372 0.0730827 0 0 0 341.17 243.222 0.719898 337.195 241.937 0.69619 307.236 298.109 0.848786 248.487 347.652 0.809391 349.027 244.518 0.704045 380.277 296.71 0.87851 360.67 360.688 0.884516 369.858 129.653 0.893234 0 0 0 358.095 132.362 0.872789 0 0 0 384.23 372.521 0.785658 381.661 371.124 0.79125 350.319 364.639 0.772556 256.38 371.242 0.809865 248.513 369.856 0.753041 241.955 346.346 0.755755 
372.451 121.897 0.891113 359.417 153.22 0.656081 359.479 153.209 0.8642 380.316 191.02 0.862318 401.134 168.867 0.771078 356.817 151.971 0.533312 380.255 188.441 0.101135 390.753 167.579 0.0604405 342.47 235.392 0.719708 337.252 234.118 0.731195 309.839 295.486 0.81995 256.333 345.062 0.838039 350.284 235.467 0.702781 371.232 292.869 0.819949 360.671 359.467 0.898307 368.535 119.321 0.899644 0 0 0 355.521 128.373 0.848548 0 0 0 382.959 372.515 0.810583 381.646 369.919 0.817724 350.348 364.644 0.782404 268.045 371.121 0.842898 260.225 368.554 0.764324 247.211 343.764 0.805134 
371.183 115.345 0.86712 358.109 147.986 0.681476 359.438 148.001 0.857442 378.964 181.957 0.866066 395.959 164.949 0.774574 355.506 145.382 0.60409 378.97 179.32 0.143983 388.112 162.367 0.267965 343.776 226.289 0.70246 338.529 225.009 0.738673 317.669 287.625 0.881264 266.798 343.763 0.828811 350.313 227.624 0.682087 367.222 288.93 0.785338 360.668 359.392 0.884723 367.224 110.185 0.865528 0 0 0 351.636 119.279 0.911546 0 0 0 382.965 372.522 0.756083 382.898 369.882 0.753631 351.581 363.324 0.773431 279.827 369.849 0.81603 273.302 367.244 0.763245 258.909 343.788 0.7878 
369.904 107.485 0.907559 354.22 136.23 0.619345 358.08 133.618 0.828687 372.461 171.536 0.895246 390.797 153.241 0.871679 352.912 136.24 0.561722 369.889 171.508 0.12285 381.621 153.204 0.259768 345.063 215.879 0.679637 339.85 215.848 0.741293 325.458 282.433 0.748664 291.535 348.947 0.82373 350.254 218.454 0.652341 351.63 287.603 0.802579 354.182 351.606 0.820056 363.364 101.012 0.85622 0 0 0 350.301 108.814 0.954679 0 0 0 377.718 368.565 0.790303 377.674 362.044 0.722721 348.962 359.399 0.825357 308.592 371.14 0.800147 299.411 369.868 0.742148 285.038 350.287 0.812621 
369.806 101.043 0.890364 355.525 132.356 0.65597 355.497 132.333 0.821417 371.137 171.455 0.926992 390.743 153.199 0.899592 356.825 131.071 0.599635 371.163 168.862 0.121838 381.608 151.866 0.240108 346.374 214.542 0.711341 339.861 214.521 0.761674 328.084 283.733 0.794771 305.869 350.319 0.851807 350.305 214.597 0.666054 349.013 286.333 0.812932 347.687 350.292 0.850452 360.785 99.6711 0.92497 0 0 0 350.246 107.541 0.929039 0 0 0 369.809 367.224 0.742471 368.556 360.739 0.710595 339.821 356.82 0.73458 324.196 369.879 0.822905 316.347 369.891 0.77596 296.811 355.521 0.800244 
369.819 101.034 0.910373 352.929 132.336 0.655307 351.594 132.307 0.860468 368.56 171.465 0.903274 390.672 153.254 0.883105 358.078 131.08 0.598466 371.156 170.169 0.130963 381.674 153.198 0.220978 343.78 215.833 0.691017 339.817 214.581 0.761867 330.763 286.318 0.777968 316.318 358.086 0.837969 349.03 215.892 0.662424 348.951 286.362 0.834524 338.538 350.268 0.880166 360.8 98.4394 0.921337 0 0 0 349.032 107.47 0.898951 0 0 0 358.139 367.269 0.714069 359.376 362.012 0.698891 333.316 354.206 0.567853 338.546 372.495 0.752039 328.142 375.072 0.719623 308.539 360.75 0.845902 
368.513 108.769 0.868255 349.027 140.163 0.751877 350.235 140.183 0.898108 363.328 180.619 0.864656 386.85 161.017 0.859403 348.983 140.097 0.622608 365.96 168.852 0.224143 380.306 151.925 0.473719 339.804 223.652 0.712943 341.141 224.945 0.744614 339.914 292.842 0.753132 330.716 368.52 0.778743 335.938 221.076 0.529202 339.879 291.547 0.712169 328.038 354.193 0.69436 360.733 102.333 0.855369 0 0 0 348.938 110.114 0.952008 0 0 0 351.617 363.348 0.240778 350.314 360.722 0.222494 317.701 359.399 0.602508 359.446 380.263 0.808143 351.576 381.592 0.800249 326.748 371.176 0.836453 
367.234 114.044 0.810777 347.699 147.982 0.675228 348.956 149.242 0.83864 360.756 184.539 0.882584 385.509 163.627 0.810056 346.36 145.37 0.546192 360.738 180.632 0.0535645 380.27 159.729 0.0535889 339.836 230.201 0.676371 341.135 231.524 0.697984 348.931 298.068 0.820991 329.453 369.841 0.813109 337.251 227.627 0.506978 338.539 296.825 0.847458 321.553 359.371 0.787331 360.723 110.084 0.90668 0 0 0 347.698 115.34 0.868452 0 0 0 347.686 363.377 0.181122 346.376 362.02 0.137652 316.351 362.043 0.734408 359.409 380.262 0.78275 350.316 381.607 0.818811 324.171 372.483 0.80601 
365.971 119.22 0.864819 341.186 150.651 0.799261 347.636 151.913 0.8513 359.424 192.353 0.939725 381.664 172.788 0.909046 338.581 150.539 0.710611 360.704 178.001 0.093634 377.696 161.012 0.105476 338.481 235.412 0.730207 342.475 236.714 0.698393 350.279 299.404 0.838032 330.695 369.876 0.826204 329.407 234.126 0.675206 337.24 299.372 0.814369 319.036 359.446 0.832708 360.712 111.462 0.900834 0 0 0 347.623 119.21 0.887462 0 0 0 341.228 369.804 0.11426 342.48 368.525 0.0663072 316.314 365.923 0.776335 359.449 380.313 0.805639 350.35 381.647 0.832945 325.457 373.762 0.823902 
362.078 117.93 0.873155 339.839 149.303 0.752055 339.904 150.607 0.869725 350.249 191.002 0.905236 378.99 175.413 0.843548 338.515 145.359 0.641293 0 0 0 0 0 0 338.489 230.195 0.691998 341.182 231.526 0.692247 347.677 298.134 0.828086 329.472 369.813 0.823402 329.467 227.589 0.630591 335.934 296.752 0.828155 321.559 358.082 0.776315 359.439 110.172 0.944612 0 0 0 345.067 115.349 0.832235 0 0 0 347.66 363.348 0.11694 0 0 0 317.586 360.79 0.782864 359.453 380.329 0.844199 350.336 381.656 0.844216 324.203 372.449 0.8687 
362.074 115.34 0.859831 339.796 142.799 0.779811 339.907 145.392 0.832229 349.043 184.511 0.926453 377.681 171.492 0.891034 335.935 141.448 0.737422 355.513 171.461 0.156423 371.167 161.002 0.354196 338.473 226.276 0.703391 341.158 227.588 0.702705 341.2 296.748 0.787971 329.448 367.269 0.806781 329.446 224.976 0.638975 333.335 291.577 0.730846 321.589 355.485 0.716573 359.433 110.081 0.954148 0 0 0 342.473 111.429 0.871911 0 0 0 348.906 362.062 0.110872 0 0 0 317.588 360.684 0.717468 359.453 380.309 0.850539 350.311 381.648 0.844937 324.166 371.172 0.872081 
362.054 112.774 0.860831 339.795 141.457 0.829006 341.176 142.774 0.837805 350.26 183.211 0.947011 376.403 168.859 0.830478 334.63 140.144 0.728162 354.18 163.656 0.172042 369.841 154.542 0.460485 337.233 223.725 0.714186 341.13 225.021 0.723471 339.823 295.458 0.797446 329.479 368.549 0.805997 329.418 223.653 0.64371 333.326 288.974 0.713083 321.608 352.921 0.717626 359.426 108.826 0.936584 0 0 0 342.463 110.108 0.900786 0 0 0 348.927 360.759 0.119699 0 0 0 317.607 359.449 0.739693 359.471 380.287 0.844023 350.343 381.63 0.852931 325.471 371.209 0.856435 
360.777 114.057 0.864575 338.533 141.47 0.83771 341.19 142.742 0.847419 354.223 181.937 0.875103 376.41 162.323 0.85517 330.718 140.202 0.787321 356.774 171.506 0.0983067 367.233 157.127 0.21304 333.334 224.976 0.669802 339.812 225.031 0.70877 338.467 298.062 0.788957 329.39 369.809 0.807869 328.088 223.678 0.617585 329.473 296.758 0.795011 321.585 358.12 0.739168 359.355 108.841 0.903448 0 0 0 341.2 110.168 0.902623 0 0 0 347.678 363.339 0.148443 341.186 356.827 0.116493 317.599 362.066 0.623919 359.408 380.251 0.791884 350.331 381.583 0.814658 324.159 372.488 0.83504 
360.727 117.933 0.898387 338.486 144.046 0.81659 341.186 145.385 0.828728 359.399 183.185 0.922345 378.97 162.39 0.849018 329.439 141.505 0.815327 355.489 171.499 0.207268 369.841 158.403 0.467308 330.737 226.314 0.663988 338.554 228.902 0.694944 335.896 299.37 0.741237 328.094 369.804 0.809988 326.758 224.995 0.592836 329.399 298.042 0.70456 321.592 358.08 0.691647 358.091 110.148 0.895065 0 0 0 341.165 111.487 0.875986 0 0 0 346.344 362.056 0.168578 339.91 355.497 0.153534 316.343 362.012 0.494797 359.422 380.24 0.791534 350.322 381.596 0.813966 320.246 372.476 0.842838 
360.71 119.25 0.928144 337.209 149.243 0.80358 339.903 149.297 0.877334 360.709 183.283 0.917641 380.249 163.665 0.861326 329.401 146.657 0.771227 351.591 175.4 0.191737 368.568 162.372 0.447137 329.442 232.788 0.68388 338.494 234.086 0.717598 330.756 303.287 0.715213 328.057 369.876 0.81207 324.175 230.193 0.580709 328.085 298.138 0.666205 320.28 359.391 0.685595 358.08 111.452 0.86909 0 0 0 341.153 116.635 0.867534 0 0 0 342.433 360.72 0.212361 339.815 356.801 0.199092 315.015 364.652 0.461599 359.377 379.021 0.759139 350.299 381.596 0.798119 318.998 373.819 0.825236 
360.675 120.585 0.932878 335.941 150.53 0.803907 339.85 150.576 0.911146 360.696 185.827 0.871061 380.241 166.28 0.836406 329.393 149.279 0.781653 355.51 181.926 0.116936 368.566 167.537 0.274512 329.374 234.098 0.734453 337.21 235.387 0.718847 329.422 303.32 0.752789 328.05 369.86 0.791963 321.579 232.788 0.622804 328.062 298.129 0.649609 319.021 360.712 0.70749 358.075 115.334 0.829999 0 0 0 341.131 117.957 0.898858 0 0 0 343.783 364.628 0.173158 341.144 360.717 0.153625 312.448 368.548 0.514329 358.111 378.957 0.731341 350.268 380.34 0.780851 318.985 373.82 0.801731 
360.694 119.235 0.914615 337.206 150.539 0.81686 339.901 150.53 0.892664 355.518 188.418 0.813647 377.682 171.491 0.87023 329.398 150.535 0.786609 348.972 183.234 0.123656 365.967 171.447 0.308935 328.135 232.792 0.732205 335.929 234.103 0.708248 329.412 300.678 0.772725 328.07 369.858 0.812686 320.285 228.925 0.632367 326.77 298.083 0.692549 318.993 359.436 0.756209 356.82 111.442 0.853687 0 0 0 341.146 116.657 0.873643 0 0 0 342.458 360.732 0.196059 339.853 358.116 0.179589 313.738 367.224 0.548784 359.361 379.003 0.746019 350.291 381.567 0.798457 319.022 373.797 0.833822 
359.471 119.277 0.927977 337.197 149.26 0.788511 339.896 149.255 0.881103 351.637 185.85 0.840737 376.368 171.496 0.871299 329.39 149.245 0.764817 347.664 180.62 0.177397 365.932 164.961 0.460227 328.101 230.212 0.719945 334.623 232.812 0.681904 329.45 298.08 0.801326 328.084 369.86 0.823499 320.252 226.336 0.652563 326.777 296.761 0.737048 318.962 358.12 0.746848 356.796 111.493 0.835843 0 0 0 339.923 116.636 0.876737 0 0 0 341.197 360.721 0.170059 0 0 0 312.444 363.335 0.568031 359.389 379.004 0.762286 350.294 381.571 0.807977 320.253 373.81 0.847377 
359.467 119.28 0.925197 335.922 148.001 0.772773 339.868 147.981 0.879898 350.328 187.121 0.872913 372.518 171.522 0.891439 329.368 147.983 0.761458 343.766 181.928 0.242002 365.955 168.857 0.487938 328.073 231.49 0.699736 332.026 232.838 0.688726 329.374 302.003 0.756653 328.108 369.902 0.818068 320.247 227.585 0.617015 326.759 298.132 0.675378 318.993 359.451 0.778148 356.795 111.493 0.834322 0 0 0 339.912 115.365 0.87964 0 0 0 343.748 362.045 0.178975 0 0 0 315.02 367.258 0.589676 359.384 379.022 0.764654 350.318 381.587 0.804022 320.292 376.371 0.818851 
359.428 119.294 0.93925 332.05 149.305 0.794828 339.796 150.544 0.912352 350.24 188.425 0.88214 372.482 172.792 0.893901 328.092 149.24 0.768955 343.751 183.23 0.135508 360.772 171.449 0.326577 328.075 232.822 0.715228 330.746 234.136 0.708578 328.141 299.41 0.788063 328.091 369.866 0.812275 320.278 230.226 0.606226 326.747 298.081 0.686913 318.991 359.452 0.780124 355.508 112.748 0.833597 0 0 0 339.832 116.664 0.902757 0 0 0 342.464 360.764 0.195031 339.867 359.404 0.178503 315.024 367.257 0.587481 358.101 378.97 0.72695 350.279 380.333 0.787503 320.285 375.067 0.817656 
359.365 119.265 0.918606 332.005 150.541 0.813699 338.587 150.565 0.916003 348.993 191.009 0.90473 371.224 174.123 0.882363 328.053 149.272 0.765803 347.655 183.257 0.113571 360.733 171.442 0.261471 328.052 232.784 0.694085 330.712 234.089 0.701794 329.347 299.415 0.77826 328.09 369.903 0.818586 320.253 230.189 0.600166 326.806 298.098 0.657614 319.01 359.454 0.765296 352.92 112.731 0.836901 0 0 0 339.806 117.909 0.909876 0 0 0 342.469 360.729 0.210692 339.86 358.089 0.196089 315.012 367.252 0.555865 359.36 379.021 0.760671 350.294 381.585 0.80429 320.272 375.106 0.823571 
359.359 119.308 0.925065 332.007 150.549 0.820969 338.595 150.581 0.925194 348.964 191.004 0.89759 371.198 174.111 0.89713 328.056 149.271 0.766399 347.696 183.259 0.11408 360.737 170.189 0.254602 328.04 232.799 0.705426 330.714 234.107 0.716498 329.376 299.39 0.788343 328.095 369.873 0.823343 319.008 230.197 0.613669 326.756 298.103 0.694354 318.992 359.435 0.783889 352.923 112.759 0.835203 0 0 0 339.794 117.912 0.911065 0 0 0 341.198 359.412 0.194755 0 0 0 315.028 367.223 0.583617 359.404 380.235 0.765444 350.327 381.58 0.804482 320.279 373.818 0.834344 
358.131 119.29 0.930813 332.003 150.528 0.819947 338.594 150.568 0.924456 348.958 189.734 0.890662 371.204 172.792 0.911027 328.047 148.004 0.759481 348.941 183.208 0.104978 360.743 166.25 0.284871 326.802 232.797 0.703781 330.72 234.103 0.718644 329.385 299.37 0.788785 328.096 369.868 0.815446 318.974 230.197 0.62763 326.768 298.073 0.689337 318.998 359.453 0.764151 352.877 112.747 0.850801 0 0 0 338.599 116.666 0.910568 0 0 0 342.487 362.019 0.162012 0 0 0 315.032 367.256 0.562512 359.403 380.244 0.766979 350.33 381.586 0.802321 320.287 375.075 0.817084 
358.071 120.533 0.922139 330.702 150.534 0.840209 338.555 150.562 0.917403 348.927 189.773 0.880397 371.133 172.779 0.935035 325.484 149.278 0.749493 348.943 181.941 0.130966 360.751 164.957 0.307625 328.047 231.507 0.699031 331.996 232.825 0.693064 329.372 299.411 0.777294 328.092 369.854 0.81739 318.998 228.895 0.632016 326.747 298.053 0.681369 318.958 359.382 0.771271 351.605 114.06 0.864049 0 0 0 338.56 116.658 0.904322 0 0 0 341.19 360.716 0.167338 339.783 358.096 0.143253 313.736 364.646 0.58769 359.412 380.239 0.768669 350.325 381.58 0.804026 320.277 373.794 0.844397 
356.815 119.311 0.911065 329.479 150.555 0.851121 338.529 150.574 0.908258 348.918 191.034 0.889926 369.908 172.79 0.935888 325.476 149.298 0.752031 348.936 181.951 0.119686 362.038 170.14 0.245974 328.068 232.793 0.715427 332.02 234.099 0.696782 329.352 300.705 0.768787 328.077 369.875 0.814976 319.022 230.196 0.628803 326.743 298.123 0.668855 318.977 359.456 0.773573 351.574 112.755 0.86439 0 0 0 338.539 116.648 0.899962 0 0 0 342.464 360.749 0.182723 339.841 358.127 0.161323 313.74 367.267 0.587011 359.383 380.237 0.768199 350.321 381.58 0.805861 320.259 375.067 0.826549 
356.798 119.304 0.919459 329.461 150.543 0.853086 338.505 150.587 0.899841 347.684 191.029 0.875036 369.837 172.832 0.924134 324.209 149.26 0.740929 347.682 183.221 0.0954764 360.766 170.179 0.193424 328.064 231.518 0.715395 333.303 232.832 0.684479 329.412 298.131 0.784885 328.076 369.85 0.811525 319.005 228.923 0.654191 326.75 296.785 0.710814 318.965 359.44 0.773543 350.36 112.749 0.876663 0 0 0 338.516 116.65 0.896852 0 0 0 342.476 362.02 0.167366 339.863 359.392 0.142997 313.738 367.256 0.589895 359.385 380.236 0.773369 350.318 381.575 0.805512 320.258 373.802 0.833918 
356.787 119.274 0.916009 329.459 150.527 0.844123 338.486 150.56 0.887147 347.689 191.046 0.884518 369.872 172.804 0.934045 325.474 149.248 0.73099 348.917 183.23 0.0920235 360.781 168.863 0.188765 328.092 230.232 0.705675 333.341 232.803 0.675551 329.395 299.37 0.77908 328.098 369.871 0.82381 320.249 228.898 0.644794 326.759 296.807 0.689992 318.968 359.437 0.775419 350.335 112.727 0.891498 0 0 0 338.495 116.673 0.888624 0 0 0 342.484 362.035 0.160884 0 0 0 313.751 367.238 0.586078 359.402 380.242 0.781317 350.327 381.587 0.812953 320.289 375.078 0.8295 
356.793 119.275 0.920009 329.46 150.529 0.840944 338.489 150.576 0.88749 347.7 191.072 0.890343 369.892 174.089 0.91067 325.486 148.002 0.728811 347.667 183.214 0.0857622 360.772 170.178 0.148024 328.081 230.191 0.703944 333.321 231.523 0.670514 329.422 298.09 0.799438 328.09 369.852 0.816071 319.022 227.603 0.653431 326.788 296.766 0.718722 318.959 359.381 0.777661 350.337 112.729 0.892164 0 0 0 338.495 116.671 0.887226 0 0 0 342.475 360.725 0.16004 0 0 0 313.732 364.648 0.586627 359.414 379.021 0.762228 350.331 381.584 0.795857 320.27 373.796 0.837241 
355.523 119.287 0.898834 329.466 150.521 0.817476 337.249 150.589 0.857669 347.69 192.312 0.90495 371.182 181.924 0.917868 326.771 146.694 0.713339 330.705 191.046 0.0671357 359.474 181.854 0.132046 328.105 231.516 0.702226 333.327 232.836 0.68538 329.418 298.101 0.795076 328.08 369.853 0.815746 320.291 228.921 0.624407 326.81 296.772 0.719302 318.962 359.38 0.772321 350.32 112.728 0.88812 0 0 0 337.253 115.354 0.865288 0 0 0 342.453 360.731 0.179773 0 0 0 313.727 364.64 0.583335 359.408 379.015 0.763009 350.328 381.582 0.794858 320.26 373.794 0.841049 
355.524 119.29 0.902537 329.473 150.518 0.815052 337.223 150.572 0.858675 347.647 191.08 0.866127 378.959 188.47 0.791464 326.787 147.962 0.713146 348.971 183.242 0.0733689 362.051 184.514 0.109523 328.126 231.537 0.695718 333.339 234.077 0.691369 329.43 298.102 0.797554 328.055 369.879 0.804731 321.56 230.2 0.608191 328.034 296.801 0.715917 319.03 358.134 0.717678 350.322 112.734 0.889071 0 0 0 337.25 115.358 0.865561 0 0 0 341.195 358.133 0.234582 339.8 354.215 0.228234 313.727 363.362 0.511553 359.405 380.24 0.759344 350.337 381.592 0.788242 319.012 373.814 0.821296 
