261.512 172.838 0.858371 281.14 201.489 0.735229 275.936 201.469 0.671522 273.285 238.037 0.115033 264.122 266.807 0.294347 286.372 201.5 0.880333 287.693 235.464 0.878498 275.91 270.656 0.798647 278.489 268.082 0.671513 275.853 268.083 0.611862 277.15 320.293 0.801824 277.259 371.153 0.83647 283.735 268.098 0.697156 285.044 321.599 0.774284 287.686 380.318 0.851324 0 0 0 265.429 171.41 0.885064 0 0 0 275.948 172.792 0.878801 266.818 392.024 0.846813 275.93 393.39 0.786068 295.432 388.12 0.722954 257.663 379.026 0.821565 261.513 373.799 0.713968 279.834 377.679 0.443338 
261.511 172.839 0.85823 282.395 201.487 0.733515 275.939 201.469 0.669275 274.551 236.77 0.107072 264.126 266.817 0.27762 286.372 201.5 0.880066 287.694 235.462 0.879193 275.91 270.656 0.800385 278.496 268.074 0.669668 275.866 268.075 0.610944 277.165 320.287 0.796817 277.264 371.152 0.831354 283.731 268.091 0.698399 285.039 321.598 0.769111 287.68 380.318 0.849314 0 0 0 265.429 171.41 0.885134 0 0 0 275.948 172.793 0.878515 266.815 392.024 0.844067 275.926 393.392 0.782506 295.429 388.117 0.719213 257.666 379.02 0.818215 261.519 373.795 0.713163 279.839 377.673 0.436175 
261.511 172.839 0.858241 282.395 201.487 0.733571 275.939 201.469 0.669365 273.294 238.023 0.107074 264.126 266.817 0.277727 286.372 201.5 0.880044 287.694 235.462 0.879095 275.91 270.656 0.800544 278.496 268.074 0.669735 275.866 268.075 0.611101 277.165 320.287 0.796828 277.264 371.152 0.831339 283.731 268.091 0.698439 285.039 321.598 0.769107 287.68 380.318 0.849325 0 0 0 265.429 171.41 0.88512 0 0 0 275.948 172.793 0.878522 266.815 392.024 0.844127 275.925 393.392 0.782578 295.429 388.117 0.719262 258.902 379.024 0.818231 261.519 373.795 0.71318 279.839 377.673 0.436162 
261.511 172.839 0.858241 282.395 201.487 0.733571 275.939 201.469 0.669366 273.294 238.023 0.107076 264.126 266.817 0.277734 286.372 201.5 0.880043 287.694 235.462 0.879096 275.91 270.656 0.800546 278.496 268.074 0.669736 275.866 268.075 0.611103 277.165 320.287 0.796831 277.264 371.152 0.831334 283.731 268.091 0.69844 285.039 321.598 0.76911 287.68 380.318 0.849325 0 0 0 265.429 171.41 0.885119 0 0 0 275.948 172.793 0.878522 266.815 392.024 0.844127 275.926 393.392 0.782581 295.429 388.117 0.71926 257.666 379.02 0.818308 261.519 373.795 0.713218 279.839 377.673 0.436168 
261.511 172.839 0.858288 282.394 201.487 0.73109 275.938 201.471 0.666421 274.561 236.759 0.0914544 0 0 0 286.37 201.499 0.879079 287.691 235.465 0.877307 275.903 270.662 0.795163 278.487 269.364 0.659546 275.867 269.371 0.603169 277.19 321.578 0.785951 277.272 371.152 0.829706 283.718 269.382 0.682638 286.289 324.194 0.778051 287.677 380.308 0.844415 0 0 0 265.429 171.41 0.884989 0 0 0 275.948 172.792 0.878385 266.802 392.017 0.83889 275.912 393.385 0.778293 295.427 386.831 0.706124 258.917 380.239 0.814594 261.521 373.805 0.709738 281.102 376.407 0.429544 
260.257 172.839 0.856724 281.138 201.489 0.7302 275.936 201.474 0.666262 274.559 236.762 0.0916015 0 0 0 286.37 201.496 0.877857 287.691 235.464 0.877483 275.903 270.662 0.795132 278.486 269.365 0.659415 275.866 269.372 0.603015 277.19 321.578 0.785951 277.272 371.152 0.829795 283.719 269.383 0.682375 286.289 324.195 0.778107 287.677 380.308 0.844442 0 0 0 265.428 171.409 0.883179 0 0 0 277.142 172.79 0.87722 266.802 392.017 0.83892 275.912 393.385 0.778343 295.427 386.831 0.706143 258.917 380.239 0.814588 261.521 373.804 0.709768 281.102 376.407 0.429611 
260.257 172.839 0.856724 281.138 201.489 0.7302 275.936 201.474 0.666262 274.559 236.762 0.0916015 0 0 0 286.37 201.496 0.877857 287.691 235.464 0.877483 275.903 270.662 0.795132 278.486 269.365 0.659415 275.866 269.372 0.603015 277.19 321.578 0.785951 277.272 371.152 0.829795 283.719 269.383 0.682375 286.289 324.195 0.778107 287.677 380.308 0.844442 0 0 0 265.428 171.409 0.883179 0 0 0 277.142 172.79 0.87722 266.802 392.017 0.83892 275.912 393.385 0.778343 295.427 386.831 0.706143 258.917 380.239 0.814588 261.521 373.804 0.709768 281.102 376.407 0.429611 
261.522 172.827 0.859104 282.394 201.503 0.739047 275.927 201.487 0.67223 275.883 235.463 0.0823859 0 0 0 287.589 201.517 0.875959 287.659 236.724 0.884489 275.867 271.96 0.793414 277.237 270.67 0.671297 274.574 270.666 0.606664 277.18 321.579 0.792289 277.271 371.145 0.832463 283.723 270.689 0.674487 286.294 324.195 0.779863 287.679 380.303 0.843797 0 0 0 265.438 170.195 0.881488 0 0 0 277.158 172.777 0.881513 266.806 392.02 0.834786 275.921 393.386 0.777011 295.426 386.824 0.704264 258.921 380.239 0.812111 261.52 373.802 0.710167 281.102 376.396 0.433481 
261.519 172.83 0.857922 281.122 202.737 0.757568 275.907 201.502 0.689685 274.561 238.067 0.118883 262.861 268.093 0.24396 287.582 202.761 0.892136 287.642 236.746 0.886052 275.873 271.955 0.791061 277.244 269.393 0.670171 274.571 269.382 0.606823 277.175 320.303 0.791627 278.481 371.139 0.823314 283.738 270.664 0.678393 285.054 322.888 0.761271 287.673 380.297 0.839811 0 0 0 265.435 171.401 0.883498 0 0 0 277.141 172.791 0.879596 266.802 392.016 0.827011 275.917 393.383 0.770582 294.187 386.823 0.703739 258.921 380.239 0.805891 261.517 373.803 0.703905 281.111 376.383 0.418237 
261.519 172.83 0.85776 281.117 202.742 0.763432 275.904 201.508 0.69408 273.27 239.343 0.168365 264.136 268.041 0.335286 287.583 202.765 0.893354 287.643 236.748 0.887696 275.892 270.672 0.804246 277.263 269.348 0.674229 274.591 268.098 0.613522 277.187 320.299 0.790113 278.481 371.14 0.82317 284.989 269.365 0.694576 285.048 322.877 0.760242 287.672 380.294 0.840546 0 0 0 265.435 171.401 0.883494 0 0 0 277.141 172.791 0.879646 266.801 392.012 0.828395 275.915 393.38 0.771547 294.184 386.82 0.704619 258.919 380.238 0.805359 261.517 373.803 0.702951 281.112 376.389 0.415853 
261.522 172.83 0.85724 281.117 202.742 0.764512 275.903 201.507 0.695328 273.265 239.34 0.180556 264.139 266.815 0.353059 287.583 202.765 0.893598 287.644 236.749 0.888621 275.895 270.674 0.803828 278.485 268.085 0.678554 274.594 268.074 0.619538 277.176 320.285 0.794691 278.482 371.14 0.824439 285 268.101 0.70248 285.044 322.87 0.759813 287.673 380.297 0.840167 0 0 0 265.437 171.402 0.883223 0 0 0 277.142 172.792 0.879654 266.8 392.013 0.831029 275.912 393.382 0.772636 295.426 386.823 0.703904 258.92 380.237 0.806948 261.52 373.802 0.704787 281.114 376.386 0.418294 
261.519 172.826 0.858108 281.119 201.517 0.756954 275.905 201.492 0.693234 273.291 240.663 0.178609 264.095 268.087 0.361956 287.583 202.736 0.887725 287.657 236.731 0.885793 275.898 270.684 0.800437 277.257 269.354 0.666073 274.586 269.348 0.6063 277.192 320.304 0.789773 278.489 371.143 0.82127 284.981 269.366 0.684981 285.046 322.895 0.75507 287.671 380.3 0.839799 0 0 0 265.436 170.197 0.882708 0 0 0 277.144 172.783 0.880811 266.797 392.012 0.82661 275.909 393.381 0.76986 294.186 386.826 0.702857 258.922 380.238 0.806242 261.522 373.805 0.703498 281.126 376.391 0.411237 
261.521 172.827 0.85822 281.124 201.513 0.757995 275.908 201.487 0.697828 273.296 240.666 0.175682 264.094 268.088 0.356274 287.583 202.733 0.886753 287.659 236.727 0.885332 275.897 270.683 0.799755 277.258 269.361 0.663131 274.591 269.356 0.603036 277.194 320.305 0.78833 278.49 371.143 0.820832 284.979 269.372 0.681964 285.046 322.897 0.754022 287.671 380.3 0.839691 0 0 0 265.437 170.198 0.883312 0 0 0 277.146 172.782 0.881019 266.796 392.012 0.826439 275.908 393.381 0.769542 294.186 386.826 0.702768 258.921 380.238 0.806367 261.522 373.805 0.703358 281.126 376.391 0.41098 
261.527 172.819 0.864245 281.116 201.504 0.758844 275.898 201.479 0.699726 273.292 239.343 0.130495 264.095 268.078 0.275842 286.39 201.519 0.887536 287.661 236.731 0.883339 275.882 271.954 0.800711 277.249 269.353 0.673173 274.578 269.348 0.608301 277.18 320.283 0.794603 278.495 371.139 0.818535 283.738 269.363 0.689206 285.024 322.875 0.755776 287.671 380.298 0.838178 0 0 0 265.443 170.19 0.885471 0 0 0 277.156 172.771 0.892653 266.797 392.014 0.826963 275.909 393.383 0.770017 295.426 386.824 0.701989 258.925 380.238 0.807037 261.523 373.803 0.705144 281.138 376.384 0.405524 
261.52 172.789 0.881152 281.119 201.497 0.757983 275.897 201.486 0.707634 275.854 236.75 0.0932847 264.11 268.093 0.221831 287.597 201.497 0.883681 287.692 235.492 0.882711 275.926 269.375 0.826714 277.218 268.054 0.708952 273.284 268.054 0.63971 277.166 320.269 0.805312 278.496 371.136 0.820639 283.695 268.059 0.701813 285.015 321.601 0.758892 287.673 380.297 0.838271 0 0 0 265.453 170.173 0.897368 0 0 0 277.207 172.767 0.931594 266.798 392.016 0.829695 275.91 393.384 0.771794 295.429 386.823 0.702819 258.927 380.239 0.808741 261.522 373.803 0.706953 282.396 376.387 0.407381 
261.52 172.789 0.88098 281.123 201.496 0.756154 275.9 201.485 0.706764 275.892 235.463 0.077218 0 0 0 287.598 201.496 0.883192 287.693 235.489 0.883207 275.909 269.371 0.823413 277.228 268.068 0.71087 273.293 268.063 0.643222 277.172 321.565 0.79128 278.5 371.149 0.818903 283.711 268.076 0.705694 286.266 325.469 0.759246 287.662 380.294 0.834917 0 0 0 265.453 170.173 0.89727 0 0 0 277.206 172.768 0.931567 266.795 392.013 0.826165 275.906 393.38 0.767151 294.171 386.825 0.701805 258.922 380.247 0.815197 261.516 373.814 0.705204 282.418 377.687 0.405304 
261.55 172.826 0.867026 281.111 201.512 0.761941 275.883 201.508 0.710044 275.911 235.472 0.0726445 0 0 0 287.605 201.514 0.885536 287.692 235.483 0.88578 275.921 268.104 0.830636 277.229 268.085 0.704998 273.293 268.082 0.636644 277.181 321.579 0.783988 278.504 371.152 0.816297 283.707 268.093 0.702176 286.265 325.472 0.75558 287.66 380.297 0.832812 0 0 0 265.465 171.409 0.90403 0 0 0 277.206 172.764 0.936485 266.792 392.014 0.822582 275.901 393.381 0.762844 294.169 386.829 0.698017 258.921 380.247 0.817089 261.517 375.064 0.705204 282.421 377.692 0.406132 
261.554 172.837 0.865567 279.842 201.507 0.761675 275.864 201.511 0.706557 275.913 235.438 0.0673742 0 0 0 287.6 201.501 0.883022 287.699 235.456 0.891389 275.943 268.106 0.828187 277.219 268.062 0.717996 273.262 268.057 0.655141 275.944 321.558 0.809707 278.497 371.157 0.831682 283.719 268.064 0.708788 286.257 324.202 0.759204 287.707 380.319 0.845456 0 0 0 265.465 171.42 0.908177 0 0 0 277.201 172.771 0.937587 266.818 392.021 0.838252 275.93 393.384 0.779842 295.446 388.11 0.720525 258.912 380.248 0.814861 261.52 375.064 0.699766 282.396 377.702 0.442126 
261.535 172.839 0.878184 279.83 202.729 0.759684 275.867 202.744 0.703797 275.866 236.728 0.0708469 0 0 0 287.581 201.502 0.885521 287.704 235.434 0.897905 275.917 268.095 0.830652 277.212 268.066 0.711162 273.267 268.067 0.644072 275.936 322.9 0.789194 278.485 371.186 0.830609 283.69 268.068 0.70218 285.05 326.787 0.775955 287.715 380.341 0.852887 0 0 0 265.454 171.425 0.919795 0 0 0 277.204 172.792 0.9352 266.816 392.017 0.859533 275.928 393.383 0.795052 295.462 388.128 0.744788 258.924 380.26 0.836814 261.519 375.085 0.71855 281.139 378.973 0.44154 
261.536 172.814 0.883575 279.828 202.729 0.764148 275.863 202.743 0.708805 274.581 238.031 0.0807842 0 0 0 287.582 201.501 0.885986 287.703 235.435 0.896153 275.924 268.09 0.828126 277.223 268.081 0.709884 273.274 268.078 0.647905 275.921 324.187 0.791345 277.247 371.199 0.839647 283.719 268.085 0.703572 285.013 326.782 0.77629 287.707 380.355 0.857053 0 0 0 265.456 171.409 0.910272 0 0 0 277.196 172.788 0.941121 266.814 392.018 0.86656 275.924 393.386 0.798726 295.453 388.139 0.741933 258.915 380.262 0.835425 260.257 375.087 0.716923 279.841 378.968 0.471396 
258.933 172.723 0.903631 278.516 202.734 0.763044 275.849 202.736 0.665212 274.567 241.944 0.106296 262.843 268.071 0.264311 286.285 201.489 0.863985 287.607 235.421 0.883566 275.922 269.357 0.821707 277.186 269.366 0.699209 270.683 269.357 0.64515 275.817 322.879 0.770489 277.245 371.175 0.84299 283.702 269.363 0.68673 284.998 326.769 0.768472 288.919 380.339 0.857725 0 0 0 265.399 168.872 0.881644 0 0 0 275.949 172.751 0.941502 266.823 392.024 0.865932 275.935 393.385 0.800938 295.47 388.119 0.744259 258.924 380.258 0.83428 261.516 375.082 0.720853 279.841 377.702 0.46586 
258.905 172.798 0.901182 278.5 201.488 0.739454 275.871 201.475 0.647715 277.185 235.437 0.0625744 0 0 0 284.998 201.464 0.824398 287.589 235.424 0.898387 275.944 269.393 0.82033 277.184 268.097 0.724316 270.689 268.079 0.665868 271.954 320.266 0.769381 277.208 369.914 0.853292 282.438 268.101 0.700954 279.835 321.592 0.760589 288.926 380.271 0.852828 0 0 0 264.17 170.171 0.881726 0 0 0 275.902 172.755 0.940658 268.039 390.791 0.850021 277.15 393.344 0.794931 295.493 385.522 0.745462 258.917 380.259 0.847903 260.231 375.075 0.735161 278.557 375.088 0.475907 
256.331 172.824 0.931395 275.912 202.751 0.798417 269.372 202.784 0.683499 270.663 244.518 0.315418 262.816 266.786 0.630975 278.546 201.487 0.840455 286.353 235.401 0.905053 275.901 270.654 0.800798 277.186 270.652 0.743548 269.374 269.388 0.699963 266.754 320.307 0.824854 277.216 371.167 0.849314 285.003 269.398 0.712027 277.234 326.781 0.832969 288.94 380.339 0.848351 0 0 0 261.551 171.409 0.856132 0 0 0 274.607 172.811 0.91392 268.04 392.002 0.829901 275.937 393.356 0.771998 296.728 386.843 0.742507 258.93 380.28 0.855197 260.255 376.367 0.734805 279.835 377.673 0.471281 
255.06 174.135 0.901516 275.828 202.813 0.806076 268.04 202.845 0.73239 269.397 244.578 0.394579 264.115 269.356 0.573805 278.478 202.747 0.887845 286.341 235.431 0.934058 275.844 271.985 0.794294 277.224 270.668 0.734892 270.677 270.652 0.691304 265.46 320.299 0.815079 277.187 371.172 0.846613 286.268 270.66 0.712371 275.872 325.49 0.796808 287.702 380.3 0.843971 256.287 172.701 0.0512887 258.92 171.498 0.88715 0 0 0 273.278 174.073 0.863396 268.038 392.001 0.833071 275.928 393.353 0.767076 296.71 386.81 0.732229 257.644 380.278 0.880051 260.219 376.374 0.749597 279.807 377.684 0.471521 
254.982 176.712 0.857926 274.538 204.156 0.817233 266.761 205.391 0.756092 266.794 245.909 0.585381 260.23 271.952 0.709336 277.27 204.107 0.889981 286.299 238.047 0.890756 271.987 275.823 0.809282 281.094 269.363 0.728576 274.606 269.368 0.722898 264.098 320.269 0.783774 277.185 371.164 0.836748 287.627 269.359 0.757741 268.107 324.183 0.767794 287.676 380.321 0.848258 0 0 0 257.638 172.775 0.886073 0 0 0 270.688 178.001 0.796558 266.802 392.017 0.860899 275.884 393.375 0.789713 295.493 386.806 0.738846 257.633 380.288 0.895478 260.216 376.393 0.758291 279.839 377.664 0.424156 
253.714 179.318 0.855088 270.656 206.75 0.780347 265.424 209.33 0.743492 265.476 248.476 0.798476 256.26 274.558 0.82074 277.182 205.419 0.879338 286.301 240.663 0.871015 268.099 274.602 0.84215 281.093 271.993 0.736908 274.584 273.254 0.723704 261.525 322.858 0.759934 277.179 371.185 0.829701 287.646 271.985 0.76476 266.73 325.497 0.828876 287.662 380.327 0.853492 0 0 0 256.352 174.084 0.885339 0 0 0 268.054 180.596 0.871485 266.794 392.022 0.868307 275.859 393.375 0.780803 295.48 385.519 0.751787 257.643 380.309 0.898314 260.229 377.674 0.759017 281.119 376.408 0.404109 
252.38 181.934 0.878873 269.391 210.621 0.755114 265.46 211.927 0.73857 265.438 254.997 0.86105 249.767 278.514 0.766113 275.925 206.739 0.869164 286.265 243.233 0.854428 265.479 274.585 0.74596 283.744 274.582 0.747892 278.495 274.598 0.683104 261.54 321.567 0.704397 277.163 371.213 0.80494 287.587 274.571 0.795476 264.113 324.196 0.743762 287.641 381.576 0.842549 0 0 0 255.068 177.986 0.881508 0 0 0 266.789 181.891 0.923663 266.744 392.026 0.857405 274.567 393.393 0.75105 295.478 386.833 0.739211 257.6 380.311 0.912443 258.944 377.684 0.75755 281.101 377.696 0.386543 
249.788 183.202 0.879495 268.112 209.31 0.715923 265.465 209.325 0.657505 266.737 247.176 0.319711 248.481 265.419 0.31228 275.839 206.745 0.855161 282.408 243.277 0.868217 252.418 265.475 0.860656 277.234 275.864 0.801821 274.569 275.839 0.704729 258.944 324.188 0.719552 275.904 371.211 0.815118 283.714 275.899 0.793877 262.83 326.788 0.777176 287.603 381.57 0.860752 0 0 0 254.964 180.586 0.880323 0 0 0 265.439 181.963 0.935558 266.767 392.013 0.876475 274.584 393.366 0.77888 295.441 386.812 0.752145 256.372 380.314 0.90845 258.919 377.687 0.755576 278.549 377.688 0.397588 
247.185 180.623 0.858552 268.042 204.173 0.691158 265.444 204.157 0.596466 265.436 244.538 0.17195 249.794 256.363 0.123752 271.99 204.139 0.831715 281.09 238.057 0.832958 245.881 257.641 0.873628 277.192 273.292 0.77744 271.997 273.285 0.664617 260.21 321.593 0.724867 275.914 371.192 0.836038 282.434 274.552 0.752013 265.468 326.757 0.817191 287.592 380.333 0.858926 0 0 0 253.71 174.127 0.838461 0 0 0 265.44 181.841 0.913927 266.757 392.022 0.875195 274.585 393.363 0.769494 294.163 384.256 0.744362 256.36 380.329 0.909437 257.67 377.703 0.760663 278.565 377.667 0.411236 
245.925 175.395 0.869736 266.757 202.752 0.700691 265.424 202.745 0.593866 266.777 235.459 0.106798 0 0 0 268.076 201.523 0.851412 278.486 235.37 0.928248 244.536 252.371 0.855716 277.23 266.78 0.770032 275.911 266.774 0.653251 265.495 320.258 0.788833 275.934 371.173 0.827407 278.538 266.799 0.779649 266.721 320.28 0.848109 286.292 379.006 0.842525 0 0 0 252.371 171.531 0.860218 0 0 0 264.135 175.381 0.857052 265.47 390.768 0.805275 271.968 392.084 0.698868 290.256 381.65 0.762145 256.328 380.299 0.917791 257.64 377.674 0.765966 279.808 376.366 0.348135 
244.497 163.66 0.857543 264.11 192.367 0.711961 257.646 192.363 0.610146 265.433 222.381 0.10053 0 0 0 265.478 192.336 0.887929 274.554 223.74 0.919824 239.342 235.421 0.87292 277.229 255.022 0.761221 277.218 255.016 0.62867 277.192 308.551 0.804447 283.737 360.767 0.82179 277.239 255.053 0.800783 266.743 308.519 0.827952 265.509 369.862 0.842911 0 0 0 245.927 161.045 0.887941 0 0 0 257.61 164.97 0.850698 245.915 381.651 0.779911 254.971 382.935 0.790984 270.649 372.488 0.723064 270.677 376.393 0.0994195 0 0 0 287.6 367.279 0.833012 
243.208 162.374 0.83379 262.825 191.071 0.692874 257.641 191.051 0.589661 260.252 222.396 0.168289 243.235 234.15 0.0837834 265.392 191.064 0.848181 274.571 223.674 0.918901 236.745 234.146 0.913087 277.245 254.962 0.773341 279.791 253.715 0.617941 278.556 308.524 0.813471 295.489 360.68 0.853866 277.185 255.004 0.803994 265.398 308.582 0.7909 256.389 371.162 0.860772 0 0 0 245.843 160.984 0.879962 0 0 0 256.301 163.668 0.886698 235.437 381.656 0.764029 244.525 382.952 0.828209 264.138 377.666 0.783007 277.17 371.231 0.766229 278.496 369.867 0.671708 299.36 364.656 0.779183 
240.649 162.403 0.822912 260.241 192.299 0.720856 256.353 192.315 0.642571 256.364 223.727 0.206047 235.453 232.791 0.15404 264.16 191.05 0.847663 274.576 223.72 0.926004 236.731 234.092 0.907181 277.206 254.992 0.798851 278.537 254.967 0.640472 283.694 308.468 0.819068 307.144 354.229 0.808761 275.909 255.028 0.801682 261.536 313.733 0.747214 253.667 371.172 0.868824 0 0 0 244.581 161.01 0.885718 0 0 0 255.047 163.685 0.873292 230.219 381.652 0.772293 235.483 384.218 0.818961 256.3 377.708 0.797929 288.973 371.176 0.812969 292.852 369.852 0.731491 311.121 358.134 0.766093 
238.072 171.517 0.87196 256.351 198.868 0.837416 247.183 200.197 0.784664 252.411 230.217 0.321995 227.63 234.117 0.246349 265.485 196.285 0.868581 274.553 234.058 0.895818 235.475 234.164 0.869906 275.842 264.152 0.783625 271.958 265.399 0.660615 288.995 313.731 0.802297 319.037 351.586 0.869525 277.151 264.115 0.779241 253.672 316.352 0.824524 247.191 376.393 0.819724 0 0 0 244.517 168.845 0.863977 0 0 0 255.011 171.532 0.934038 226.28 384.222 0.758756 234.064 388.148 0.82656 254.986 381.608 0.837989 309.845 375.104 0.809734 311.165 371.219 0.753967 329.379 351.597 0.848895 
238.049 180.592 0.846276 256.38 202.854 0.865425 247.203 204.087 0.791721 251.1 235.475 0.336899 228.928 235.439 0.259693 266.702 202.823 0.902287 274.584 236.714 0.903917 235.419 235.455 0.878255 274.579 268.107 0.760613 268.097 269.396 0.67619 295.427 317.583 0.846591 328.037 351.586 0.864986 277.155 268.076 0.755113 245.829 317.652 0.904222 249.79 380.246 0.827436 0 0 0 243.289 174.092 0.867612 0 0 0 255.004 179.326 0.877631 225.014 386.807 0.79991 232.806 389.458 0.839835 256.297 382.946 0.832854 317.612 373.762 0.824445 318.925 371.178 0.774833 333.345 352.897 0.840789 
238.032 184.533 0.859464 256.279 211.943 0.899202 244.615 213.209 0.882632 245.826 244.533 0.731383 224.957 234.089 0.646347 265.507 211.888 0.872769 269.397 244.568 0.915761 236.741 240.639 0.776196 275.861 275.921 0.811355 270.684 277.157 0.682956 296.706 318.947 0.892972 329.442 352.895 0.84959 277.181 275.899 0.785413 241.941 319.024 0.854883 248.501 380.276 0.854328 0 0 0 243.271 181.936 0.896595 0 0 0 254.966 184.522 0.900413 225.019 386.825 0.793421 232.811 390.679 0.84143 256.262 382.96 0.819336 319.017 371.224 0.850824 320.313 369.904 0.781776 338.555 355.496 0.852019 
238.032 192.344 0.896306 256.293 217.142 0.863876 245.85 218.463 0.81689 245.914 254.988 0.339479 234.1 247.172 0.253571 265.493 215.87 0.887814 266.819 253.693 0.912319 234.114 241.969 0.853787 275.86 282.4 0.765891 273.288 283.69 0.667467 294.171 321.606 0.821685 333.32 352.916 0.790612 277.158 281.116 0.737032 235.402 322.884 0.875923 249.777 380.287 0.850299 0 0 0 243.273 187.139 0.84337 0 0 0 253.699 192.336 0.888506 226.273 386.833 0.780735 234.059 390.687 0.846922 256.284 382.951 0.858358 321.586 371.163 0.811239 325.473 369.876 0.720098 339.921 355.528 0.835034 
235.496 204.107 0.918884 256.315 232.768 0.883528 245.861 234.052 0.864892 240.667 265.488 0.643632 224.997 247.172 0.542901 266.697 231.506 0.893704 261.544 265.512 0.897151 232.807 245.906 0.898794 277.167 294.166 0.78384 275.866 295.43 0.706411 291.563 338.493 0.874462 337.247 358.092 0.835637 278.49 294.161 0.745743 232.832 326.815 0.891669 249.781 380.32 0.857419 0 0 0 241.954 201.512 0.846418 0 0 0 253.662 204.103 0.896707 226.314 386.842 0.776008 234.08 390.689 0.843492 256.296 382.93 0.859176 322.885 371.156 0.872615 325.49 369.845 0.783191 345.064 358.094 0.765225 
236.726 211.921 0.873911 256.325 235.445 0.908577 245.902 235.472 0.857477 239.336 271.987 0.618915 226.293 257.635 0.490624 265.499 235.44 0.925451 256.357 271.966 0.900991 232.8 251.112 0.853834 275.93 296.821 0.878711 269.374 298.037 0.787304 231.49 328.054 0.797086 249.779 380.278 0.795776 281.136 296.806 0.830649 288.987 341.178 0.696915 338.518 358.077 0.811408 0 0 0 243.205 205.41 0.83608 0 0 0 253.678 210.617 0.840327 325.493 369.899 0.769274 329.413 369.892 0.760568 345.074 358.076 0.764145 226.338 389.459 0.782448 230.212 385.531 0.694614 256.293 382.904 0.82283 
235.482 214.578 0.934156 256.345 241.933 0.868219 247.163 241.978 0.817039 244.598 274.566 0.538599 228.9 257.631 0.507075 265.485 241.937 0.895682 256.311 275.93 0.963 234.087 255.02 0.911276 277.184 300.679 0.772576 275.878 300.702 0.695615 288.971 348.94 0.910443 337.213 358.069 0.81712 278.521 300.677 0.734126 231.49 328.079 0.888742 248.5 380.316 0.86459 0 0 0 240.649 213.18 0.866181 0 0 0 252.387 214.53 0.895446 226.329 386.849 0.785152 234.092 390.684 0.849696 256.261 382.922 0.85007 325.504 371.134 0.846766 326.806 369.823 0.74048 343.761 355.493 0.750454 
235.488 223.734 0.937238 256.364 247.196 0.878641 247.196 247.169 0.836032 241.952 277.163 0.581815 226.306 257.616 0.564049 266.703 248.469 0.875865 254.971 284.984 0.90031 231.523 257.611 0.846575 277.181 307.263 0.834504 273.298 308.481 0.746226 287.62 352.91 0.873958 335.908 354.209 0.782321 281.121 307.264 0.784921 230.195 328.143 0.868944 248.507 380.283 0.818472 0 0 0 240.642 221.056 0.814786 0 0 0 252.365 223.658 0.872612 228.893 388.153 0.722274 234.112 389.461 0.793005 256.269 381.675 0.824082 329.366 371.203 0.803903 329.395 369.886 0.732403 341.201 350.313 0.793997 
236.739 227.602 0.867735 256.376 253.686 0.879109 247.215 254.936 0.802632 241.944 279.838 0.581496 228.911 258.93 0.633458 266.723 253.68 0.88956 254.947 286.343 0.930888 232.822 261.553 0.821317 277.181 308.588 0.80309 273.302 309.817 0.705745 287.603 359.363 0.927456 335.914 352.91 0.793297 281.122 308.587 0.758822 228.893 329.356 0.888433 248.495 380.296 0.86262 0 0 0 241.936 223.735 0.865563 0 0 0 252.419 225.051 0.882461 226.347 388.114 0.787546 234.122 390.682 0.85108 256.27 381.676 0.871651 329.381 371.218 0.759201 329.376 369.889 0.698477 341.2 350.243 0.827932 
236.73 234.083 0.905808 257.658 256.306 0.861733 251.107 256.294 0.773298 234.132 265.429 0.218668 225.046 256.307 0.33439 266.745 256.337 0.904551 252.373 291.568 0.825866 231.505 265.491 0.848338 277.184 316.375 0.813095 274.548 317.593 0.713927 286.38 360.718 0.888713 330.723 351.642 0.738151 281.118 317.59 0.758601 228.907 329.403 0.773811 249.784 380.269 0.635061 0 0 0 241.932 227.625 0.809082 0 0 0 253.651 232.825 0.849311 231.521 386.847 0.427085 235.412 389.425 0.456159 255.042 381.647 0.688716 329.456 371.223 0.694044 329.447 371.12 0.658754 339.812 348.941 0.716424 
236.717 235.469 0.926467 258.959 258.911 0.757361 254.985 257.639 0.702571 235.485 268.057 0.084504 227.617 261.547 0.17922 266.727 260.21 0.869482 252.41 296.747 0.901765 231.53 268.043 0.841885 277.173 317.684 0.839931 273.266 317.662 0.73774 226.309 329.408 0.824088 247.222 380.276 0.776096 281.115 317.71 0.800122 286.295 364.649 0.608836 330.713 352.914 0.6993 0 0 0 240.665 234.086 0.890926 0 0 0 253.672 235.429 0.914069 329.45 371.162 0.720353 334.635 369.812 0.705662 338.522 349.002 0.703574 227.584 389.446 0.778395 230.216 385.529 0.68004 255.063 381.67 0.800086 
236.78 236.76 0.868991 258.946 260.243 0.772295 253.697 258.955 0.701458 245.849 287.633 0.124718 228.902 266.769 0.204022 266.748 261.536 0.869923 252.41 296.812 0.918116 231.512 268.068 0.829017 277.219 318.954 0.818206 275.855 318.952 0.725615 285.026 367.249 0.838404 330.741 351.641 0.805239 281.099 318.969 0.775562 228.889 329.448 0.858889 249.769 380.299 0.840478 0 0 0 241.967 234.159 0.882224 0 0 0 253.665 235.502 0.876899 228.892 388.132 0.744276 234.091 389.444 0.809314 256.286 381.662 0.857545 330.701 372.458 0.789057 329.439 371.114 0.754412 338.545 348.923 0.817907 
238.06 240.647 0.829187 260.251 262.84 0.752521 254.99 262.829 0.683856 245.924 288.928 0.113465 231.536 269.368 0.143563 266.776 264.105 0.873356 252.386 298.062 0.906574 232.825 270.686 0.835456 277.24 318.987 0.809707 275.896 318.961 0.737344 284.996 368.528 0.749875 329.373 352.898 0.735847 281.108 319.024 0.771027 230.198 329.45 0.607996 248.512 380.263 0.380662 0 0 0 243.239 235.424 0.888587 0 0 0 253.725 236.736 0.889506 234.141 385.534 0.238154 236.774 388.111 0.230007 254.948 381.622 0.441655 330.701 371.223 0.644218 329.437 371.131 0.598343 337.226 347.664 0.650747 
238.076 240.657 0.818346 258.956 264.128 0.793283 253.689 264.11 0.693081 245.891 291.557 0.152593 232.805 273.298 0.171352 266.788 264.157 0.883737 252.379 298.085 0.897357 234.061 271.996 0.851649 277.239 320.251 0.801494 275.852 319.011 0.733437 226.342 329.4 0.765502 248.474 380.295 0.749993 282.4 320.292 0.759306 230.217 330.703 0.422783 248.505 380.271 0.236768 0 0 0 243.268 235.447 0.882859 0 0 0 253.729 238.047 0.857577 235.42 386.829 0.137692 240.648 385.54 0.140109 253.722 381.589 0.275366 226.304 389.438 0.769315 228.925 385.523 0.656484 255.06 381.681 0.745173 
238.077 243.26 0.855185 261.547 265.398 0.803743 255.012 265.407 0.726076 247.19 290.252 0.155104 231.536 271.956 0.187706 266.806 265.41 0.888109 253.694 298.149 0.917003 234.117 274.606 0.893204 277.266 320.318 0.766481 275.888 320.3 0.713514 285.009 369.819 0.864034 329.463 352.919 0.808957 282.427 321.593 0.736342 228.895 329.465 0.844575 249.776 380.29 0.815981 0 0 0 243.26 236.741 0.857935 0 0 0 254.935 240.633 0.859014 227.624 388.124 0.68477 232.834 389.435 0.753142 256.277 381.669 0.812976 330.691 372.466 0.796415 329.453 371.13 0.755182 338.503 348.949 0.831774 
239.373 243.273 0.850689 264.106 265.407 0.810617 256.318 265.432 0.742794 247.228 292.864 0.223944 234.096 274.554 0.243094 266.817 265.397 0.884192 253.682 299.365 0.908109 234.128 274.607 0.897386 278.489 321.562 0.762192 275.907 320.307 0.712525 284.996 369.81 0.873545 330.721 354.219 0.795635 282.432 321.598 0.733341 230.199 329.46 0.858666 249.772 380.301 0.844614 0 0 0 243.285 236.739 0.859342 0 0 0 254.955 239.366 0.862344 227.586 386.841 0.766129 234.068 389.447 0.821612 256.271 382.892 0.84806 330.729 372.48 0.77579 329.45 371.143 0.744208 338.536 348.991 0.82399 
241.938 241.96 0.827331 261.534 265.38 0.8122 254.97 265.391 0.735535 247.164 291.555 0.19751 232.812 273.27 0.248264 268.041 265.387 0.867018 253.665 298.123 0.91956 234.136 275.831 0.917198 278.503 320.282 0.775601 275.884 320.273 0.726651 284.971 369.798 0.855147 330.727 355.502 0.801769 283.744 320.309 0.752593 231.493 329.461 0.862112 249.783 380.31 0.840913 0 0 0 244.541 235.477 0.905152 0 0 0 254.994 238.069 0.87003 227.603 386.832 0.76097 234.071 389.433 0.821158 256.281 382.907 0.838068 330.716 372.493 0.762288 329.45 371.154 0.732064 338.542 349 0.822961 
241.941 240.632 0.812135 261.55 264.169 0.790805 254.992 265.392 0.713684 245.901 288.946 0.126775 231.519 269.352 0.207017 268.039 264.172 0.862605 253.65 298.068 0.926449 234.143 274.577 0.890347 278.508 320.256 0.772318 275.9 320.259 0.723431 284.993 368.557 0.859252 330.741 355.504 0.801972 283.726 320.271 0.753866 231.524 329.426 0.883756 249.775 380.319 0.85273 0 0 0 244.554 235.429 0.909352 0 0 0 255.018 236.786 0.890141 227.586 386.816 0.767311 234.084 389.448 0.82152 256.277 382.918 0.853227 332.001 372.455 0.775768 330.702 371.127 0.748981 338.554 349.011 0.831692 
241.961 236.751 0.830762 264.105 261.527 0.782611 256.302 261.536 0.740327 245.933 287.681 0.249699 232.774 268.048 0.364318 268.058 261.544 0.842028 249.784 296.745 0.90927 234.054 270.661 0.845372 278.522 318.919 0.793358 277.169 317.704 0.74028 285.026 364.633 0.821799 330.733 355.497 0.790095 282.425 318.94 0.773617 232.794 329.394 0.876387 249.795 380.313 0.812716 0 0 0 244.572 234.122 0.887014 0 0 0 255.049 235.471 0.918354 227.622 388.106 0.696509 234.069 389.434 0.766362 256.279 382.918 0.802089 330.747 372.484 0.773882 330.723 371.147 0.749261 338.56 349 0.782472 
243.27 234.168 0.862958 261.556 256.367 0.850549 255.019 256.351 0.840759 245.824 285 0.329146 230.231 264.157 0.421366 268.06 257.607 0.86826 248.462 291.543 0.863216 232.775 268.048 0.866857 278.497 317.627 0.792122 277.163 317.616 0.732418 286.263 362.02 0.880061 332.002 356.797 0.778383 282.401 317.647 0.757608 232.818 329.37 0.887757 249.802 380.308 0.819649 0 0 0 245.826 231.502 0.837584 0 0 0 255.06 234.135 0.915807 227.615 386.847 0.733067 234.085 389.44 0.797632 256.284 382.911 0.819947 330.735 372.482 0.736929 330.744 371.162 0.715076 339.823 350.258 0.763322 
244.514 232.809 0.88822 262.809 255.057 0.875516 255.013 255.064 0.852554 241.943 277.206 0.487769 230.205 260.226 0.612315 268.061 256.265 0.893038 245.948 288.948 0.907205 232.777 265.456 0.860428 278.553 313.76 0.741146 277.15 313.751 0.716301 286.332 360.696 0.951573 334.634 358.081 0.795425 285.024 315.031 0.737498 232.823 328.156 0.919522 249.792 380.307 0.856224 0 0 0 245.876 226.337 0.884831 0 0 0 256.319 232.777 0.879384 226.304 385.524 0.792584 234.093 389.46 0.842363 256.292 382.933 0.876091 330.721 372.526 0.766569 329.457 371.182 0.741139 339.896 350.336 0.801277 
244.501 223.726 0.886832 260.256 247.197 0.842603 254.945 247.181 0.840972 241.934 275.873 0.613359 231.498 253.674 0.65832 268.07 248.47 0.843313 244.622 278.548 0.91867 232.827 254.957 0.826136 279.798 307.263 0.795842 277.161 308.483 0.762647 287.597 355.524 0.879252 337.216 358.067 0.80838 285.006 307.261 0.795944 232.819 328.067 0.912976 248.518 380.31 0.857078 0 0 0 245.869 221.069 0.862137 0 0 0 256.322 223.73 0.926714 226.305 385.518 0.790297 234.097 389.465 0.843633 256.273 382.953 0.869086 330.696 372.474 0.817376 330.735 371.137 0.757344 343.784 352.875 0.758096 
245.827 214.592 0.884537 260.229 240.666 0.820077 253.724 239.371 0.799001 241.956 268.085 0.609299 232.768 244.568 0.6754 266.807 241.956 0.849405 244.538 269.37 0.876053 232.795 244.55 0.840045 277.232 299.409 0.777721 275.936 299.414 0.70183 288.988 347.699 0.883616 338.546 358.087 0.841287 279.802 299.419 0.72707 232.783 328.024 0.880851 248.51 380.296 0.853021 0 0 0 247.233 213.192 0.823017 0 0 0 257.65 214.554 0.884453 226.272 385.544 0.789775 234.059 389.468 0.842357 256.27 382.94 0.861957 329.436 371.198 0.843333 330.713 369.885 0.755595 347.656 355.516 0.775487 
245.846 210.627 0.883199 260.249 234.164 0.874797 253.666 234.179 0.852426 238.06 264.12 0.572139 230.203 236.749 0.655564 268.075 235.376 0.879479 243.272 264.155 0.888201 230.204 235.467 0.829362 277.214 296.731 0.812939 275.919 296.749 0.726275 291.539 339.838 0.879566 339.81 358.085 0.847407 278.526 296.725 0.771708 232.815 326.809 0.888958 248.515 380.309 0.858409 0 0 0 248.494 204.172 0.846001 0 0 0 258.956 209.312 0.79055 226.277 386.816 0.78653 234.069 390.691 0.850684 256.27 382.955 0.846103 329.433 371.212 0.871623 330.717 369.895 0.794765 348.941 356.818 0.783867 
245.837 202.839 0.932977 258.96 227.58 0.826856 253.693 226.314 0.819834 240.634 253.715 0.564642 231.492 228.901 0.569916 266.788 228.906 0.839872 243.258 257.655 0.871187 231.501 231.511 0.796654 275.875 292.849 0.791305 266.758 294.173 0.768575 232.805 326.78 0.86538 249.805 380.27 0.843793 283.692 290.263 0.74705 290.28 330.709 0.818103 338.584 351.634 0.849781 0 0 0 248.513 200.188 0.803191 0 0 0 260.225 202.836 0.856985 329.441 369.905 0.861078 338.488 369.804 0.870079 348.935 351.587 0.788954 226.34 389.467 0.792961 230.207 385.521 0.715201 256.298 382.93 0.877142 
245.873 189.735 0.869247 260.25 214.512 0.854804 254.964 213.299 0.832041 239.34 243.253 0.488119 231.493 215.898 0.574203 266.793 214.557 0.880545 243.274 244.565 0.909495 231.493 215.88 0.822793 275.871 277.25 0.792456 274.587 277.235 0.671821 295.429 318.962 0.870841 330.685 350.256 0.904394 275.911 278.489 0.754702 235.403 320.321 0.883463 248.513 380.272 0.845408 0 0 0 249.808 184.514 0.843797 0 0 0 261.518 191.054 0.833146 225.05 386.831 0.793296 234.061 390.686 0.861543 256.282 382.947 0.847841 329.36 369.823 0.731554 330.724 368.526 0.642431 338.579 350.309 0.869408 
244.626 183.204 0.922495 261.525 208.017 0.772278 256.293 205.431 0.800213 241.97 234.113 0.503841 232.774 213.188 0.509128 265.48 210.636 0.864738 243.283 236.723 0.905477 228.897 213.192 0.826784 275.844 274.559 0.775581 275.888 273.26 0.652979 294.14 316.336 0.830342 328.137 350.247 0.913694 274.548 274.606 0.729319 243.28 318.919 0.895041 248.513 380.256 0.844305 0 0 0 248.479 180.624 0.846614 0 0 0 258.946 183.234 0.890635 225.036 386.839 0.783998 232.814 390.687 0.847458 256.276 382.951 0.829658 317.664 371.178 0.797417 319.01 369.847 0.709945 337.244 350.317 0.847752 
244.53 176.69 0.867387 260.224 202.763 0.811911 256.268 201.513 0.775 241.976 226.305 0.419244 232.778 205.415 0.544925 265.447 202.81 0.925095 244.575 232.802 0.928096 230.204 205.441 0.805261 274.577 266.769 0.760663 274.555 266.742 0.666495 290.239 311.123 0.803065 320.272 350.264 0.87706 274.568 266.8 0.740817 249.784 317.654 0.819554 251.067 378.98 0.804633 0 0 0 245.922 172.775 0.906045 0 0 0 257.596 175.426 0.837854 226.311 385.505 0.778833 234.083 389.407 0.850046 256.272 382.895 0.826694 309.811 373.771 0.821866 311.141 371.15 0.760529 329.412 350.296 0.864961 
244.511 163.69 0.86404 260.215 192.35 0.79233 256.326 191.079 0.737656 245.859 219.773 0.276234 231.498 201.462 0.316802 264.143 192.399 0.88946 245.834 224.94 0.968039 228.912 202.755 0.829192 275.914 256.267 0.779564 275.926 255.031 0.666628 285 307.218 0.827712 299.439 354.205 0.79355 275.882 256.298 0.78305 266.7 311.162 0.811957 261.538 371.198 0.81244 0 0 0 245.908 161.076 0.90267 0 0 0 256.334 166.241 0.853269 239.332 381.621 0.762948 245.847 382.937 0.842547 266.729 378.958 0.799335 286.281 371.216 0.845349 287.595 369.863 0.766411 307.271 359.389 0.746207 
243.27 162.335 0.857093 261.537 189.757 0.691653 257.631 187.146 0.626575 245.838 214.552 0.201992 232.828 197.588 0.265657 262.852 191.053 0.830827 245.899 223.643 0.933491 230.23 201.449 0.795129 275.892 254.959 0.744606 274.553 254.973 0.647334 269.379 308.493 0.738928 277.234 360.709 0.710367 277.178 254.951 0.79385 275.84 308.475 0.808747 286.299 360.758 0.763134 0 0 0 245.881 159.755 0.85471 0 0 0 256.306 162.421 0.885082 261.557 380.308 0.655292 269.364 380.34 0.629255 290.262 368.526 0.672464 260.219 378.984 0.359052 261.511 373.77 0.332158 286.334 363.33 0.238355 
244.509 162.286 0.863384 262.837 187.162 0.695865 258.915 184.574 0.639207 245.829 213.253 0.18922 231.51 196.28 0.203154 264.1 189.759 0.81614 245.923 223.641 0.929728 228.893 197.605 0.785438 275.908 253.713 0.727138 275.851 253.699 0.626881 269.371 308.544 0.779119 277.232 359.459 0.849221 275.938 254.953 0.781253 273.304 308.529 0.808382 290.254 364.643 0.777677 0 0 0 245.91 158.446 0.81851 0 0 0 256.342 162.32 0.901455 277.186 380.346 0.741595 286.306 381.576 0.726239 296.803 369.861 0.772679 258.951 372.47 0.796499 261.519 369.866 0.751804 282.428 363.33 0.489974 
244.576 164.964 0.870891 264.109 192.381 0.767567 260.246 192.329 0.654434 244.598 215.847 0.262237 235.388 196.283 0.355864 264.144 192.401 0.883741 247.156 226.288 0.899391 231.538 202.783 0.829582 275.836 256.377 0.731649 271.976 257.618 0.636958 265.401 312.439 0.706077 255.05 369.88 0.827736 275.944 256.37 0.784757 274.599 316.314 0.700202 318.971 356.833 0.719107 0 0 0 247.183 161.093 0.879528 0 0 0 257.672 166.239 0.813159 312.444 380.327 0.753089 319.006 378.972 0.724665 328.141 354.189 0.630494 234.134 379.003 0.699207 235.431 376.363 0.615246 257.619 375.062 0.733554 
244.61 171.421 0.893644 265.41 194.953 0.77018 264.147 193.647 0.689355 245.901 218.478 0.201751 235.46 202.824 0.336217 264.167 196.256 0.8364 245.914 231.521 0.905905 232.793 205.405 0.843727 274.567 265.389 0.76586 266.795 265.418 0.733841 255.003 316.342 0.855992 249.805 371.235 0.806975 277.235 264.146 0.800885 281.109 318.999 0.871737 328.148 352.928 0.812931 0 0 0 247.214 164.958 0.809081 0 0 0 258.959 171.455 0.860184 328.134 380.338 0.801444 335.918 376.395 0.716239 338.515 350.329 0.771843 228.899 382.942 0.736952 231.488 380.328 0.744795 255.066 380.243 0.840369 
245.906 184.552 0.862445 266.71 209.335 0.734821 266.799 206.707 0.621242 249.788 236.724 0.069575 240.627 217.171 0.0724045 265.391 211.899 0.859306 245.916 244.519 0.931626 234.177 215.9 0.844753 275.853 277.156 0.767783 268.104 277.177 0.669538 241.969 318.95 0.826166 248.479 377.689 0.790301 278.48 277.158 0.778865 287.674 328.099 0.857043 339.818 363.339 0.781392 0 0 0 249.796 181.955 0.834604 0 0 0 261.528 184.543 0.856192 338.581 390.746 0.839397 345.073 386.84 0.73832 348.987 360.748 0.701563 226.299 384.249 0.74435 228.912 381.625 0.721389 255.028 381.615 0.82552 
247.192 201.524 0.877891 266.761 223.719 0.761822 266.772 223.676 0.638405 247.205 252.377 0.0953472 236.774 232.837 0.102423 265.505 224.934 0.901755 249.804 256.352 0.883514 235.425 234.101 0.890572 277.19 290.228 0.813798 269.363 288.971 0.752504 234.103 322.889 0.869875 248.512 377.701 0.810801 286.27 290.252 0.781127 295.437 347.67 0.858533 349.012 369.799 0.873466 0 0 0 253.659 195.002 0.821426 0 0 0 264.108 201.465 0.845207 341.146 389.462 0.851058 349.036 385.519 0.820664 359.38 367.243 0.760258 227.593 385.535 0.754016 230.222 381.635 0.756869 256.278 381.592 0.872288 
247.219 206.706 0.839235 266.804 228.928 0.730006 268.093 226.352 0.621149 253.706 255.045 0.0797432 241.937 243.254 0.0987156 265.5 231.52 0.863461 252.374 265.412 0.894675 235.475 243.224 0.876135 277.257 296.778 0.800789 272 296.738 0.732615 234.071 325.456 0.860644 248.509 376.388 0.805586 286.294 298.037 0.795971 295.492 351.568 0.883421 350.319 369.886 0.881871 0 0 0 252.408 202.854 0.857479 0 0 0 262.837 204.186 0.856079 342.445 389.463 0.817618 350.256 385.549 0.815787 360.692 368.577 0.851492 227.597 384.249 0.751397 230.222 381.608 0.756275 256.288 380.338 0.865809 
247.192 211.954 0.87143 266.784 235.388 0.772672 266.728 234.164 0.670822 254.96 265.421 0.16624 239.359 247.222 0.142148 266.759 235.411 0.898973 253.68 268.112 0.868099 238.027 247.193 0.835325 278.479 300.684 0.770992 271.986 299.386 0.735202 232.836 325.492 0.861538 249.777 375.096 0.802517 286.344 302.006 0.780476 296.75 359.391 0.930956 351.595 369.928 0.867687 0 0 0 253.671 205.437 0.829547 0 0 0 264.107 211.912 0.830966 343.779 389.46 0.823218 350.294 386.811 0.806306 360.724 369.799 0.859977 228.884 384.203 0.75859 231.506 381.583 0.771115 256.312 380.321 0.869408 
247.166 222.367 0.877614 266.742 244.593 0.802325 264.156 244.593 0.709879 252.388 274.56 0.152 238.053 261.526 0.20559 268.052 244.568 0.897807 253.7 275.943 0.932758 239.338 256.269 0.875102 278.481 308.549 0.805565 271.959 307.258 0.768953 232.792 326.759 0.865681 249.792 375.087 0.805856 286.375 309.859 0.801735 295.462 367.276 0.847559 350.293 369.925 0.877243 0 0 0 252.396 214.624 0.835134 0 0 0 264.104 218.446 0.819431 346.388 390.733 0.781031 350.347 386.845 0.763883 359.41 368.525 0.761165 228.902 382.964 0.756937 231.523 381.574 0.771936 256.317 380.311 0.881516 
247.155 224.934 0.903395 266.799 245.9 0.784589 265.45 245.878 0.71474 253.688 275.868 0.231622 240.64 261.516 0.253983 268.098 245.887 0.885034 253.699 278.536 0.884773 239.336 256.365 0.857265 278.514 311.137 0.766624 271.988 308.584 0.745465 232.778 326.76 0.856883 248.503 375.103 0.808235 287.604 315.018 0.796857 295.433 371.13 0.893 349.031 369.916 0.890837 0 0 0 251.094 221.081 0.803991 0 0 0 261.537 223.659 0.874549 346.357 390.735 0.812405 350.316 386.841 0.797229 358.111 367.268 0.737152 227.621 382.951 0.779075 231.489 381.559 0.782985 256.285 380.33 0.87762 
247.156 226.328 0.870627 266.779 249.782 0.755182 265.464 248.469 0.693515 255.007 275.903 0.163754 241.952 261.556 0.213148 268.047 249.793 0.830932 253.662 283.724 0.863742 239.345 261.528 0.820572 279.786 313.734 0.7468 273.284 309.857 0.718655 232.77 325.506 0.840201 248.508 373.816 0.812212 287.62 316.347 0.819887 291.538 373.765 0.824348 347.634 371.115 0.871074 0 0 0 251.088 223.706 0.854767 0 0 0 261.553 225.04 0.876756 346.387 390.774 0.804852 350.31 386.815 0.797569 352.88 367.23 0.698739 228.894 382.955 0.769876 231.508 381.566 0.780964 256.298 380.297 0.878552 
245.909 230.216 0.863172 266.711 253.679 0.778926 264.136 252.413 0.668897 253.674 275.915 0.16783 241.936 261.533 0.223259 266.808 253.695 0.869408 251.101 286.282 0.889177 239.353 262.863 0.83021 279.826 317.603 0.755265 274.553 315.02 0.696624 232.782 326.77 0.844956 249.778 375.08 0.813957 287.634 318.929 0.823725 287.697 377.685 0.862928 342.471 369.899 0.853533 0 0 0 251.073 225.001 0.846435 0 0 0 262.81 227.61 0.814249 346.346 390.787 0.796538 350.266 386.827 0.794572 350.256 363.363 0.678786 228.896 382.965 0.774225 231.518 381.575 0.786097 256.29 380.286 0.910986 
245.822 234.065 0.909895 265.438 256.288 0.786087 260.225 256.277 0.679096 244.584 271.982 0.0894878 238.072 260.232 0.174774 266.771 256.292 0.901943 251.093 288.937 0.868123 236.752 268.048 0.870048 283.696 318.969 0.75182 275.859 317.649 0.74053 232.821 326.808 0.857134 251.083 376.375 0.810397 288.949 321.568 0.760364 287.677 380.324 0.893398 339.915 369.908 0.882464 0 0 0 247.224 228.883 0.813327 0 0 0 257.668 232.847 0.850135 343.74 392.007 0.787198 348.993 386.845 0.80638 348.93 363.34 0.654519 228.916 382.959 0.778956 231.535 381.567 0.790445 256.332 380.314 0.921126 
244.596 235.371 0.9142 265.481 256.382 0.723725 264.123 256.352 0.602527 0 0 0 0 0 0 266.735 256.386 0.862634 248.5 292.839 0.84237 236.743 269.359 0.850655 285.005 319.01 0.765665 275.916 317.706 0.750098 234.08 328.039 0.8724 251.071 376.393 0.8106 290.232 321.591 0.753975 287.689 380.353 0.878002 341.145 371.109 0.873868 0 0 0 247.171 232.774 0.842155 0 0 0 257.64 234.171 0.902836 343.764 390.773 0.807135 348.993 386.819 0.813363 348.935 363.361 0.644913 228.922 382.939 0.785329 232.771 380.358 0.79494 256.315 380.339 0.922172 
244.589 236.746 0.908585 264.14 257.657 0.720927 257.612 257.663 0.634362 0 0 0 0 0 0 266.725 257.653 0.864616 248.48 295.423 0.868173 235.497 269.384 0.86482 283.743 320.267 0.755827 275.839 318.936 0.751048 234.089 328.029 0.876565 251.105 377.67 0.819113 291.57 322.903 0.737499 287.71 381.633 0.862385 341.145 369.911 0.872538 0 0 0 245.936 234.11 0.909283 0 0 0 257.6 235.407 0.913746 343.766 390.783 0.810449 348.995 386.818 0.833594 348.942 363.329 0.684012 230.203 382.946 0.786333 232.787 381.558 0.805165 256.328 380.363 0.936122 
244.522 238.034 0.874268 264.131 260.234 0.696509 256.37 260.255 0.611214 0 0 0 0 0 0 266.736 258.959 0.850597 249.783 295.48 0.88578 235.486 271.982 0.870366 285.014 319.022 0.769553 275.876 317.707 0.761399 234.128 328.079 0.900888 252.395 377.671 0.823637 292.851 322.876 0.737696 287.705 382.916 0.84778 339.893 369.918 0.887091 0 0 0 245.878 234.168 0.933848 0 0 0 256.355 235.489 0.912349 342.491 390.772 0.799139 348.984 385.538 0.816904 347.645 363.342 0.650172 230.217 382.906 0.791941 232.809 380.338 0.805156 256.354 380.362 0.940258 
244.523 238.04 0.872938 264.127 260.237 0.702087 256.369 260.255 0.626637 236.723 265.44 0.083755 235.477 268.067 0.102757 266.74 260.211 0.850051 249.812 296.701 0.891099 235.465 271.968 0.870741 285.033 320.251 0.771342 275.884 318.916 0.761336 234.137 328.078 0.897909 252.39 377.678 0.823938 292.88 322.893 0.738703 287.697 382.901 0.853645 339.827 369.893 0.90019 0 0 0 245.878 234.172 0.932054 0 0 0 256.354 235.491 0.911558 343.783 390.749 0.793556 349.011 384.243 0.795435 343.77 362.062 0.6244 231.483 382.908 0.792585 232.819 380.342 0.805058 256.34 380.364 0.945505 
244.53 236.788 0.878998 264.156 257.66 0.762167 257.619 257.663 0.691354 235.443 265.425 0.184109 234.148 268.043 0.118316 266.777 257.651 0.867558 251.116 295.463 0.881224 236.735 271.952 0.858901 286.283 318.993 0.791427 275.922 317.687 0.768238 234.163 328.07 0.899997 252.387 376.401 0.81986 294.152 321.578 0.747441 288.96 381.577 0.857567 338.59 369.917 0.890625 0 0 0 245.871 234.138 0.92715 0 0 0 256.357 235.438 0.913444 346.354 390.718 0.801323 350.241 382.951 0.801186 341.178 363.329 0.598623 230.221 382.905 0.800622 232.811 380.338 0.81384 256.348 380.353 0.93696 
243.288 235.451 0.889023 264.141 257.612 0.771293 257.601 257.627 0.697581 236.768 266.78 0.0620377 234.143 268.075 0.0918243 266.77 256.385 0.878178 249.814 294.161 0.850481 235.508 269.391 0.863041 286.286 318.937 0.809162 275.908 317.645 0.77422 235.389 328.078 0.903788 252.395 376.392 0.818069 295.421 320.25 0.770356 290.236 380.296 0.848591 339.89 371.15 0.883674 0 0 0 245.834 232.833 0.891201 0 0 0 256.303 235.374 0.924344 345.047 390.755 0.795546 350.239 384.251 0.795765 346.37 365.957 0.594053 231.496 382.899 0.796806 232.833 380.332 0.813787 256.356 380.344 0.939136 
244.559 232.805 0.903314 265.396 255.024 0.819908 258.915 255.025 0.730373 244.583 266.755 0.214917 235.458 262.836 0.326391 266.768 255.027 0.905717 249.773 287.65 0.89076 235.501 266.764 0.904922 286.27 316.351 0.779817 275.891 315.02 0.725839 234.182 328.032 0.897041 252.379 376.371 0.811302 294.176 317.639 0.783723 294.154 375.081 0.808712 341.194 371.165 0.869896 0 0 0 245.903 226.322 0.889541 0 0 0 256.356 231.518 0.858849 345.08 390.778 0.807416 350.27 385.533 0.818647 348.974 368.506 0.662972 231.495 382.9 0.790712 232.834 380.336 0.810833 256.341 380.336 0.929119 
244.537 228.896 0.883526 264.17 252.384 0.752755 258.943 252.4 0.673637 249.8 277.233 0.182521 238.051 265.435 0.302029 266.712 251.107 0.861265 247.225 286.263 0.884813 238.039 262.828 0.842494 286.284 313.73 0.765933 275.91 311.121 0.742214 234.173 328.036 0.906809 252.379 376.382 0.815259 294.178 315.067 0.750739 295.428 372.488 0.849184 343.765 371.186 0.864049 0 0 0 245.924 224.969 0.928556 0 0 0 257.616 227.582 0.851137 346.36 390.757 0.805064 350.29 385.519 0.816991 350.267 368.554 0.717328 231.495 382.908 0.785472 232.83 380.342 0.805257 256.334 380.338 0.926863 
244.524 224.976 0.922622 265.382 248.467 0.753902 258.955 248.47 0.659417 247.191 275.888 0.148504 238.038 258.917 0.193491 265.5 247.219 0.875539 247.181 279.816 0.86494 236.73 256.384 0.866453 285.004 309.832 0.774606 275.862 308.545 0.770494 234.178 326.787 0.899681 252.377 376.382 0.815745 292.843 311.151 0.740823 295.46 369.917 0.886538 346.376 371.165 0.870991 0 0 0 245.923 222.386 0.886476 0 0 0 257.599 224.98 0.937565 347.632 390.755 0.812193 350.315 385.538 0.803249 351.572 368.565 0.736187 231.521 381.682 0.782724 232.847 380.33 0.800135 256.341 380.351 0.929145 
244.55 222.351 0.908086 265.395 244.604 0.808093 261.518 244.604 0.697826 245.911 274.565 0.287344 235.486 256.299 0.362474 265.466 244.586 0.90691 245.915 275.948 0.946561 235.423 254.997 0.877635 283.711 307.245 0.78686 274.6 307.174 0.768554 234.154 326.797 0.910146 252.37 376.383 0.814604 290.263 308.514 0.774371 295.458 367.235 0.835239 346.386 371.14 0.87188 0 0 0 245.941 215.883 0.88109 0 0 0 257.643 222.391 0.882651 347.657 390.724 0.829375 350.348 385.513 0.793758 350.346 368.571 0.750199 230.23 382.926 0.77059 232.815 380.359 0.796188 256.337 380.354 0.928445 
243.252 214.539 0.876193 264.105 235.486 0.729084 261.543 235.466 0.626247 244.611 265.478 0.224231 234.149 247.176 0.358087 262.854 235.448 0.837208 244.498 269.37 0.860404 234.123 244.602 0.849708 281.117 299.411 0.7507 274.583 299.366 0.743318 234.101 326.755 0.889161 252.371 376.397 0.811037 287.7 300.69 0.773975 296.709 359.354 0.905563 348.98 371.148 0.918658 0 0 0 245.829 211.924 0.872237 0 0 0 256.296 213.29 0.9394 348.955 390.762 0.896873 352.91 386.826 0.803255 354.217 369.809 0.776391 230.212 382.952 0.757399 232.804 381.575 0.786203 256.362 381.558 0.879103 
243.232 209.323 0.843589 261.558 232.834 0.688048 261.533 232.805 0.605163 244.583 260.251 0.195088 234.078 243.278 0.260156 258.959 234.056 0.831865 243.261 265.396 0.893426 232.805 238.051 0.783269 278.501 296.768 0.791951 271.98 296.746 0.729171 232.844 326.768 0.878497 249.797 375.102 0.804381 286.372 296.791 0.810049 296.739 350.328 0.913812 348.966 369.923 0.907025 0 0 0 245.839 204.137 0.928382 0 0 0 256.29 209.335 0.853252 349.01 390.775 0.872709 355.522 385.547 0.784773 352.93 369.79 0.749861 228.908 384.222 0.74309 231.532 381.599 0.765037 256.326 380.329 0.879542 
240.668 204.047 0.891139 258.931 225.059 0.693927 257.659 225.04 0.592739 243.262 255.047 0.127642 231.523 238.029 0.0929397 257.637 225.033 0.859721 240.642 260.235 0.810172 231.488 235.419 0.832653 275.926 292.845 0.785298 266.805 292.859 0.729706 231.5 325.486 0.833174 249.778 376.372 0.798947 285.018 292.835 0.747712 296.781 346.341 0.877384 348.982 369.89 0.905516 0 0 0 244.568 201.459 0.89316 0 0 0 255.008 204.07 0.932177 349.02 390.748 0.845811 358.086 384.226 0.791359 354.213 368.581 0.716418 228.892 384.252 0.743774 231.514 381.615 0.76338 256.318 380.347 0.870509 
240.648 197.572 0.806435 256.336 223.657 0.705706 256.303 223.636 0.564236 236.761 255.015 0.167098 228.926 232.834 0.158843 256.322 223.64 0.884063 236.791 255.052 0.887673 228.884 231.486 0.791557 273.27 287.598 0.784596 265.416 287.626 0.763276 228.927 325.48 0.830789 249.776 376.384 0.794555 278.538 286.368 0.784882 296.792 337.219 0.868932 348.988 368.585 0.856642 0 0 0 244.578 193.67 0.92271 0 0 0 254.994 200.159 0.868529 349.022 390.733 0.855884 358.089 384.237 0.777096 354.222 365.963 0.658987 228.883 385.517 0.741583 231.514 381.631 0.75641 256.323 380.362 0.857719 
240.637 185.841 0.794843 255.065 213.174 0.760649 256.353 211.952 0.632686 239.361 238.038 0.126838 226.318 219.77 0.13254 253.724 211.933 0.849776 235.476 243.214 0.881951 225.001 219.766 0.822277 269.357 275.893 0.753531 275.933 274.58 0.728074 296.784 320.318 0.846003 339.875 360.784 0.868445 264.161 277.19 0.738396 234.055 321.569 0.845403 247.201 373.79 0.834962 0 0 0 244.551 183.22 0.90792 0 0 0 253.724 188.463 0.853955 226.304 382.917 0.799821 234.102 385.55 0.839939 255.032 380.287 0.869936 339.901 389.459 0.816424 341.159 386.845 0.724256 349.018 360.764 0.826664 
236.747 172.74 0.912639 254.939 198.902 0.705766 254.997 196.272 0.653694 238.069 224.964 0.131625 225.045 210.618 0.159713 251.097 200.215 0.799602 235.384 228.91 0.917347 223.669 210.622 0.833203 266.804 265.427 0.765571 273.257 264.125 0.652831 291.535 315.058 0.718584 325.486 360.705 0.768741 265.441 265.48 0.732773 244.511 317.588 0.728964 248.465 372.492 0.750409 0 0 0 243.237 170.193 0.875886 0 0 0 253.668 172.853 0.895601 226.273 382.902 0.743447 234.087 385.537 0.763573 255.044 379.017 0.734772 317.709 388.118 0.788631 319.021 382.958 0.711259 330.758 360.725 0.76382 
235.449 168.881 0.843137 252.406 192.363 0.702963 251.075 192.337 0.614078 235.394 215.866 0.136501 222.353 201.503 0.129414 251.072 192.351 0.849408 234.155 224.935 0.962277 219.788 202.78 0.81691 265.45 258.91 0.74856 260.252 260.221 0.618726 252.392 316.345 0.665971 245.938 371.159 0.790396 266.79 257.624 0.762052 287.603 309.86 0.697588 316.33 362.062 0.735415 0 0 0 240.67 163.64 0.811507 0 0 0 251.108 170.147 0.850765 298.1 384.201 0.761826 307.259 382.911 0.735291 321.565 365.926 0.633923 226.331 384.221 0.672472 230.194 381.613 0.639289 252.413 376.396 0.688723 
234.076 160.97 0.895094 248.501 183.195 0.704178 247.158 181.967 0.645597 234.125 206.741 0.202534 218.453 192.341 0.218083 248.481 183.17 0.866519 234.152 217.155 0.935428 215.851 193.641 0.847204 265.423 249.779 0.734645 260.241 251.082 0.650327 262.843 307.179 0.761129 264.141 360.682 0.817945 266.794 248.489 0.762325 275.87 307.23 0.815505 286.305 365.93 0.823395 0 0 0 235.49 155.807 0.845116 0 0 0 247.163 161.047 0.905614 266.799 381.619 0.786924 275.947 381.637 0.795115 288.981 371.138 0.780963 245.886 371.241 0.717642 245.905 369.851 0.701864 266.71 365.972 0.684463 
232.832 158.434 0.844954 249.778 183.196 0.664313 248.466 181.944 0.584307 234.138 204.154 0.139946 217.169 188.447 0.135117 247.218 183.201 0.857108 234.163 215.886 0.941979 214.607 192.389 0.857993 265.501 245.922 0.703299 266.742 245.875 0.598039 266.755 307.187 0.762272 275.909 358.125 0.772037 265.469 247.192 0.740452 266.783 307.236 0.825443 275.827 364.652 0.77727 0 0 0 235.457 153.212 0.885972 0 0 0 245.927 160.973 0.897275 252.415 381.574 0.758978 258.921 381.65 0.749035 278.511 369.863 0.760249 254.96 371.217 0.245125 255.044 369.819 0.25474 285.004 360.69 0.443533 
232.842 159.706 0.842534 247.224 183.236 0.705067 245.87 183.189 0.651126 234.093 211.952 0.246157 217.137 192.373 0.246787 248.509 183.211 0.854573 234.154 215.893 0.928532 214.622 192.395 0.850221 265.43 248.501 0.712721 264.152 248.506 0.616145 270.655 307.177 0.787267 287.617 359.355 0.839812 265.461 248.506 0.744057 264.145 308.494 0.789334 257.675 369.844 0.802519 0 0 0 235.461 153.233 0.866598 0 0 0 245.927 160.988 0.903877 235.453 381.571 0.751507 244.531 381.637 0.818367 265.412 372.487 0.801104 274.589 369.897 0.527015 275.885 367.267 0.435533 294.156 360.792 0.756815 
234.118 162.38 0.90054 248.504 191.066 0.722124 247.158 191.016 0.673715 232.84 214.516 0.275899 215.865 196.27 0.316133 251.074 191.08 0.837447 234.161 222.401 0.934872 215.885 197.561 0.791829 262.813 256.371 0.728727 264.158 256.319 0.660209 275.898 309.818 0.843119 311.11 350.319 0.837964 258.916 257.648 0.710985 245.871 317.607 0.826052 244.588 376.391 0.842492 0 0 0 236.745 161.022 0.866846 0 0 0 245.894 164.97 0.865195 222.372 384.208 0.736056 226.322 388.148 0.776579 248.505 381.568 0.798774 307.229 371.17 0.730249 308.541 369.874 0.660656 318.964 351.583 0.81233 
234.082 171.41 0.900382 248.482 194.975 0.747911 245.853 193.712 0.73314 231.528 224.96 0.43022 215.858 202.772 0.370951 252.37 194.997 0.813924 234.14 226.337 0.895059 215.898 202.8 0.837825 261.549 264.149 0.725336 264.132 264.105 0.640411 278.485 312.448 0.82401 318.912 350.309 0.900591 258.941 265.424 0.740985 235.431 317.675 0.892602 244.514 378.996 0.845215 0 0 0 235.497 166.252 0.848168 0 0 0 247.184 171.52 0.928918 219.752 385.521 0.727175 224.946 389.457 0.826594 248.493 381.664 0.792134 315.057 372.488 0.780108 317.603 371.17 0.74222 326.815 350.301 0.801276 
234.11 180.571 0.829374 249.808 204.053 0.751098 247.193 202.809 0.693925 232.827 228.905 0.323872 215.856 205.399 0.335159 251.097 204.058 0.850627 234.167 235.384 0.942999 215.863 208.039 0.771871 260.24 271.979 0.713319 265.463 269.369 0.665714 281.133 317.667 0.856459 321.586 351.574 0.830275 256.308 274.572 0.740314 226.334 320.248 0.841586 244.502 380.246 0.857238 0 0 0 235.482 174.093 0.849336 0 0 0 245.918 180.598 0.880149 218.447 384.247 0.752239 223.729 389.452 0.853996 248.508 382.907 0.798113 318.976 377.668 0.765949 321.59 372.527 0.674013 330.697 350.351 0.830545 
231.483 193.622 0.83656 248.498 219.761 0.707138 247.167 217.14 0.660805 231.519 244.568 0.334106 215.845 222.36 0.347177 249.768 222.327 0.805678 234.085 249.792 0.875474 214.624 223.692 0.826863 264.144 284.996 0.75952 266.805 282.417 0.657627 284.981 328.153 0.873047 330.696 356.819 0.819491 257.621 286.281 0.747997 221.082 326.805 0.876385 243.256 380.272 0.852345 0 0 0 234.092 191.01 0.856546 0 0 0 244.508 193.624 0.91552 219.744 385.548 0.761365 224.941 390.684 0.872034 248.481 382.916 0.805822 328.108 372.514 0.753246 329.435 371.213 0.674065 339.826 355.53 0.818247 
230.224 200.214 0.82753 248.507 224.963 0.737589 245.91 223.728 0.67052 231.534 249.775 0.153044 217.155 224.959 0.18828 251.069 224.971 0.857648 234.162 257.66 0.906938 214.617 231.527 0.757933 266.706 287.663 0.795604 269.366 287.626 0.676435 286.274 337.24 0.872823 335.936 359.367 0.833752 264.143 287.705 0.732233 218.447 328.072 0.886127 243.251 380.275 0.850042 0 0 0 234.108 193.738 0.908526 0 0 0 244.531 201.45 0.878418 219.751 385.536 0.737646 224.942 390.686 0.846021 248.483 382.896 0.8029 328.128 375.085 0.7832 329.439 372.465 0.706282 342.478 358.099 0.782921 
228.9 205.39 0.802812 245.938 232.832 0.763582 244.527 232.814 0.693355 227.63 257.61 0.213614 214.572 235.47 0.26561 249.792 232.839 0.844557 234.123 265.448 0.936124 214.62 238.059 0.764976 266.765 295.456 0.769373 271.952 295.443 0.646632 286.31 339.896 0.914769 338.474 359.433 0.856084 265.417 295.459 0.727172 215.864 329.358 0.90509 243.243 380.281 0.846995 0 0 0 232.847 202.771 0.871164 0 0 0 243.243 204.164 0.886548 219.788 385.543 0.743445 224.947 390.681 0.846726 248.474 382.895 0.795859 328.132 373.764 0.792162 329.444 371.185 0.712468 346.387 359.416 0.780881 
226.315 218.461 0.79019 248.475 243.234 0.671351 247.172 241.959 0.587499 232.806 268.077 0.195855 218.455 244.546 0.253361 247.221 243.268 0.839007 234.145 277.168 0.974513 215.867 247.19 0.807651 269.376 305.924 0.753712 275.835 305.888 0.681315 287.597 350.297 0.942988 339.811 360.731 0.897319 266.761 307.174 0.754638 214.579 329.481 0.902457 243.258 380.273 0.849521 0 0 0 230.226 214.504 0.850764 0 0 0 241.949 215.863 0.865487 221.069 385.551 0.755996 224.988 390.692 0.85431 248.475 381.672 0.795535 330.706 377.665 0.775051 332.031 372.524 0.686476 348.993 360.68 0.840914 
226.292 223.682 0.86634 248.487 245.879 0.674091 245.926 245.85 0.593043 234.103 274.57 0.134869 221.058 247.2 0.154183 247.225 245.879 0.851478 234.173 281.109 0.917057 217.135 255.002 0.8281 269.349 308.486 0.754246 274.548 307.251 0.65943 287.611 354.189 0.872293 339.832 360.705 0.881128 266.783 308.522 0.759564 214.585 330.713 0.882438 243.278 380.306 0.837783 0 0 0 230.204 218.449 0.803238 0 0 0 241.965 222.395 0.873368 221.09 386.826 0.757207 224.977 390.691 0.838346 248.499 381.677 0.758741 332.015 377.688 0.735379 334.608 373.775 0.655262 348.983 359.411 0.818227 
226.275 227.637 0.830583 251.068 251.083 0.651059 249.773 249.794 0.550121 234.153 277.208 0.213435 221.08 257.615 0.281308 248.475 251.085 0.791803 235.408 286.291 0.965418 219.783 258.931 0.800829 269.386 311.153 0.71604 275.867 311.131 0.674109 287.605 359.375 0.925238 339.794 360.692 0.884824 266.733 312.451 0.72231 214.534 330.738 0.889479 243.285 380.29 0.84517 0 0 0 228.931 223.736 0.865388 0 0 0 241.945 225.012 0.889636 221.077 385.544 0.757796 224.982 390.69 0.844594 249.792 381.669 0.772646 334.613 376.409 0.709379 335.933 373.772 0.633181 348.945 359.357 0.796871 
224.989 234.18 0.797226 248.51 256.326 0.651445 247.158 256.291 0.568918 235.402 286.293 0.140477 223.632 268.065 0.139651 248.5 256.324 0.842162 235.406 294.136 0.917461 221.05 268.065 0.829474 268.101 317.661 0.752167 270.687 317.627 0.635985 286.337 362.009 0.729376 335.917 359.434 0.654734 268.092 318.913 0.752776 214.541 330.738 0.728448 243.258 380.289 0.63378 0 0 0 227.579 231.505 0.786735 0 0 0 238.052 234.107 0.885742 223.654 388.12 0.535174 226.286 390.702 0.522951 247.184 381.63 0.624061 333.334 376.378 0.435551 333.323 372.503 0.418197 342.462 351.585 0.449855 
225.003 238.054 0.602079 249.78 258.946 0.595981 248.477 257.652 0.515005 234.157 287.631 0.108681 223.684 268.065 0.11438 248.493 260.247 0.790755 234.172 298.06 0.96479 219.775 268.08 0.800892 268.042 319.009 0.767881 264.127 318.986 0.671959 214.558 330.753 0.863769 243.274 380.262 0.851123 274.595 320.265 0.780102 286.268 367.219 0.831737 337.211 359.438 0.87113 0 0 0 226.331 234.143 0.769442 0 0 0 236.786 235.447 0.881575 332.047 376.399 0.716234 338.555 372.457 0.775423 342.441 355.489 0.687981 222.387 389.436 0.812192 223.69 384.246 0.769569 248.481 381.62 0.877104 
223.729 241.94 0.635083 248.473 262.825 0.631482 247.213 260.222 0.554417 234.162 288.951 0.131497 222.386 269.362 0.162816 247.202 264.136 0.83073 235.409 298.158 0.948989 219.771 275.857 0.835589 266.817 321.558 0.764125 261.546 320.267 0.703882 214.595 330.763 0.861755 243.274 380.274 0.876711 275.871 322.889 0.77902 286.286 369.801 0.894936 335.925 359.407 0.861102 0 0 0 226.285 235.427 0.778006 0 0 0 236.743 238.041 0.827537 332.044 376.377 0.738351 338.572 371.201 0.786583 339.882 352.904 0.696136 222.402 389.439 0.813423 223.705 384.25 0.767973 248.482 381.641 0.891114 
223.66 244.563 0.640313 247.23 264.149 0.651596 247.191 262.829 0.549637 235.401 290.251 0.104429 224.947 275.893 0.114167 247.2 265.421 0.859499 235.427 300.697 0.911215 219.781 277.166 0.844681 266.825 324.179 0.758447 261.531 321.603 0.692528 214.586 330.761 0.869515 243.281 380.298 0.88455 275.901 325.496 0.782635 286.284 369.857 0.91069 334.609 359.388 0.854402 0 0 0 225.001 238.075 0.728044 0 0 0 236.727 243.218 0.845363 333.312 375.089 0.727602 338.557 371.16 0.787878 339.825 351.599 0.694429 223.631 389.451 0.821867 223.711 385.512 0.772076 248.496 381.655 0.891227 
222.405 245.831 0.867368 247.163 265.499 0.681122 245.856 265.444 0.58682 235.447 295.454 0.0990503 223.654 282.399 0.107757 247.17 266.753 0.866377 235.443 305.902 0.924177 217.179 277.187 0.845622 266.822 326.764 0.770484 262.823 324.195 0.67879 214.587 330.717 0.881352 243.264 380.295 0.873035 275.859 328.058 0.800138 286.284 371.167 0.902919 332.014 359.385 0.861699 0 0 0 224.965 241.98 0.865984 0 0 0 235.495 244.554 0.916816 333.318 373.808 0.713933 338.538 371.129 0.794539 338.517 351.585 0.670426 222.403 389.452 0.816849 223.704 385.513 0.770115 248.47 381.655 0.884458 
222.385 245.839 0.835762 247.173 266.722 0.678096 245.847 265.481 0.585086 235.442 294.167 0.095258 223.657 278.517 0.101707 247.207 266.775 0.848329 235.453 305.919 0.928737 215.893 275.941 0.847359 266.808 326.812 0.788626 261.527 325.494 0.694791 214.612 330.718 0.876149 243.274 380.301 0.879745 275.87 328.103 0.814114 286.287 371.199 0.904415 332.027 359.389 0.861382 0 0 0 224.947 241.976 0.854914 0 0 0 235.493 244.555 0.906225 333.332 373.798 0.718875 338.548 369.913 0.802586 338.52 351.594 0.678797 223.626 389.451 0.815498 223.712 385.513 0.766748 248.48 381.664 0.884576 
222.343 245.84 0.797663 247.156 266.724 0.685117 244.598 265.489 0.587047 235.434 295.469 0.100737 223.647 281.111 0.115185 247.204 266.776 0.855391 235.458 307.142 0.930114 215.898 277.151 0.849496 266.814 326.812 0.789281 261.53 325.494 0.701488 214.618 330.717 0.876815 243.272 380.303 0.879263 275.882 328.103 0.817321 286.294 371.181 0.903032 332.045 359.394 0.853196 0 0 0 223.735 241.966 0.836281 0 0 0 235.464 244.562 0.910372 334.61 375.069 0.713437 338.562 371.135 0.801198 338.539 351.593 0.669022 222.403 389.456 0.818395 223.706 385.514 0.769721 248.479 381.665 0.886463 
222.37 244.574 0.809791 245.894 265.463 0.731588 244.582 265.408 0.614208 235.439 295.465 0.160098 223.695 278.516 0.188767 245.91 266.712 0.886971 235.449 305.867 0.916974 217.179 277.202 0.851628 266.793 326.759 0.785535 258.951 324.194 0.697716 214.595 330.685 0.892481 243.269 380.301 0.877587 275.89 328.04 0.804541 286.284 369.912 0.913114 333.333 359.387 0.851078 0 0 0 224.941 239.366 0.8275 0 0 0 235.455 244.512 0.90096 334.625 375.068 0.731755 338.576 371.141 0.808353 338.56 351.592 0.682546 222.394 389.459 0.818427 223.697 385.521 0.769885 248.479 381.66 0.889379 
222.37 243.289 0.829479 245.882 265.409 0.723762 244.579 264.124 0.589793 234.168 290.244 0.110705 222.381 278.493 0.0890395 245.909 265.493 0.893299 235.418 304.572 0.909994 215.901 275.904 0.86709 266.785 322.883 0.768417 258.949 320.314 0.701713 214.573 329.453 0.90818 243.269 380.271 0.873757 275.874 325.476 0.779725 286.292 369.887 0.913454 334.628 359.39 0.852854 0 0 0 224.931 236.768 0.881723 0 0 0 235.413 243.239 0.896018 333.315 375.095 0.740282 338.547 371.174 0.808643 339.829 351.597 0.684285 222.377 389.439 0.813661 223.685 384.25 0.768594 248.499 381.625 0.903889 
222.366 241.943 0.778815 245.88 262.817 0.719656 245.891 258.924 0.617114 235.472 290.239 0.0863852 222.335 275.879 0.0769794 245.844 265.392 0.872584 235.377 300.68 0.934698 217.138 275.938 0.870999 269.384 318.995 0.730792 275.863 318.945 0.674597 285.045 369.821 0.879861 335.925 359.369 0.833073 266.757 320.278 0.718061 214.517 329.47 0.87474 243.24 380.27 0.828044 0 0 0 224.941 235.464 0.880331 0 0 0 235.398 240.659 0.84572 221.09 386.838 0.751735 224.961 390.692 0.848841 248.509 381.607 0.791304 335.911 376.371 0.71561 335.901 372.505 0.671155 339.884 351.595 0.725505 
222.404 236.779 0.802805 245.882 258.941 0.713171 245.859 257.615 0.619436 235.446 286.309 0.0866035 219.752 270.693 0.0746548 245.869 261.549 0.836405 234.139 298.097 0.961936 215.85 274.583 0.883969 270.686 317.672 0.75058 275.875 317.608 0.674763 286.257 363.367 0.836885 335.934 359.369 0.799227 268.043 318.943 0.748433 214.565 329.457 0.866091 243.22 380.257 0.795339 0 0 0 224.975 234.11 0.868578 0 0 0 235.45 235.462 0.90947 221.097 388.106 0.726099 224.948 390.689 0.814854 247.224 381.589 0.763974 334.614 375.101 0.687755 334.618 372.49 0.657378 341.157 351.592 0.686374 
223.633 230.213 0.798 245.833 255.02 0.718374 245.854 254.967 0.572507 232.794 283.715 0.067959 219.743 266.76 0.0841343 244.575 255.052 0.876526 232.843 290.278 0.874758 214.622 266.724 0.874046 269.35 311.132 0.707938 269.354 311.119 0.599587 214.574 329.381 0.717513 243.239 378.988 0.624512 270.693 311.15 0.695773 287.637 359.446 0.720186 339.862 359.387 0.687365 0 0 0 225.009 225.002 0.897041 0 0 0 235.442 231.506 0.860101 335.92 375.077 0.570973 339.822 372.498 0.632224 348.953 356.805 0.588142 221.085 388.143 0.584948 223.628 384.232 0.54668 248.466 380.36 0.519844 
225.003 227.605 0.586269 245.875 249.814 0.738914 249.774 248.476 0.615257 232.813 275.879 0.0562538 219.763 260.229 0.0571844 244.51 252.383 0.850885 231.5 286.39 0.905409 214.553 260.237 0.845585 266.778 308.573 0.812659 260.232 308.569 0.7214 215.849 328.16 0.912979 243.249 379.001 0.843653 274.604 309.807 0.796168 287.649 355.509 0.864479 339.892 359.389 0.85913 0 0 0 226.339 223.705 0.702382 0 0 0 236.72 225.026 0.889305 334.616 372.522 0.736226 339.868 371.178 0.798472 349.006 356.824 0.763668 222.344 389.447 0.778082 223.654 385.513 0.738406 247.236 381.59 0.877465 
225.017 222.403 0.591032 245.832 245.874 0.805356 247.205 244.606 0.661609 231.525 275.871 0.0728227 218.473 248.508 0.0701957 243.262 245.92 0.866819 226.344 283.726 0.870824 214.578 255.041 0.856536 268.107 305.882 0.735993 274.545 303.303 0.637241 287.663 349.015 0.861114 338.573 358.145 0.798736 266.79 307.162 0.73578 214.597 328.143 0.846328 243.214 378.979 0.695429 0 0 0 227.605 215.872 0.637051 0 0 0 235.503 222.346 0.853032 221.08 388.125 0.620435 224.942 390.685 0.684734 247.182 380.369 0.686762 335.938 375.092 0.731781 335.947 372.481 0.682788 348.953 356.782 0.721019 
226.312 209.309 0.669099 244.585 235.427 0.791725 247.165 234.166 0.659424 0 0 0 0 0 0 241.959 235.455 0.859155 225.048 273.249 0.863919 214.533 245.838 0.877072 266.74 295.437 0.781377 273.255 292.869 0.667963 290.243 338.527 0.891109 339.837 356.836 0.844947 262.84 296.718 0.73331 217.137 326.803 0.877996 243.225 377.717 0.828421 0 0 0 232.781 204.121 0.778744 0 0 0 240.626 211.903 0.818961 219.788 386.809 0.756263 224.978 389.465 0.872268 247.223 380.365 0.841642 337.223 373.795 0.819892 337.254 371.232 0.761361 348.991 354.22 0.812658 
226.321 202.773 0.806276 244.526 230.216 0.698276 244.561 227.586 0.599016 226.315 257.612 0.116142 214.599 235.485 0.156747 241.957 231.529 0.803048 224.993 265.497 0.932879 213.294 239.362 0.812576 265.495 287.643 0.805097 269.357 286.365 0.693454 287.699 329.415 0.885229 338.48 354.186 0.807226 264.105 288.935 0.716379 217.168 325.505 0.846426 243.219 377.693 0.820789 0 0 0 232.8 198.863 0.789998 0 0 0 240.644 204.067 0.878082 219.775 385.534 0.75912 224.975 389.444 0.868878 247.216 380.35 0.834158 337.181 373.768 0.775765 337.238 371.225 0.744253 347.643 351.621 0.771056 
228.902 196.297 0.536944 244.53 223.719 0.761363 244.584 223.64 0.6298 228.912 252.401 0.0804267 217.167 234.103 0.123011 240.671 223.742 0.860672 224.961 257.658 0.913548 214.511 235.415 0.839153 264.167 285.01 0.773979 268.079 281.112 0.675716 287.708 325.473 0.842479 330.722 350.274 0.867013 257.602 286.327 0.750321 219.762 324.184 0.816843 243.219 377.663 0.819071 0 0 0 234.07 193.626 0.753083 0 0 0 241.949 198.891 0.792968 219.772 385.528 0.751482 224.971 389.436 0.863064 247.209 380.334 0.840969 333.315 373.787 0.750299 335.919 371.213 0.731131 339.885 350.246 0.801712 
230.195 189.754 0.52382 244.547 215.867 0.653105 244.57 214.548 0.5542 228.901 244.6 0.0609703 0 0 0 241.974 217.148 0.808702 224.948 251.101 0.88362 214.547 230.206 0.711669 260.211 278.492 0.7117 257.65 278.502 0.609632 221.093 320.255 0.596279 243.227 376.4 0.582468 261.544 278.503 0.704646 287.609 318.964 0.553641 329.384 349.014 0.561713 0 0 0 234.099 184.505 0.772714 0 0 0 243.211 192.322 0.870613 329.425 371.206 0.631572 334.632 369.844 0.591914 338.506 348.925 0.50933 218.489 389.396 0.607767 222.345 384.23 0.559245 247.224 380.357 0.48395 
234.102 171.407 0.813736 245.857 197.563 0.783906 251.101 195.004 0.67214 230.234 222.393 0.0679755 222.336 202.825 0.126114 241.943 198.897 0.817407 225.059 232.779 0.891703 213.224 209.303 0.819994 260.211 264.105 0.724984 266.748 258.948 0.715977 277.267 308.511 0.879107 317.614 348.963 0.875652 254.967 265.442 0.755012 235.443 317.633 0.887565 243.266 377.681 0.830064 0 0 0 236.722 166.28 0.760395 0 0 0 244.619 172.743 0.930146 219.761 384.237 0.743551 224.964 389.417 0.841171 247.185 381.59 0.821069 307.174 369.877 0.863436 308.522 368.555 0.744239 324.201 349.003 0.840958 
234.132 162.39 0.836765 245.936 192.358 0.834003 253.679 192.324 0.718163 232.79 214.547 0.101602 218.461 201.501 0.138885 243.278 192.392 0.896984 227.619 225.059 0.871353 213.276 204.165 0.847018 258.923 256.363 0.741764 266.751 255.022 0.746361 275.936 307.164 0.87732 307.215 348.989 0.884827 253.701 260.215 0.719432 244.575 317.694 0.872796 244.492 373.786 0.831158 0 0 0 236.772 161.058 0.820767 0 0 0 245.842 167.586 0.840719 221.082 384.213 0.758388 225.034 388.127 0.815498 247.173 380.299 0.825628 296.748 369.85 0.797228 298.112 368.521 0.677292 315.026 350.307 0.810903 
235.478 161.006 0.879552 247.202 188.432 0.793218 255.015 185.849 0.725272 236.733 205.401 0.0553866 226.285 198.872 0.0691815 243.264 189.768 0.858324 232.78 223.671 0.909856 214.569 202.792 0.868551 258.913 254.965 0.756515 266.766 251.113 0.714433 275.818 307.174 0.835457 298.071 350.332 0.878798 253.668 256.281 0.765032 247.21 316.34 0.809144 245.833 371.18 0.893931 0 0 0 243.22 158.422 0.803115 0 0 0 248.476 162.396 0.854146 223.732 381.596 0.735604 231.487 382.894 0.764864 249.798 377.709 0.752156 285.022 369.845 0.795693 287.591 368.515 0.715395 305.906 355.522 0.735266 
238.049 159.741 0.842871 249.788 184.517 0.773887 255.031 183.216 0.751487 235.461 204.141 0.153299 221.088 191.04 0.157155 244.614 185.849 0.861281 234.117 221.081 0.908488 214.616 195.013 0.815119 257.635 252.409 0.715154 264.114 249.793 0.608929 256.314 307.261 0.7017 258.913 365.968 0.669488 256.268 253.726 0.71612 265.49 307.226 0.671833 277.198 359.458 0.735576 0 0 0 244.518 154.525 0.842545 0 0 0 251.116 162.289 0.858464 247.212 380.29 0.501051 257.612 380.289 0.451598 285.04 364.644 0.616845 240.634 381.634 0.61487 240.639 380.264 0.536169 265.405 371.122 0.372118 
238.053 161.007 0.835158 251.116 185.844 0.750349 256.28 184.522 0.733073 238.034 206.726 0.119507 222.351 194.995 0.107452 245.865 187.155 0.856728 234.182 222.329 0.923925 217.137 200.177 0.786084 258.939 253.695 0.72918 265.465 251.111 0.671405 261.522 308.535 0.734802 266.76 360.765 0.789896 255.032 254.989 0.764187 256.361 308.541 0.787727 268.1 368.551 0.778102 0 0 0 244.509 157.104 0.823692 0 0 0 252.373 162.326 0.859897 251.083 380.316 0.712606 256.343 381.597 0.724134 275.868 371.203 0.79457 247.205 372.516 0.469279 249.781 371.137 0.447971 275.84 367.262 0.378881 
236.782 162.403 0.796792 253.672 191.047 0.796607 256.345 188.47 0.729434 236.774 213.232 0.0931645 225.035 204.142 0.0703923 245.902 192.321 0.906122 235.41 224.96 0.962017 218.487 202.842 0.818978 258.927 255.052 0.7687 265.455 254.991 0.725082 256.365 312.442 0.763761 264.164 367.227 0.778101 255.025 256.317 0.773101 256.327 311.144 0.766102 273.261 371.128 0.819102 0 0 0 243.288 161.028 0.837846 0 0 0 253.658 164.955 0.813247 252.376 380.318 0.763431 256.361 381.613 0.707597 277.244 376.376 0.781958 244.576 373.764 0.684896 245.88 371.158 0.629663 268.057 369.89 0.362339 
238.075 172.782 0.852329 255.062 198.883 0.797041 258.947 196.263 0.682717 0 0 0 0 0 0 249.811 201.456 0.833657 240.651 234.061 0.874488 223.705 213.27 0.89632 258.921 266.733 0.764043 265.402 265.474 0.700124 256.306 320.248 0.753396 265.46 369.886 0.793509 256.266 266.786 0.774248 256.275 319.011 0.806108 275.843 375.105 0.79564 0 0 0 244.51 171.411 0.856271 0 0 0 253.713 172.839 0.88571 253.669 382.911 0.713741 257.633 385.543 0.649013 279.803 381.564 0.806984 245.843 379.004 0.768424 247.159 375.07 0.653618 270.657 372.503 0.268937 
239.349 172.85 0.85323 256.26 202.731 0.78703 257.597 200.204 0.647473 244.583 227.614 0.0597945 0 0 0 253.698 202.794 0.886322 244.498 235.41 0.927185 224.947 214.607 0.877172 257.638 266.77 0.740897 258.927 266.757 0.636219 249.805 317.7 0.731863 264.158 369.899 0.803264 256.376 266.8 0.756873 256.304 318.929 0.781121 275.858 377.666 0.817187 0 0 0 244.538 171.508 0.917855 0 0 0 254.956 175.428 0.873005 253.683 382.94 0.746132 257.64 386.85 0.682807 279.812 381.606 0.816701 244.613 380.238 0.790156 245.903 375.106 0.680595 266.828 372.519 0.331204 
239.363 172.83 0.865622 256.305 200.187 0.734361 256.372 197.58 0.61704 245.861 223.655 0.0832896 227.609 215.898 0.0850134 254.986 201.51 0.870134 245.819 234.138 0.954817 224.956 215.868 0.863389 257.649 266.754 0.743032 258.936 266.742 0.632209 253.661 318.971 0.730029 264.164 369.88 0.806349 257.602 266.78 0.759093 256.329 318.956 0.78328 275.821 375.102 0.803112 0 0 0 244.54 171.478 0.914651 0 0 0 254.975 174.105 0.90028 253.717 382.931 0.715783 258.917 386.815 0.644918 278.542 380.365 0.801102 244.61 380.233 0.805391 245.898 375.093 0.695162 266.831 372.488 0.353888 
241.945 170.137 0.829303 258.924 193.672 0.766655 264.127 192.408 0.674789 245.903 217.185 0.0750884 0 0 0 255.066 194.96 0.874105 247.224 228.909 0.838137 226.308 213.189 0.845689 261.511 261.556 0.693921 264.165 260.231 0.619514 256.354 317.638 0.786553 265.392 369.811 0.812148 257.616 264.123 0.736038 261.549 317.668 0.759041 274.577 372.483 0.810939 0 0 0 244.611 163.643 0.902579 0 0 0 255.038 170.187 0.916225 253.706 381.615 0.703976 260.218 382.931 0.642454 278.485 380.25 0.822973 245.83 378.974 0.739785 245.917 373.789 0.664245 268.065 371.204 0.349965 
243.216 168.865 0.840519 257.605 193.628 0.767903 257.654 192.37 0.676412 244.531 214.572 0.204926 226.305 204.103 0.154604 256.288 193.709 0.870716 247.198 226.303 0.872252 226.299 208.015 0.780838 262.81 258.948 0.68681 264.142 257.642 0.614429 257.633 317.606 0.778554 265.394 368.572 0.808254 258.942 261.538 0.699793 264.142 317.661 0.808778 273.305 371.221 0.802504 0 0 0 245.833 162.405 0.916493 0 0 0 256.255 170.143 0.895732 253.688 380.362 0.695469 258.945 381.66 0.642499 277.247 379.005 0.806312 244.592 377.708 0.702405 245.895 372.518 0.643049 268.067 371.163 0.343018 
243.251 170.123 0.849897 260.227 192.416 0.717889 261.531 192.346 0.639274 247.186 218.452 0.102732 232.828 208.045 0.0698135 257.608 193.661 0.874883 245.936 225.041 0.907123 227.597 206.712 0.76882 264.119 258.924 0.709234 265.403 257.629 0.623305 261.524 317.653 0.762091 265.41 369.823 0.819837 262.811 260.246 0.701594 265.433 317.709 0.837902 274.579 372.481 0.816031 0 0 0 245.841 162.415 0.903966 0 0 0 256.278 168.89 0.879282 253.685 381.594 0.691459 258.927 382.915 0.638634 278.481 380.242 0.817358 244.572 377.704 0.715354 245.887 372.513 0.656233 268.05 371.192 0.338459 
244.504 172.728 0.890663 262.854 196.299 0.71158 258.928 194.992 0.676247 247.186 224.962 0.231217 234.059 213.193 0.257553 264.16 198.882 0.830124 245.95 228.934 0.861821 230.205 211.931 0.79324 265.393 265.399 0.752231 260.245 265.39 0.652879 261.548 318.994 0.76511 266.728 369.893 0.810085 266.742 265.423 0.804953 266.726 320.247 0.840321 275.908 376.387 0.826674 0 0 0 245.89 168.884 0.857032 0 0 0 256.379 171.522 0.92584 253.706 381.65 0.706074 258.949 384.248 0.639043 279.797 381.599 0.788833 245.9 377.688 0.731114 247.213 372.503 0.658826 269.375 372.517 0.29335 
244.552 172.829 0.90083 264.099 200.204 0.721955 258.941 198.873 0.641305 247.214 225.035 0.166523 234.123 214.511 0.15347 265.391 201.494 0.868534 248.471 232.774 0.854837 231.531 213.271 0.850825 265.448 265.466 0.778378 262.833 265.46 0.663275 264.149 319.023 0.776592 266.777 369.874 0.80549 266.777 265.489 0.800024 266.787 320.298 0.820942 275.879 376.365 0.818506 0 0 0 245.947 171.422 0.871256 0 0 0 257.628 172.792 0.90601 253.704 381.632 0.706396 258.944 384.216 0.635668 278.527 381.59 0.8084 245.933 377.679 0.711443 248.48 372.49 0.650387 271.969 372.521 0.275288 
244.538 172.843 0.896151 264.107 201.474 0.751611 257.663 200.208 0.669265 247.189 226.3 0.164052 234.12 215.851 0.123505 265.458 201.504 0.891767 253.681 232.846 0.888649 232.781 214.61 0.873226 265.475 265.465 0.794322 262.825 265.462 0.675148 265.406 320.268 0.785892 268.045 369.84 0.789674 268.049 265.484 0.793385 266.806 321.579 0.804649 275.896 376.365 0.820701 0 0 0 245.936 171.429 0.880413 0 0 0 257.672 172.797 0.889131 254.952 381.669 0.696283 260.235 384.248 0.626621 278.532 381.577 0.804771 247.203 377.714 0.728077 249.77 372.503 0.661409 274.579 372.497 0.306077 
244.552 172.748 0.912023 264.153 198.909 0.732539 258.953 197.572 0.650265 253.704 224.964 0.121907 234.175 215.844 0.121548 265.449 201.463 0.864787 256.311 232.78 0.906101 234.186 217.139 0.875347 266.74 264.17 0.757489 265.426 265.394 0.649606 265.424 318.987 0.791558 266.753 369.868 0.808262 268.06 265.406 0.762262 268.087 320.284 0.782324 275.895 375.105 0.823494 0 0 0 245.949 170.127 0.847097 0 0 0 258.905 171.537 0.910583 253.713 381.663 0.712123 260.216 384.244 0.644139 278.531 381.591 0.801153 245.925 378.962 0.710239 247.226 372.528 0.641093 269.397 372.511 0.293705 
244.568 172.789 0.916145 264.141 198.869 0.725821 258.951 196.266 0.664745 255.011 223.72 0.146812 235.464 214.6 0.202025 265.44 200.213 0.859624 256.37 232.779 0.911063 235.429 217.192 0.868076 266.77 264.107 0.743493 266.718 264.102 0.640685 265.492 318.937 0.801912 266.766 369.878 0.809883 266.823 264.135 0.769006 268.099 318.984 0.799134 275.902 376.374 0.826309 0 0 0 247.167 170.178 0.863602 0 0 0 257.676 172.751 0.916402 253.712 381.659 0.712197 260.209 384.243 0.643296 278.537 381.608 0.797684 245.918 377.713 0.714319 247.228 372.517 0.641175 270.656 373.785 0.299333 
244.581 172.818 0.919639 265.417 200.166 0.726285 264.107 196.3 0.620257 257.605 225.013 0.0926328 235.473 217.16 0.0787039 265.448 201.486 0.860402 257.64 232.815 0.895803 235.437 217.162 0.869606 266.793 265.401 0.74269 266.74 265.398 0.638168 266.713 319.006 0.779573 266.78 369.903 0.797258 268.059 265.428 0.7715 269.379 320.291 0.764398 275.893 377.669 0.82355 0 0 0 247.181 171.404 0.872226 0 0 0 258.95 172.76 0.907093 254.955 381.655 0.7002 260.23 384.251 0.632653 278.538 381.631 0.783862 247.164 377.697 0.715665 248.489 372.504 0.64663 270.686 373.784 0.287544 
244.599 172.806 0.927781 265.406 201.465 0.779685 258.94 200.184 0.678233 254.99 224.957 0.118518 235.468 218.459 0.103807 266.756 202.731 0.881557 257.66 234.056 0.899707 235.44 218.466 0.869236 266.75 265.451 0.795131 264.133 265.451 0.703809 265.497 319.011 0.799902 266.765 369.915 0.810113 270.652 265.469 0.777461 270.687 320.305 0.762846 275.905 377.67 0.826889 0 0 0 247.201 170.187 0.864992 0 0 0 260.214 172.758 0.89817 254.99 381.658 0.698835 261.531 384.238 0.632828 278.542 381.632 0.779965 247.177 378.958 0.72765 248.494 372.528 0.652919 270.674 375.084 0.305872 
245.833 172.822 0.925988 265.435 201.484 0.812077 257.658 201.452 0.721016 253.708 225.014 0.217617 235.483 218.463 0.189944 268.07 201.519 0.855031 262.859 234.114 0.911623 235.508 221.064 0.846593 266.741 265.447 0.817518 262.846 265.445 0.722985 265.445 319.001 0.805295 266.729 369.899 0.822676 270.691 265.463 0.787509 270.682 320.295 0.769706 275.907 377.668 0.836415 0 0 0 248.489 171.42 0.863762 0 0 0 262.811 172.796 0.893444 255.006 382.893 0.711074 261.544 385.51 0.642199 278.536 381.617 0.789757 247.176 378.983 0.747533 248.479 373.776 0.66193 268.12 373.764 0.346171 
245.845 172.853 0.924324 265.442 201.446 0.780822 258.923 200.19 0.68696 255.004 225.002 0.16303 235.448 218.466 0.13859 268.054 201.477 0.842653 264.126 234.108 0.921461 235.449 219.768 0.850367 266.754 265.44 0.788675 264.143 265.439 0.698009 265.465 318.969 0.808282 266.742 369.911 0.809615 269.397 265.459 0.77947 269.359 319.027 0.783606 275.897 377.682 0.834773 0 0 0 248.504 171.445 0.871362 0 0 0 264.097 172.788 0.898695 254.956 381.671 0.713409 260.227 385.52 0.645553 278.538 381.64 0.790559 245.921 378.967 0.735355 247.222 373.771 0.652075 269.368 373.802 0.313098 
245.868 172.814 0.940826 265.48 200.197 0.77 261.516 198.893 0.661222 255.041 224.954 0.157097 235.487 217.196 0.13318 268.058 201.461 0.839722 264.154 234.106 0.922185 236.725 219.75 0.829638 266.765 265.424 0.770298 265.414 265.426 0.676756 265.483 318.948 0.808216 266.776 369.886 0.797616 269.372 265.444 0.777713 268.11 318.987 0.798534 275.895 376.397 0.822788 0 0 0 249.797 171.412 0.862957 0 0 0 264.132 172.783 0.910023 253.72 381.624 0.741914 258.949 384.227 0.663032 278.541 381.622 0.801359 245.932 377.668 0.696771 248.472 372.485 0.634022 270.69 373.767 0.276246 
245.897 172.84 0.93603 266.7 200.211 0.76832 261.554 198.897 0.656443 256.316 224.993 0.119841 239.352 221.079 0.0951635 268.078 201.48 0.846428 264.162 234.119 0.92269 238.025 218.455 0.814443 266.772 265.467 0.779225 265.403 265.471 0.698503 265.476 320.267 0.801034 266.749 369.889 0.812269 269.399 265.484 0.775766 269.362 320.313 0.779415 275.899 376.39 0.830617 0 0 0 251.076 171.414 0.86537 0 0 0 265.378 172.732 0.920107 254.983 381.585 0.735333 261.52 382.933 0.662681 278.522 381.598 0.808813 247.175 376.401 0.702727 248.487 372.473 0.645905 269.364 372.509 0.311792 
245.9 172.838 0.93372 265.501 201.448 0.784973 261.54 198.901 0.678305 256.28 224.983 0.135247 238.054 219.788 0.11545 268.09 201.493 0.851806 264.163 234.121 0.925413 238.063 218.466 0.811697 266.762 265.462 0.791267 264.152 265.465 0.710736 265.468 320.261 0.798068 266.737 369.891 0.815513 270.658 265.475 0.778233 269.38 321.561 0.768908 275.901 376.396 0.833288 0 0 0 251.069 171.412 0.861674 0 0 0 264.137 172.735 0.920968 254.98 381.584 0.735708 261.517 382.935 0.664119 278.523 381.604 0.808535 247.166 376.398 0.704403 248.477 372.473 0.647796 268.115 372.51 0.321097 
245.907 172.83 0.925368 266.702 201.465 0.787678 260.249 200.195 0.682963 256.293 226.279 0.112104 238.066 221.064 0.0955744 269.377 201.495 0.835687 264.166 234.099 0.918558 238.054 218.457 0.815615 266.746 265.447 0.785329 264.156 265.449 0.692977 265.472 319.012 0.804252 266.736 369.891 0.816457 269.358 265.461 0.783358 269.364 320.275 0.781088 275.897 376.396 0.83089 0 0 0 251.09 171.406 0.851181 0 0 0 264.155 172.762 0.926751 254.975 381.578 0.732312 261.509 382.931 0.661892 278.519 381.604 0.808657 247.161 376.386 0.704702 248.476 372.466 0.647358 268.112 372.512 0.324524 
247.163 174.105 0.897069 266.732 200.193 0.769605 262.851 197.608 0.672623 256.297 224.987 0.104692 239.36 221.084 0.0887603 269.365 201.467 0.831287 264.139 234.088 0.91262 238.033 218.457 0.817242 266.732 265.458 0.77904 264.142 265.455 0.679673 265.454 320.247 0.79684 266.737 369.89 0.808788 268.097 265.478 0.781151 269.371 320.302 0.777513 275.888 376.395 0.831082 0 0 0 252.371 171.473 0.873647 0 0 0 265.376 172.774 0.940348 254.972 381.587 0.740347 260.25 382.944 0.669023 278.512 381.602 0.820793 247.164 376.387 0.696064 248.476 372.466 0.641776 268.119 372.513 0.313214 
247.184 174.087 0.89703 266.714 200.2 0.762675 262.827 198.886 0.656078 256.322 224.963 0.0934026 240.664 222.388 0.078011 269.351 201.456 0.82487 264.127 232.837 0.890144 236.738 222.33 0.858228 266.728 265.462 0.775614 265.409 265.455 0.661692 265.479 320.251 0.788907 266.751 369.894 0.806558 268.042 265.487 0.783891 269.381 321.558 0.765559 275.889 376.398 0.830452 0 0 0 252.399 171.464 0.877189 0 0 0 265.385 172.768 0.936499 254.968 381.59 0.728367 260.246 382.945 0.660287 278.508 381.603 0.816147 247.162 376.394 0.696626 248.474 372.471 0.640914 269.372 373.769 0.310486 
247.191 174.087 0.894572 266.762 200.175 0.735896 265.437 197.568 0.646929 262.856 226.307 0.107939 240.657 225.06 0.0786121 268.083 201.465 0.829128 264.137 234.07 0.906545 235.444 224.979 0.917151 266.761 265.463 0.760438 266.723 265.452 0.632334 265.5 320.261 0.782333 266.754 369.897 0.80438 266.798 265.499 0.78749 269.371 321.567 0.768787 275.886 376.403 0.829138 0 0 0 252.401 171.47 0.879556 0 0 0 265.386 172.77 0.938985 254.959 381.587 0.730048 260.231 382.943 0.662027 278.507 381.605 0.816816 247.159 376.388 0.694425 248.474 372.468 0.636862 269.379 373.765 0.306129 
247.19 174.072 0.892776 266.769 201.443 0.716672 265.419 198.886 0.604977 262.81 227.601 0.0637757 0 0 0 269.358 201.493 0.8293 262.855 234.116 0.91734 231.505 235.414 0.842591 266.74 265.483 0.764074 265.433 265.484 0.640862 265.461 319.004 0.789203 266.757 369.875 0.801736 268.038 265.493 0.78977 269.347 320.3 0.777198 275.89 376.382 0.826023 0 0 0 252.418 171.45 0.876761 0 0 0 265.414 172.769 0.94175 253.724 381.595 0.725913 260.231 382.957 0.654559 278.518 381.598 0.819438 245.925 376.391 0.700783 247.228 372.466 0.641898 269.397 372.515 0.302202 
