0 0 0 268.08 200.191 0.861706 295.418 200.191 0.824876 307.18 235.446 0.828922 307.197 270.675 0.793586 244.622 198.865 0.861698 234.156 235.448 0.881362 225.028 269.376 0.809692 266.826 273.266 0.734298 286.305 273.265 0.728197 286.312 329.436 0.853973 287.607 385.535 0.837167 252.414 274.556 0.694237 252.407 329.455 0.794341 249.767 386.837 0.786057 0 0 0 0 0 0 282.392 170.161 0.804179 257.603 171.457 0.723839 248.466 386.829 0.494086 244.547 388.14 0.638474 251.073 392.118 0.804956 287.685 388.115 0.581353 295.456 389.423 0.649219 287.586 392.082 0.827293 
0 0 0 268.082 200.195 0.861547 295.418 200.192 0.825375 307.205 235.451 0.824543 307.211 269.364 0.771924 244.624 198.872 0.861103 234.16 235.458 0.879345 225.013 270.684 0.797192 266.826 273.261 0.733028 286.31 273.267 0.731323 286.312 329.44 0.851018 287.604 385.532 0.834108 252.4 274.55 0.688826 252.398 330.691 0.786837 249.772 388.106 0.788843 0 0 0 0 0 0 282.399 170.166 0.806309 257.612 171.459 0.732308 247.212 386.82 0.501217 244.534 388.146 0.645836 251.086 393.343 0.804948 287.681 388.108 0.576486 295.457 389.418 0.644141 287.587 392.082 0.823993 
0 0 0 268.09 200.188 0.856693 295.421 200.192 0.82659 307.206 235.447 0.823769 307.192 269.367 0.765605 245.821 197.606 0.861196 234.16 235.428 0.88281 225.04 269.365 0.808432 266.828 273.267 0.729597 286.311 273.27 0.729557 286.313 329.429 0.853731 287.607 385.521 0.833946 252.409 274.556 0.689583 252.395 330.693 0.785916 249.769 386.848 0.787307 0 0 0 0 0 0 282.403 170.167 0.806056 257.634 171.453 0.748895 247.214 386.822 0.497583 244.537 388.147 0.642783 251.085 393.339 0.80187 287.674 388.103 0.569202 295.453 389.414 0.634209 287.591 392.076 0.826292 
0 0 0 268.103 200.195 0.853479 295.438 200.192 0.829839 307.22 235.472 0.825558 307.164 270.661 0.747855 245.822 198.864 0.856319 234.158 235.461 0.8736 225.061 270.694 0.795476 266.828 273.289 0.727742 286.312 273.296 0.72956 286.314 329.435 0.850572 287.607 385.52 0.833243 252.411 274.575 0.691071 252.393 330.701 0.782014 249.771 386.851 0.78647 0 0 0 0 0 0 282.413 170.175 0.808259 257.658 171.475 0.67361 247.213 386.831 0.496453 244.538 388.154 0.642056 251.086 393.341 0.800133 287.672 388.109 0.566174 295.451 389.419 0.631291 287.592 392.075 0.826134 
0 0 0 268.1 200.188 0.8582 295.433 200.189 0.829841 307.196 235.465 0.830718 305.911 268.076 0.763214 245.824 197.607 0.870579 234.144 235.465 0.891857 226.331 269.355 0.805807 268.051 273.287 0.727931 286.316 273.292 0.736422 286.319 329.42 0.856629 287.609 385.533 0.836861 253.67 274.571 0.70564 252.398 330.696 0.789418 249.766 386.846 0.788085 0 0 0 0 0 0 282.412 170.195 0.80687 257.652 171.472 0.709015 247.222 386.824 0.49778 244.541 388.146 0.642141 251.078 393.336 0.804472 287.678 388.113 0.576954 295.452 389.424 0.642621 287.588 392.083 0.830132 
0 0 0 268.117 200.191 0.85393 295.459 200.19 0.837727 305.874 236.719 0.809344 305.894 268.093 0.782725 245.825 198.867 0.868521 234.137 236.723 0.87161 226.318 273.271 0.784621 268.053 273.279 0.723076 286.322 273.283 0.73715 286.318 329.417 0.856901 287.609 385.534 0.836555 253.661 274.563 0.696577 252.399 329.467 0.791938 249.767 386.846 0.787996 0 0 0 0 0 0 282.419 171.405 0.818132 257.635 171.488 0.71588 247.218 386.823 0.499037 244.539 388.147 0.643004 251.082 393.337 0.80381 287.675 388.111 0.578361 295.45 389.422 0.642063 287.589 392.083 0.830141 
0 0 0 269.351 200.189 0.850815 295.468 200.19 0.840145 305.878 236.728 0.808741 305.894 268.098 0.780542 245.824 198.87 0.864704 234.132 238.031 0.859505 228.894 274.577 0.790773 268.055 273.284 0.723609 286.323 273.29 0.741037 286.319 329.419 0.855097 287.609 385.534 0.836568 253.66 274.569 0.697584 252.38 330.697 0.785608 249.768 386.851 0.788859 0 0 0 0 0 0 282.421 171.405 0.8189 257.634 171.487 0.713071 247.212 386.825 0.501125 244.536 388.151 0.645002 251.086 393.341 0.802679 287.674 388.112 0.578803 295.45 389.422 0.641744 287.59 392.082 0.831197 
0 0 0 269.353 200.186 0.851598 295.467 200.188 0.839624 305.892 236.724 0.810183 305.934 269.372 0.778463 245.832 198.864 0.865094 234.119 235.486 0.881689 230.203 271.951 0.764312 268.071 273.278 0.722566 286.323 273.282 0.740813 286.322 329.426 0.853698 287.61 385.534 0.836801 253.69 274.557 0.703496 252.385 330.706 0.785825 249.77 388.105 0.788812 0 0 0 0 0 0 282.419 171.405 0.818734 257.638 171.486 0.712 247.216 386.828 0.501471 244.538 388.153 0.645339 251.083 393.344 0.803039 287.676 388.114 0.578237 295.451 389.425 0.643509 287.588 392.082 0.831311 
0 0 0 269.38 200.179 0.843851 295.468 200.191 0.842955 305.862 235.491 0.815813 307.149 268.105 0.811341 245.852 197.608 0.863619 234.116 235.488 0.872331 231.482 270.689 0.74547 268.053 273.262 0.726578 286.312 273.271 0.74032 286.319 329.421 0.854274 287.61 385.533 0.836354 253.666 273.291 0.696923 252.386 330.7 0.786093 249.767 386.852 0.788841 0 0 0 0 0 0 282.438 171.406 0.822115 257.668 171.489 0.733107 247.214 386.827 0.502368 244.537 388.152 0.645344 251.084 393.344 0.802929 287.676 388.113 0.579159 295.451 389.424 0.643884 287.588 392.082 0.830423 
0 0 0 269.379 200.176 0.842999 295.46 200.184 0.839155 305.911 236.748 0.813974 307.212 269.359 0.819068 245.855 197.609 0.862915 234.117 235.475 0.874691 231.517 269.366 0.766123 268.049 273.276 0.727995 286.312 273.288 0.742194 286.316 329.426 0.852005 287.61 385.533 0.836208 253.652 274.551 0.694029 252.38 330.701 0.78364 249.768 386.852 0.788449 0 0 0 0 0 0 282.435 171.406 0.820813 257.668 171.488 0.732532 247.213 386.828 0.502359 244.537 388.153 0.645472 251.085 393.343 0.801796 287.676 388.114 0.577863 295.451 389.424 0.642808 287.589 392.082 0.829944 
0 0 0 269.387 200.173 0.840298 295.461 200.183 0.838765 305.933 236.742 0.824117 307.217 270.649 0.802278 245.863 198.862 0.858543 234.121 236.717 0.876261 232.783 271.972 0.763244 268.07 273.285 0.719737 286.323 273.292 0.742901 286.316 329.432 0.851733 287.61 385.536 0.836074 253.683 274.563 0.698848 252.388 330.711 0.784075 249.77 388.109 0.78972 0 0 0 0 0 0 283.698 171.406 0.822482 257.67 171.484 0.714933 247.212 386.827 0.503196 244.535 388.154 0.645664 251.086 393.348 0.801531 287.674 388.115 0.578916 295.449 389.425 0.642138 287.59 392.083 0.829173 
0 0 0 269.385 200.172 0.842531 295.459 200.179 0.838681 305.922 236.732 0.826474 307.193 270.683 0.814439 245.858 197.608 0.861721 234.146 236.717 0.880109 232.769 271.96 0.759127 268.068 273.266 0.720514 286.325 273.273 0.743015 286.331 329.455 0.845549 287.608 385.537 0.835631 253.678 274.547 0.69579 252.384 330.696 0.784823 249.767 388.105 0.788632 0 0 0 0 0 0 283.7 171.428 0.828917 258.914 171.497 0.723533 247.221 386.822 0.500101 244.541 388.148 0.642569 251.078 393.344 0.801362 287.675 388.114 0.580769 295.45 389.424 0.644428 287.588 392.084 0.827354 
0 0 0 269.388 200.168 0.840584 295.459 200.177 0.84013 305.917 236.735 0.824228 307.192 270.663 0.808808 245.861 197.599 0.864222 234.151 235.501 0.888837 232.783 270.697 0.77238 268.069 271.983 0.723603 286.323 271.995 0.74468 286.32 329.418 0.856445 287.609 385.531 0.834631 253.682 273.281 0.705954 252.392 330.704 0.782544 249.766 388.11 0.787327 0 0 0 0 0 0 282.441 171.428 0.833567 258.917 171.507 0.718816 247.23 386.838 0.496955 244.547 389.404 0.639713 251.071 393.347 0.797822 287.675 388.121 0.58351 295.449 389.43 0.647707 287.588 392.079 0.828851 
0 0 0 269.39 200.165 0.840161 295.46 200.177 0.841063 305.918 236.736 0.824744 307.192 270.663 0.809354 245.862 197.593 0.865225 234.154 235.482 0.888712 232.794 270.683 0.760301 268.065 271.989 0.72546 286.322 273.258 0.745175 286.321 329.421 0.855898 287.609 385.531 0.834752 253.682 273.279 0.706093 252.395 330.706 0.782213 249.765 388.11 0.78734 0 0 0 0 0 0 282.441 171.427 0.834341 258.918 171.506 0.716572 248.465 386.846 0.495631 244.548 389.404 0.638442 251.069 393.347 0.797605 287.676 388.122 0.582575 295.45 389.431 0.647598 287.588 392.079 0.828766 
0 0 0 269.391 200.168 0.840037 295.46 200.18 0.841511 305.92 236.738 0.824912 307.191 270.665 0.809013 245.867 197.591 0.863682 234.165 236.717 0.900148 231.518 271.998 0.759469 268.075 273.259 0.724601 286.325 273.27 0.749644 286.321 329.423 0.856455 287.609 385.53 0.835104 253.696 273.295 0.712513 252.396 330.708 0.783267 249.765 388.109 0.787109 0 0 0 0 0 0 283.699 171.433 0.831431 258.914 171.504 0.746571 248.466 386.847 0.495163 244.549 389.404 0.637888 251.068 393.346 0.797604 287.676 388.121 0.582553 295.45 389.43 0.647486 287.588 392.079 0.829533 
0 0 0 269.382 200.192 0.847126 295.469 200.19 0.84464 305.934 236.74 0.834155 307.193 269.399 0.805343 245.855 198.871 0.86493 234.172 235.502 0.901316 231.507 271.966 0.772698 268.086 273.264 0.725527 286.332 273.271 0.754427 286.319 329.431 0.858269 287.609 385.541 0.834643 253.708 273.299 0.715809 252.416 330.722 0.788718 249.769 388.116 0.788369 0 0 0 0 0 0 282.441 171.438 0.836296 258.92 171.521 0.717752 247.228 386.843 0.497676 244.548 389.408 0.641974 251.073 393.351 0.801225 287.678 388.13 0.585189 295.449 389.438 0.650396 287.587 392.085 0.828039 
0 0 0 269.393 200.189 0.844706 295.466 200.189 0.843636 305.937 236.751 0.826225 307.198 270.692 0.787847 245.873 198.872 0.862096 234.147 236.772 0.872821 226.347 275.881 0.788175 268.071 273.262 0.72369 286.322 273.272 0.744206 286.315 329.441 0.854441 287.609 385.542 0.834698 253.694 273.294 0.710699 252.42 330.71 0.788313 249.769 388.115 0.787303 0 0 0 0 0 0 283.694 171.441 0.838337 258.928 171.516 0.722072 247.228 386.842 0.495063 244.548 389.408 0.639571 251.073 393.35 0.800766 287.678 388.131 0.583507 295.449 389.439 0.649627 287.587 392.085 0.82763 
0 0 0 269.394 200.188 0.84442 295.467 200.188 0.843616 305.937 236.75 0.826824 307.198 270.692 0.788563 245.873 198.871 0.862207 234.147 236.763 0.876801 226.282 275.862 0.803855 268.077 273.259 0.723094 286.322 273.27 0.745454 286.315 329.445 0.853598 287.603 386.808 0.835143 253.711 273.288 0.715383 252.42 330.698 0.790236 249.766 388.118 0.789294 0 0 0 0 0 0 283.694 171.441 0.838143 258.928 171.516 0.722195 247.214 386.839 0.490843 244.534 389.41 0.633691 251.078 393.357 0.797996 287.672 388.133 0.575548 295.444 389.441 0.64087 286.39 392.093 0.825865 
0 0 0 269.392 200.189 0.844965 295.465 200.187 0.843241 305.922 236.719 0.832662 307.186 269.359 0.807623 245.871 198.872 0.863122 234.148 236.753 0.87642 227.626 274.593 0.783524 268.071 273.266 0.728147 286.324 273.275 0.749548 286.324 329.459 0.852551 287.606 386.806 0.834525 253.697 273.297 0.715204 252.419 330.698 0.789229 249.766 388.114 0.788258 0 0 0 0 0 0 283.694 171.441 0.837633 258.93 171.516 0.720119 247.222 386.834 0.488771 244.538 389.405 0.631511 251.077 393.355 0.797771 287.674 388.13 0.571573 295.447 389.438 0.636704 286.39 392.094 0.825724 
0 0 0 269.397 200.183 0.840934 295.467 200.182 0.843169 307.174 236.765 0.83747 307.253 270.66 0.792453 245.875 198.873 0.861197 234.149 236.754 0.876439 227.623 274.598 0.783197 268.079 273.266 0.723928 286.331 273.28 0.749484 286.322 329.461 0.852827 287.606 386.824 0.837518 253.705 273.297 0.71769 253.645 330.714 0.789821 249.769 388.125 0.791489 0 0 0 0 0 0 282.435 171.444 0.82279 258.931 171.517 0.705241 247.211 386.838 0.493842 244.533 389.411 0.637075 251.084 393.362 0.79903 287.682 388.113 0.565999 295.453 389.428 0.631336 286.386 392.108 0.814745 
0 0 0 270.662 200.181 0.838486 295.472 200.172 0.840652 307.162 236.732 0.845391 307.199 268.102 0.819312 245.888 198.88 0.857145 234.169 236.757 0.879206 228.92 274.572 0.771746 268.078 273.257 0.72343 286.333 273.268 0.748508 286.327 329.412 0.859867 287.608 385.55 0.83513 253.7 273.283 0.715341 253.65 330.692 0.795147 249.764 388.11 0.787747 0 0 0 0 0 0 282.44 171.451 0.822271 258.932 171.537 0.718178 248.466 386.84 0.486586 244.544 389.403 0.628498 251.067 393.351 0.800845 287.679 388.122 0.571254 295.451 389.431 0.635258 286.388 392.095 0.822469 
0 0 0 270.663 200.181 0.838473 295.474 200.173 0.842008 307.152 236.747 0.83765 307.166 268.106 0.8099 245.889 198.878 0.85692 234.168 236.754 0.880786 227.619 274.567 0.782681 268.077 273.262 0.722646 286.336 273.275 0.749691 286.329 329.409 0.858953 287.602 386.82 0.837662 253.693 273.291 0.712582 253.66 329.467 0.802971 248.512 386.851 0.788122 0 0 0 0 0 0 282.44 171.451 0.822599 258.932 171.537 0.718715 248.491 388.143 0.497389 244.558 389.426 0.63955 249.787 393.346 0.819766 287.685 388.125 0.567664 295.453 389.435 0.637698 286.38 392.108 0.820352 
0 0 0 269.402 200.183 0.839487 295.453 200.174 0.837326 305.93 236.743 0.824976 307.153 268.095 0.802394 245.887 198.879 0.856965 234.167 236.758 0.879751 227.614 274.571 0.769759 268.078 273.259 0.721358 286.332 273.27 0.746236 286.324 329.397 0.858032 287.593 386.807 0.835101 253.703 273.289 0.713748 253.677 330.687 0.811214 248.516 388.114 0.792225 0 0 0 0 0 0 282.435 171.466 0.820227 258.929 172.723 0.727693 248.477 388.127 0.502009 244.554 389.422 0.649123 249.796 393.36 0.822801 287.685 388.112 0.559113 295.456 389.433 0.640371 286.378 392.105 0.821072 
0 0 0 269.386 201.458 0.854909 295.481 201.471 0.864236 307.171 236.757 0.838389 307.153 268.069 0.814771 245.874 198.899 0.864119 234.167 235.482 0.895455 230.224 273.257 0.771181 268.066 273.295 0.728244 286.333 274.55 0.752559 286.309 330.711 0.831054 287.582 386.828 0.841167 253.665 274.564 0.703364 253.704 332.009 0.799517 249.768 388.146 0.798616 0 0 0 0 0 0 282.425 171.469 0.817993 258.928 172.722 0.783622 247.224 386.848 0.507947 244.548 389.419 0.654138 249.813 393.38 0.820383 288.932 388.131 0.578865 295.462 389.447 0.670552 286.367 392.114 0.818463 
0 0 0 269.371 201.486 0.867301 295.477 201.485 0.869481 307.178 236.784 0.832114 307.172 269.353 0.793299 245.869 200.19 0.875205 234.161 235.502 0.887157 230.218 274.566 0.763766 268.084 273.292 0.719555 286.34 273.3 0.751908 285.043 329.463 0.823608 286.394 385.54 0.836779 253.692 274.565 0.706139 253.732 330.706 0.821129 249.768 386.851 0.78771 0 0 0 0 0 0 282.418 171.481 0.82599 258.91 172.763 0.762739 248.466 388.133 0.511072 244.548 389.419 0.66058 251.072 393.346 0.851981 287.695 388.115 0.551995 295.453 389.43 0.643775 286.366 392.09 0.825087 
0 0 0 269.361 202.73 0.880935 295.471 202.733 0.874846 307.142 238.024 0.808352 307.162 271.966 0.785166 245.876 201.474 0.888358 235.374 236.776 0.873088 231.509 275.85 0.787498 268.077 273.289 0.726458 286.327 273.296 0.749254 285.006 330.731 0.815832 286.388 385.545 0.840215 253.704 274.561 0.714775 254.931 329.464 0.828082 249.795 386.829 0.784587 0 0 0 0 0 0 282.429 172.725 0.825499 257.667 172.808 0.736363 247.199 386.835 0.504715 244.539 389.399 0.655238 251.097 392.116 0.842793 288.931 388.12 0.558348 295.454 389.433 0.654583 286.367 392.086 0.821117 
0 0 0 270.667 204.137 0.890012 296.71 204.16 0.873732 303.299 243.231 0.819198 307.152 275.89 0.866248 245.877 204.103 0.920024 234.13 243.253 0.857833 231.509 277.189 0.793634 269.347 275.891 0.735183 286.357 275.906 0.790076 283.733 330.702 0.808952 286.377 385.522 0.841409 254.942 275.895 0.733564 254.974 330.702 0.832991 251.093 388.117 0.786506 0 0 0 0 0 0 282.424 175.426 0.779398 258.916 176.685 0.576739 247.211 388.12 0.505693 244.558 389.431 0.658842 252.377 393.356 0.848284 288.946 386.81 0.535715 295.459 388.148 0.627366 286.368 392.059 0.809391 
0 0 0 271.975 205.458 0.854436 296.716 206.738 0.842166 302.018 244.5 0.831418 307.152 277.195 0.876095 245.933 205.418 0.877286 234.106 244.511 0.873707 231.505 277.255 0.79529 269.388 277.187 0.738511 286.362 277.21 0.790682 283.739 330.748 0.802419 286.368 385.508 0.844827 254.993 277.182 0.762156 254.983 330.725 0.837825 251.101 388.106 0.782784 0 0 0 0 0 0 282.401 180.579 0.77632 258.955 181.85 0.618941 247.199 388.122 0.517332 244.555 389.43 0.665526 252.387 393.35 0.847498 288.959 386.803 0.543581 295.465 388.139 0.642532 286.363 392.04 0.808609 
0 0 0 271.952 211.913 0.847955 296.709 211.926 0.869068 307.189 245.901 0.89664 307.182 277.244 0.854783 245.946 210.656 0.851424 234.128 245.926 0.880128 234.118 279.837 0.798543 269.395 279.822 0.71028 286.39 281.1 0.766485 285.029 335.939 0.816659 286.366 386.805 0.842925 254.989 279.834 0.733201 254.983 332.043 0.825449 251.105 388.117 0.787207 0 0 0 0 0 0 283.727 181.893 0.816955 260.238 181.978 0.720195 247.192 388.125 0.527411 244.549 389.434 0.675854 252.391 393.355 0.849832 290.254 385.546 0.556581 295.486 389.395 0.676525 286.344 392.07 0.793377 
0 0 0 271.994 213.177 0.868985 296.723 213.199 0.900621 307.208 245.904 0.891085 307.165 277.169 0.825908 247.199 211.93 0.857709 234.118 247.195 0.870588 236.743 277.22 0.813911 270.666 281.116 0.705832 287.579 282.402 0.770477 285.055 335.944 0.828305 286.376 386.828 0.849844 255.034 281.108 0.740681 254.99 334.616 0.829285 251.113 388.151 0.789816 0 0 0 0 0 0 284.98 183.217 0.835435 262.807 183.288 0.706963 247.178 388.141 0.523723 244.537 389.45 0.673033 252.401 393.391 0.847881 288.983 386.84 0.567115 295.472 389.418 0.679444 286.353 392.082 0.805442 
0 0 0 274.593 211.953 0.900836 296.792 213.173 0.911079 308.511 248.463 0.921567 296.814 268.069 0.734211 249.817 211.899 0.828976 234.12 245.904 0.907459 245.885 264.12 0.748815 273.25 279.796 0.727391 287.616 279.81 0.787317 286.299 333.327 0.830157 286.382 385.538 0.841802 256.292 279.795 0.760094 255.01 334.64 0.832389 251.116 388.106 0.77387 0 0 0 0 0 0 285.013 183.237 0.85159 264.105 184.552 0.731325 245.912 390.738 0.558157 243.279 390.753 0.699064 253.657 393.352 0.856246 288.941 386.839 0.566549 295.457 389.405 0.663349 286.358 392.062 0.815887 
0 0 0 275.868 204.167 0.940812 298.026 205.392 0.895228 308.566 243.27 0.921079 291.563 255.023 0.662844 253.671 204.109 0.887942 235.498 236.773 0.909403 256.282 245.856 0.646004 274.558 275.865 0.782979 287.637 275.892 0.807194 286.364 329.423 0.882086 287.599 385.524 0.841716 256.377 275.857 0.771166 256.285 328.099 0.876479 254.954 378.991 0.814745 0 0 0 0 0 0 284.982 180.563 0.789349 264.14 181.867 0.555088 248.509 390.777 0.567501 245.82 389.452 0.692143 255.009 384.244 0.765572 287.691 386.835 0.5535 295.452 389.399 0.635196 286.373 392.047 0.835114 
0 0 0 275.831 202.754 0.918209 296.792 202.795 0.926342 308.511 235.477 0.937116 288.971 244.576 0.516216 252.418 201.475 0.84054 235.472 234.171 0.944738 256.344 239.357 0.57819 274.543 270.691 0.732661 287.65 271.963 0.775455 287.619 328.104 0.877682 287.68 382.936 0.847158 256.361 271.96 0.741771 256.309 324.197 0.84074 255.037 372.526 0.847021 0 0 0 0 0 0 284.996 172.85 0.799361 264.098 175.425 0.612423 251.097 380.259 0.520619 245.893 380.261 0.70917 256.284 380.358 0.841803 287.668 386.843 0.574199 295.444 388.154 0.630002 287.634 390.786 0.856144 
0 0 0 274.612 198.862 0.872753 296.78 198.884 0.865194 307.232 234.079 0.921994 286.377 232.788 0.237028 252.386 197.571 0.819022 238.052 232.833 0.872333 257.616 235.391 0.544025 274.544 266.719 0.779139 287.619 266.732 0.814998 287.649 320.276 0.850914 288.967 381.597 0.856847 256.38 266.736 0.771505 256.383 318.935 0.869128 256.318 371.17 0.894428 0 0 0 0 0 0 283.746 171.521 0.840844 262.815 172.794 0.642323 255.008 372.497 0.548405 247.227 373.773 0.659687 256.375 379.028 0.838929 287.681 381.654 0.548615 296.713 382.949 0.582385 288.931 389.469 0.81782 
0 0 0 274.562 195 0.890294 296.733 196.253 0.870534 303.322 232.8 0.790406 287.624 228.913 0.0581711 251.085 194.995 0.843863 241.96 230.188 0.845923 262.832 225.009 0.41155 274.549 264.127 0.758868 287.627 264.129 0.798648 287.687 317.672 0.857726 295.442 380.333 0.823907 256.387 264.133 0.762581 257.651 317.607 0.835139 257.607 368.583 0.840532 0 0 0 0 0 0 282.433 171.433 0.80625 260.248 172.724 0.653174 264.16 371.206 0.566255 257.601 371.177 0.617711 257.625 373.79 0.793056 294.178 386.821 0.473133 298.136 388.116 0.543682 295.425 389.425 0.751592 
0 0 0 273.249 197.587 0.834702 295.473 197.588 0.840859 300.7 232.819 0.84118 0 0 0 248.466 197.597 0.835738 240.663 232.783 0.857999 257.622 225.02 0.278284 274.533 264.148 0.756208 287.62 264.142 0.79615 287.707 317.677 0.854792 296.773 381.611 0.819187 256.371 264.168 0.774245 257.664 317.601 0.835385 257.658 367.26 0.815129 0 0 0 0 0 0 281.139 171.481 0.812051 260.215 172.773 0.67434 265.418 369.894 0.570376 257.645 369.887 0.60668 257.663 372.461 0.803449 298.044 393.371 0.548732 303.319 392.089 0.619419 296.768 390.742 0.797721 
0 0 0 270.674 201.507 0.862229 294.179 201.52 0.862082 299.395 234.102 0.867719 283.708 226.319 0.0752543 247.214 201.481 0.858128 239.37 234.153 0.912868 256.363 226.311 0.290378 273.301 266.755 0.75978 287.6 266.75 0.807659 288.96 322.86 0.806881 298.028 381.607 0.822393 256.376 266.781 0.766652 261.525 318.992 0.808579 261.511 371.134 0.80754 0 0 0 0 0 0 279.833 172.813 0.770399 257.659 174.087 0.626166 265.459 375.071 0.476844 257.654 372.506 0.529736 260.248 378.97 0.762285 299.406 401.207 0.665447 305.916 399.897 0.703542 296.824 390.718 0.772972 
0 0 0 270.655 211.964 0.86795 292.876 211.958 0.850566 298.029 244.499 0.860795 0 0 0 247.209 211.935 0.870864 239.356 244.492 0.863209 257.63 243.264 0.283528 274.591 277.242 0.761812 287.638 277.228 0.797057 290.239 329.448 0.829326 300.67 388.138 0.758313 257.633 278.488 0.738518 264.142 326.803 0.821975 264.16 372.492 0.815058 0 0 0 0 0 0 279.81 184.514 0.794878 257.672 185.846 0.672247 265.459 377.705 0.479054 258.94 377.687 0.532828 264.157 380.33 0.824178 300.7 406.406 0.609428 307.235 403.803 0.659137 300.694 395.972 0.690583 
0 0 0 269.374 217.139 0.857681 292.846 215.879 0.840965 296.81 247.225 0.813823 0 0 0 247.154 217.178 0.870062 241.928 249.807 0.791967 256.359 254.988 0.230265 274.564 286.333 0.782559 287.637 286.327 0.816378 290.233 338.484 0.826084 300.703 392.023 0.776095 257.602 286.352 0.767113 264.157 329.356 0.8275 264.155 372.489 0.812133 0 0 0 0 0 0 279.817 192.312 0.777692 257.671 193.625 0.66335 265.457 379.014 0.510563 260.221 378.986 0.555439 264.157 380.321 0.826147 300.706 409.008 0.586185 307.239 407.692 0.62867 302.006 401.186 0.735354 
0 0 0 268.097 223.735 0.908898 290.236 223.717 0.885615 296.827 254.942 0.878042 0 0 0 247.174 223.734 0.915655 241.971 256.329 0.814712 256.355 260.238 0.17127 274.533 288.959 0.736975 287.612 288.957 0.786292 288.978 342.468 0.807955 302.006 397.273 0.762265 256.378 290.23 0.73627 264.17 328.145 0.805318 264.143 373.765 0.797016 0 0 0 0 0 0 278.498 196.26 0.783522 258.906 200.178 0.590392 265.46 378.984 0.469893 260.216 378.969 0.51811 264.122 380.353 0.826869 300.673 405.108 0.563101 307.261 405.114 0.608566 303.316 403.825 0.75449 
0 0 0 269.367 235.422 0.903549 290.278 235.383 0.886733 296.813 265.447 0.854625 0 0 0 247.191 235.464 0.912838 243.281 266.788 0.881989 258.928 261.543 0.119221 275.822 299.387 0.785546 287.641 299.387 0.806701 288.966 350.286 0.826078 299.433 392.076 0.79025 258.934 299.391 0.738288 264.141 333.317 0.734258 264.156 372.484 0.811663 0 0 0 0 0 0 277.25 209.346 0.714421 257.625 213.183 0.666705 265.446 379.013 0.510763 258.945 378.973 0.557659 264.127 380.298 0.825176 301.998 410.333 0.685369 307.243 409.015 0.709576 300.723 401.161 0.68949 
0 0 0 270.666 245.876 0.889853 291.545 245.842 0.882399 296.802 277.163 0.777338 0 0 0 248.509 245.916 0.884521 244.618 278.512 0.906464 256.3 270.696 0.149305 274.611 308.481 0.828369 287.598 308.503 0.846111 292.861 355.501 0.716121 299.398 386.813 0.756057 258.945 308.482 0.783266 264.088 338.503 0.777101 264.152 371.234 0.832373 0 0 0 0 0 0 278.479 221.057 0.639735 258.921 223.652 0.777407 265.436 379.011 0.561732 260.221 378.975 0.591677 264.142 380.25 0.801691 301.98 411.614 0.782736 307.233 410.281 0.726861 300.729 392.035 0.607712 
0 0 0 269.384 252.413 0.843411 291.558 251.093 0.813479 296.759 282.423 0.724266 0 0 0 247.207 253.677 0.860225 244.608 283.705 0.883437 256.354 274.592 0.158513 274.589 312.415 0.778839 287.593 312.423 0.804621 294.16 358.095 0.728547 299.397 382.918 0.753808 257.66 311.161 0.753537 262.843 339.798 0.783739 264.152 372.459 0.834932 0 0 0 0 0 0 278.512 224.951 0.798957 258.937 226.275 0.612297 265.417 379.017 0.570796 258.943 378.976 0.610127 264.157 380.251 0.796329 301.993 410.333 0.790554 307.246 407.716 0.721897 303.29 386.849 0.573953 
0 0 0 273.276 257.612 0.872449 292.858 256.392 0.860037 296.767 287.659 0.852891 285.026 288.928 0.0530768 251.099 257.637 0.840079 245.901 290.26 0.85541 252.405 277.218 0.127522 274.57 318.992 0.806653 286.377 319.007 0.838543 295.45 359.442 0.707082 298.14 385.52 0.661209 257.671 318.985 0.788034 262.832 341.186 0.746465 265.39 371.215 0.857754 0 0 0 0 0 0 281.102 234.074 0.751292 261.551 235.391 0.779385 265.414 379.012 0.581954 258.937 378.977 0.646296 265.455 378.966 0.802083 303.313 409.034 0.663767 308.501 406.41 0.684173 300.709 392.059 0.500492 
0 0 0 273.283 261.553 0.838527 294.14 260.249 0.818547 296.759 291.542 0.842353 285.038 292.864 0.0649424 252.367 262.827 0.824043 245.888 295.449 0.861538 258.946 288.943 0.125541 274.576 322.873 0.777353 287.578 322.872 0.805551 296.704 364.631 0.74239 298.137 385.555 0.700979 257.659 322.859 0.749342 262.824 342.473 0.720154 265.381 371.21 0.860271 0 0 0 0 0 0 282.433 235.402 0.784498 262.848 236.744 0.694608 265.402 380.3 0.608454 258.933 380.248 0.661298 265.445 378.953 0.762487 302.008 410.286 0.6824 308.483 406.426 0.699727 299.438 392.046 0.544142 
0 0 0 273.285 265.387 0.891042 294.14 264.171 0.850509 296.787 294.17 0.870698 279.824 296.718 0.0830685 252.402 265.393 0.883504 245.883 296.786 0.931663 260.249 288.942 0.127335 274.57 326.753 0.798897 287.58 325.495 0.817651 296.721 367.23 0.737173 298.138 389.448 0.652254 258.901 326.766 0.763118 261.531 341.186 0.697824 265.373 371.188 0.848311 0 0 0 0 0 0 282.419 235.507 0.775822 264.101 239.346 0.712542 265.406 380.319 0.603731 258.922 380.264 0.668396 265.451 378.949 0.765254 303.293 408.987 0.628341 308.519 406.391 0.680951 301.992 401.169 0.544277 
0 0 0 274.553 266.722 0.91605 295.448 266.744 0.891853 298.02 296.803 0.902911 281.138 298.111 0.0690755 252.408 265.493 0.903888 245.86 298.057 0.932106 264.113 295.457 0.136965 273.286 328.113 0.81812 286.363 328.121 0.866614 296.705 367.27 0.768329 300.678 399.866 0.654246 257.623 328.108 0.794406 258.93 341.176 0.719773 264.148 371.187 0.848619 0 0 0 0 0 0 283.71 241.967 0.700172 264.135 244.508 0.785719 265.411 380.324 0.626725 260.207 380.278 0.691817 265.44 378.965 0.782219 302.003 403.836 0.567835 308.517 403.822 0.667267 301.988 406.397 0.634819 
0 0 0 274.562 266.724 0.918059 295.479 266.749 0.89445 296.837 296.832 0.879926 283.731 299.413 0.0639633 252.413 265.488 0.899418 245.87 298.061 0.918176 264.123 296.727 0.138768 273.264 328.133 0.81619 286.359 328.145 0.862419 296.711 368.52 0.75825 298.15 394.663 0.648495 257.602 328.132 0.796418 258.908 339.889 0.718142 264.116 371.197 0.839699 0 0 0 0 0 0 284.992 243.22 0.740449 264.154 244.516 0.739366 264.166 380.301 0.615951 258.92 380.251 0.681607 265.407 378.984 0.792187 300.713 403.823 0.577923 308.5 403.808 0.663934 300.688 402.519 0.617876 
0 0 0 274.589 266.703 0.923063 295.478 266.727 0.898873 296.836 296.775 0.900429 281.12 298.112 0.0707187 253.673 265.469 0.902807 245.903 298.027 0.909127 262.821 296.74 0.126648 273.251 328.067 0.799076 286.33 328.082 0.853648 295.422 363.325 0.749174 298.066 389.43 0.704846 257.6 328.051 0.778326 258.944 341.142 0.715099 264.12 371.216 0.836591 0 0 0 0 0 0 285.004 241.973 0.75886 264.15 244.493 0.689823 265.405 380.282 0.613533 258.931 379.013 0.664227 265.394 379.003 0.794615 301.975 407.711 0.589241 308.482 405.087 0.654641 298.122 397.27 0.577347 
0 0 0 275.824 265.436 0.934826 295.479 265.463 0.905787 296.834 295.474 0.900328 281.119 296.746 0.0807014 254.957 265.389 0.900715 247.16 296.736 0.851958 257.647 296.803 0.111669 273.277 325.499 0.767098 286.349 325.509 0.816976 294.189 362.045 0.750275 298.074 389.418 0.722416 257.609 325.461 0.748081 258.957 341.151 0.711106 264.124 371.234 0.829721 0 0 0 0 0 0 283.745 239.334 0.71863 265.374 241.978 0.738494 265.406 380.285 0.606896 258.917 379.014 0.66202 265.391 380.233 0.800767 301.991 407.728 0.631263 307.259 405.098 0.689134 298.111 394.679 0.581379 
0 0 0 275.827 264.152 0.907219 295.495 264.152 0.876136 296.812 294.154 0.887485 281.13 295.466 0.0905111 254.981 264.114 0.882452 247.232 295.472 0.796124 261.534 292.845 0.08663 273.288 320.295 0.762514 286.355 321.565 0.807842 294.184 360.742 0.721935 298.111 392.076 0.688412 257.613 320.268 0.758634 258.941 339.871 0.747764 264.119 372.483 0.824085 0 0 0 0 0 0 284.981 235.475 0.792617 265.394 238.041 0.672643 265.421 380.272 0.580286 258.914 379.017 0.643552 264.169 380.262 0.82069 301.982 406.415 0.622403 307.26 405.096 0.697899 299.383 401.214 0.619593 
0 0 0 275.828 256.33 0.938798 295.495 256.313 0.902293 298.075 286.369 0.876042 286.3 287.624 0.0610592 254.96 256.317 0.921447 248.466 287.594 0.877793 245.935 268.056 0.20148 274.567 317.661 0.82461 286.371 317.698 0.855602 294.173 360.758 0.725496 299.437 401.22 0.74954 258.917 317.63 0.784251 260.259 341.134 0.756054 264.125 372.513 0.811034 0 0 0 0 0 0 284.981 232.795 0.785765 265.373 234.118 0.738536 265.426 379.016 0.542289 258.928 378.993 0.605291 264.155 380.287 0.815624 303.307 403.796 0.59262 308.523 403.819 0.710433 299.434 409.018 0.755526 
0 0 0 275.873 249.778 0.901998 296.779 248.511 0.865191 296.816 279.832 0.746288 0 0 0 254.991 249.797 0.877247 247.19 278.545 0.826662 266.744 275.911 0.133198 275.875 309.865 0.807719 287.643 311.133 0.802654 288.952 352.886 0.786315 296.784 390.744 0.815444 261.542 309.843 0.752024 264.137 339.879 0.77953 264.135 371.217 0.818911 0 0 0 0 0 0 285.021 223.67 0.787697 265.414 224.982 0.75296 265.412 380.31 0.593426 258.931 380.253 0.633658 264.158 378.982 0.770618 301.98 410.32 0.721493 307.178 407.705 0.757483 296.762 397.251 0.675972 
0 0 0 275.896 245.815 0.955994 296.815 245.816 0.924862 298.151 275.926 0.808359 0 0 0 254.969 245.822 0.926621 247.216 277.139 0.855334 266.717 275.891 0.121934 275.862 307.244 0.828516 287.655 308.493 0.820587 288.95 351.63 0.792917 296.78 390.77 0.815131 261.515 307.225 0.763561 265.369 337.208 0.765942 264.153 372.499 0.808833 0 0 0 0 0 0 285.042 219.768 0.693864 265.442 222.382 0.694199 265.459 380.273 0.542868 258.953 379.01 0.574204 264.134 380.298 0.823468 301.973 411.567 0.709118 307.186 408.992 0.747876 296.769 398.551 0.674722 
0 0 0 275.94 235.383 0.955816 298.035 235.406 0.916856 299.426 265.424 0.741536 0 0 0 255.022 234.178 0.918929 245.902 264.119 0.850026 265.404 260.232 0.18448 275.881 298.099 0.798434 287.685 299.368 0.781336 287.645 348.962 0.860998 296.765 390.781 0.822165 261.535 298.063 0.740594 265.41 332.029 0.735203 265.408 371.203 0.837635 0 0 0 0 0 0 286.274 209.348 0.707522 265.438 213.169 0.595347 265.439 380.275 0.516667 258.943 379.004 0.574716 265.39 378.992 0.813446 300.708 410.336 0.706986 305.932 408.989 0.740471 296.761 399.854 0.710814 
0 0 0 275.933 228.927 0.908332 298.035 228.922 0.865414 299.385 257.602 0.784879 0 0 0 255.045 228.896 0.872076 244.627 256.372 0.900868 264.116 256.334 0.34564 275.891 295.435 0.802493 287.709 295.461 0.782373 287.65 345.048 0.831377 296.747 390.769 0.831339 262.81 294.172 0.725726 265.42 330.697 0.775339 265.411 371.238 0.832063 0 0 0 0 0 0 286.291 202.792 0.861289 265.444 204.117 0.607267 265.413 380.259 0.485793 257.656 378.992 0.569279 265.4 380.246 0.836578 301.992 410.333 0.716924 305.921 408.988 0.75423 296.726 398.587 0.718359 
0 0 0 275.941 223.654 0.944585 298.049 223.652 0.894564 300.674 249.809 0.750809 0 0 0 255.03 223.624 0.902428 244.626 248.465 0.807461 262.821 245.903 0.164667 275.911 287.641 0.802903 288.944 287.673 0.772492 287.653 339.854 0.889732 296.727 390.715 0.818525 261.541 287.614 0.726574 265.44 328.104 0.806083 265.417 372.46 0.83676 0 0 0 0 0 0 286.33 194.968 0.792752 265.489 198.886 0.578847 264.139 380.294 0.492016 257.626 380.26 0.602045 265.425 380.254 0.822173 299.396 410.294 0.668522 304.624 406.422 0.693075 296.712 398.554 0.72962 
0 0 0 277.166 205.443 0.927999 298.111 205.452 0.888381 304.623 234.119 0.844609 287.611 230.203 0.0700851 255.067 205.416 0.907485 244.522 232.841 0.888791 262.846 227.626 0.328596 277.146 273.277 0.7795 290.256 273.261 0.715343 288.956 326.777 0.822127 296.709 378.986 0.813886 264.107 273.266 0.722249 265.386 324.177 0.811527 264.134 372.506 0.806095 0 0 0 0 0 0 286.379 181.903 0.847897 265.496 183.177 0.780649 266.729 377.713 0.477119 257.656 376.399 0.542026 264.118 380.355 0.83783 299.364 402.511 0.619116 304.604 401.16 0.619255 295.431 382.966 0.765454 
0 0 0 277.19 200.194 0.895174 298.084 200.202 0.874785 307.229 225.029 0.958117 286.364 223.642 0.205911 256.31 198.891 0.85508 244.568 225 0.925888 261.532 221.086 0.42049 277.151 265.438 0.814179 290.252 265.429 0.750638 290.255 318.952 0.832394 295.454 371.218 0.807122 264.103 265.426 0.743348 265.365 317.71 0.855142 262.848 369.894 0.807715 0 0 0 0 0 0 287.626 174.084 0.796283 266.713 174.132 0.557771 266.766 377.683 0.479297 258.932 373.809 0.512188 262.825 377.709 0.792833 296.775 398.594 0.702151 299.423 394.652 0.683677 292.854 380.312 0.777604 
0 0 0 277.2 192.405 0.947058 298.105 192.414 0.922731 308.466 222.354 0.902883 287.639 215.881 0.186101 256.303 192.385 0.927445 244.567 221.086 0.88756 262.853 214.568 0.423427 277.167 256.362 0.801113 291.538 256.362 0.730125 290.246 311.136 0.800777 291.545 369.878 0.788124 264.107 256.361 0.739878 264.122 312.459 0.791162 262.81 367.252 0.78261 0 0 0 0 0 0 287.649 168.869 0.775275 266.741 170.143 0.680245 266.762 371.184 0.489615 258.94 371.131 0.520907 262.806 372.458 0.811013 295.421 389.428 0.559697 298.05 385.537 0.624875 288.957 377.705 0.738341 
0 0 0 277.236 188.42 0.883275 299.364 188.438 0.862747 308.498 215.858 0.951205 287.661 213.219 0.349458 256.311 187.135 0.875584 244.607 215.84 0.938732 265.403 210.631 0.381888 277.221 254.964 0.788839 294.132 254.958 0.730746 288.97 308.561 0.838806 288.951 368.582 0.81432 264.171 253.724 0.735589 264.159 308.561 0.833793 261.559 364.638 0.768804 0 0 0 0 0 0 287.677 162.381 0.808531 266.78 163.623 0.784472 264.145 369.89 0.494989 256.357 369.852 0.584399 262.835 371.169 0.869784 295.432 382.918 0.60186 296.813 381.607 0.711149 287.612 373.812 0.753734 
0 0 0 278.492 183.217 0.929926 299.412 183.211 0.903328 309.809 214.506 0.909204 290.257 213.197 0.296689 256.351 183.216 0.926084 245.842 214.541 0.966425 266.711 209.312 0.35418 277.259 247.208 0.757095 295.428 248.466 0.723446 288.924 308.474 0.852519 287.685 367.245 0.825299 265.399 247.21 0.732058 265.405 307.209 0.841114 260.212 363.333 0.756864 0 0 0 0 0 0 287.712 159.683 0.7691 266.799 161.043 0.785611 264.131 378.995 0.428004 256.281 376.385 0.480727 260.228 371.182 0.766714 295.445 371.176 0.511568 298.042 371.226 0.65662 286.356 372.465 0.793714 
0 0 0 278.491 183.229 0.924131 299.41 183.224 0.904424 309.88 213.28 0.904475 291.556 211.939 0.32641 256.365 183.236 0.916732 245.913 214.593 0.931887 266.778 213.192 0.294264 277.262 248.483 0.751869 295.425 249.771 0.715243 287.704 307.216 0.857976 287.674 362.041 0.850418 265.404 248.476 0.734897 265.402 307.175 0.834059 258.952 360.738 0.7872 0 0 0 0 0 0 288.921 159.727 0.77475 268.044 161.05 0.814345 260.245 382.933 0.601072 255.057 381.601 0.629333 261.517 369.854 0.720672 286.367 364.647 0.468452 295.43 367.267 0.516484 287.621 369.895 0.829434 
0 0 0 278.501 184.536 0.897807 299.438 184.519 0.879713 309.851 214.568 0.911817 291.546 213.257 0.342447 256.373 184.559 0.887041 247.183 215.908 0.865505 266.8 214.517 0.275532 278.487 253.72 0.767717 295.438 254.967 0.761539 287.699 308.49 0.866477 287.619 360.762 0.886179 265.444 253.706 0.750984 265.395 308.518 0.850304 258.924 360.681 0.794499 0 0 0 0 0 0 287.715 161.047 0.764554 268.057 162.317 0.777381 258.955 386.832 0.582491 255.057 384.204 0.605411 261.551 368.523 0.661571 286.287 362.032 0.465801 294.14 364.636 0.471791 286.368 369.811 0.835666 
0 0 0 279.799 202.772 0.895126 303.309 202.746 0.863415 309.834 232.804 0.874647 292.877 226.292 0.14029 257.644 202.765 0.889159 252.385 234.073 0.868984 266.771 227.623 0.160366 277.253 265.489 0.797208 295.433 266.716 0.768672 287.674 318.943 0.877892 286.342 371.142 0.903113 265.39 265.481 0.753844 265.396 319.019 0.826002 260.23 373.794 0.734846 0 0 0 0 0 0 290.228 176.718 0.650316 269.368 179.324 0.597925 256.383 405.101 0.659291 255.019 402.534 0.654072 264.139 381.598 0.737243 286.283 371.204 0.451256 292.835 372.504 0.471837 286.287 378.968 0.83868 
0 0 0 279.814 210.621 0.840082 302.011 209.309 0.821265 309.866 236.787 0.869128 294.157 234.158 0.242542 257.625 210.634 0.856198 253.665 238.027 0.823404 266.745 231.517 0.183867 277.262 274.584 0.77042 295.43 275.835 0.745425 287.657 325.481 0.841424 286.299 371.168 0.891771 265.409 274.563 0.740234 265.421 328.138 0.840502 261.519 381.639 0.767516 0 0 0 0 0 0 288.976 183.241 0.808351 270.658 184.546 0.601108 256.353 411.567 0.747061 255.045 407.721 0.716381 265.402 389.418 0.703084 282.402 372.466 0.38639 287.679 372.52 0.399211 286.28 378.963 0.8177 
0 0 0 283.694 217.142 0.847464 305.868 215.883 0.85787 308.598 245.891 0.911121 290.259 244.565 0.140129 258.956 217.173 0.837111 253.702 248.488 0.708705 265.461 256.34 0.0914819 277.238 282.432 0.760584 294.161 283.729 0.719868 287.599 329.393 0.862461 285.055 371.166 0.84999 265.398 282.406 0.728774 265.43 335.917 0.806614 264.097 388.132 0.767925 0 0 0 0 0 0 290.26 192.388 0.770062 271.966 193.693 0.64079 256.374 412.899 0.731702 255.005 411.582 0.726112 265.46 392.109 0.770867 286.289 375.079 0.389763 290.242 376.371 0.434666 285.012 376.408 0.730611 
0 0 0 282.42 234.058 0.870865 304.596 234.072 0.873297 308.479 262.823 0.881929 291.541 262.835 0.105963 261.521 232.81 0.84557 255.031 265.429 0.893544 266.809 265.425 0.11607 277.259 296.718 0.778863 294.139 296.73 0.754775 286.367 334.604 0.7768 286.268 371.161 0.853379 265.465 296.721 0.762023 265.464 343.771 0.777916 261.558 389.428 0.760449 0 0 0 0 0 0 291.552 205.434 0.673387 273.271 208.036 0.61057 257.604 412.909 0.702397 255.03 411.595 0.700832 264.146 393.38 0.701113 285.044 375.108 0.354645 288.943 376.393 0.41263 286.27 376.39 0.735068 
0 0 0 281.135 236.794 0.847063 303.302 238.042 0.837733 307.276 268.078 0.854267 291.549 268.085 0.0596415 258.928 236.786 0.84794 255.025 269.387 0.87359 266.782 271.984 0.108342 277.252 299.371 0.782 294.133 299.397 0.740182 286.371 338.524 0.803764 285.052 371.177 0.816799 265.442 299.37 0.762034 265.433 345.073 0.767907 262.814 388.138 0.745368 0 0 0 0 0 0 291.54 213.264 0.795897 273.252 214.548 0.727702 257.665 412.904 0.698776 255.029 411.582 0.690936 264.159 392.104 0.693089 286.327 376.4 0.347123 288.982 377.683 0.406496 285.04 376.365 0.701643 
0 0 0 281.138 244.571 0.892096 303.281 244.584 0.882165 307.253 275.854 0.871721 291.545 275.898 0.0670783 260.249 244.529 0.877373 254.991 275.906 0.900663 266.813 277.229 0.119835 277.27 304.614 0.767851 294.144 305.885 0.734007 286.36 339.809 0.79873 284.985 371.188 0.775092 265.484 304.609 0.766894 265.464 347.654 0.778712 264.151 385.509 0.773474 0 0 0 0 0 0 291.568 217.185 0.756283 273.288 221.073 0.640961 258.91 412.888 0.73867 255.036 410.345 0.727171 265.458 390.791 0.69703 286.294 377.703 0.245848 288.949 378.991 0.291007 285.011 375.074 0.647673 
0 0 0 281.132 253.709 0.867487 302.008 253.723 0.850666 307.227 283.69 0.886604 288.95 286.302 0.119353 261.55 252.411 0.844992 255.039 283.709 0.882507 269.354 283.726 0.190854 277.245 309.852 0.792688 291.541 311.114 0.732282 286.362 339.898 0.765451 281.09 371.145 0.74738 265.472 309.85 0.784283 265.399 350.279 0.794826 265.373 384.207 0.776338 0 0 0 0 0 0 291.567 226.294 0.743072 273.299 227.605 0.67989 257.668 411.602 0.768338 255.021 409.017 0.743927 265.483 389.45 0.679015 286.351 377.679 0.315846 287.692 378.965 0.360488 282.398 372.504 0.639921 
0 0 0 282.416 256.255 0.896574 301.994 256.269 0.884922 307.17 286.347 0.915548 288.938 287.68 0.0928753 262.828 255.038 0.904838 255.052 287.589 0.948222 268.068 286.343 0.180623 277.244 315.047 0.777398 291.544 316.313 0.729994 286.334 343.772 0.690142 279.801 371.218 0.671174 265.481 315.033 0.771171 265.389 350.338 0.781144 265.391 381.661 0.802179 0 0 0 0 0 0 291.581 231.535 0.745189 274.557 234.079 0.705379 257.666 411.647 0.763506 255.021 410.304 0.709816 266.742 386.825 0.647378 286.327 375.094 0.228083 0 0 0 282.415 373.783 0.575191 
0 0 0 283.702 257.595 0.880346 302.022 257.644 0.848542 307.147 288.966 0.859427 0 0 0 264.099 256.347 0.89741 256.276 288.951 0.904234 269.374 290.25 0.128242 277.239 318.944 0.806584 290.279 318.966 0.748919 286.297 347.685 0.656186 278.534 372.494 0.688907 265.468 318.933 0.801342 265.433 358.106 0.74135 265.383 382.954 0.756403 0 0 0 0 0 0 292.854 234.124 0.767501 274.554 235.413 0.755666 258.917 411.684 0.741793 255.028 410.342 0.696936 265.488 386.853 0.574048 264.09 403.815 0.184408 271.97 402.537 0.153026 0 0 0 
0 0 0 282.405 262.827 0.84035 301.98 262.857 0.835189 307.189 292.878 0.873799 288.939 291.548 0.0746874 261.539 261.518 0.82801 256.275 295.428 0.892564 268.049 296.725 0.125098 278.478 320.275 0.782768 292.865 320.288 0.715687 286.311 347.662 0.617536 278.489 372.482 0.6725 265.493 320.274 0.78707 265.399 356.825 0.673377 265.412 381.643 0.796876 0 0 0 0 0 0 292.883 235.485 0.769113 274.571 236.763 0.750827 258.93 411.654 0.686437 255.035 410.291 0.628169 266.755 384.215 0.540238 261.539 405.132 0.246936 268.099 403.808 0.215738 0 0 0 
0 0 0 282.423 264.151 0.867489 303.278 264.157 0.845633 307.206 294.152 0.881853 0 0 0 261.551 264.112 0.849514 256.294 295.489 0.892831 266.781 295.471 0.125739 278.495 321.57 0.760816 294.174 321.596 0.707738 286.385 343.763 0.632257 278.53 372.451 0.714322 265.5 321.558 0.766338 264.134 352.886 0.624221 265.423 381.611 0.804379 0 0 0 0 0 0 292.862 236.738 0.750705 274.574 239.351 0.731394 258.92 411.646 0.715743 255.038 409.042 0.66916 268.042 382.964 0.589953 261.542 405.108 0.165433 270.69 402.567 0.138899 0 0 0 
0 0 0 282.42 264.153 0.866966 302.021 264.155 0.846294 307.232 292.88 0.877325 0 0 0 261.548 264.108 0.849653 256.308 296.714 0.910374 266.81 295.468 0.12792 278.522 320.295 0.771616 295.426 321.566 0.730312 286.382 343.768 0.669126 279.816 371.231 0.726226 266.716 320.281 0.78244 262.856 350.258 0.699839 265.432 381.579 0.823692 0 0 0 0 0 0 292.848 236.763 0.704605 274.578 239.352 0.741253 258.942 411.605 0.726878 256.284 409.011 0.689026 268.053 384.206 0.648157 286.282 377.709 0.180355 287.689 380.322 0.230952 0 0 0 
0 0 0 283.705 262.807 0.844903 303.299 262.819 0.828932 307.25 290.259 0.895193 288.952 292.85 0.0974358 262.836 261.513 0.837167 256.299 294.185 0.891734 268.06 290.25 0.12499 278.476 320.31 0.773434 294.137 321.556 0.715445 286.338 347.672 0.631805 278.521 373.783 0.677007 265.481 320.303 0.773901 265.395 358.109 0.679598 265.423 382.899 0.791602 0 0 0 0 0 0 294.149 235.446 0.802337 274.597 236.753 0.744711 258.947 412.881 0.752201 255.045 410.345 0.701814 266.761 385.548 0.578701 261.539 405.082 0.165824 270.678 402.569 0.142298 0 0 0 
0 0 0 283.744 257.671 0.872342 303.316 258.944 0.833112 307.233 288.926 0.923508 288.951 288.953 0.104074 264.106 257.619 0.882632 256.306 290.262 0.884697 271.966 291.57 0.130183 277.261 318.967 0.799788 292.836 318.979 0.748645 286.284 347.682 0.638561 278.521 372.507 0.643379 265.48 318.956 0.794149 265.384 355.486 0.699512 265.396 381.65 0.793959 0 0 0 0 0 0 294.137 234.179 0.805591 274.576 235.44 0.734639 258.914 411.681 0.746343 255.024 410.327 0.6865 266.766 384.251 0.593402 261.516 405.125 0.175699 270.678 403.804 0.151421 0 0 0 
0 0 0 283.735 256.367 0.893961 303.316 256.382 0.863696 307.202 287.6 0.938094 288.951 287.68 0.122678 264.121 256.32 0.911587 256.291 287.688 0.92142 271.97 287.653 0.136321 277.243 317.638 0.797209 291.537 317.665 0.758729 286.285 346.39 0.659638 278.503 372.492 0.658952 265.477 317.616 0.785199 265.401 351.607 0.745165 265.414 381.634 0.806324 0 0 0 0 0 0 294.169 234.054 0.812993 274.58 234.178 0.66808 260.211 412.897 0.739159 255.05 410.347 0.682333 266.767 384.25 0.594899 261.516 406.415 0.175816 270.675 403.806 0.149619 0 0 0 
0 0 0 283.717 252.41 0.85522 304.585 253.674 0.849112 307.164 282.398 0.765425 0 0 0 264.097 251.077 0.836367 256.264 279.808 0.836371 269.35 279.822 0.105135 277.22 311.118 0.784019 290.255 311.153 0.721562 286.324 341.18 0.738363 282.395 371.195 0.713927 265.452 311.118 0.773868 265.43 350.264 0.797568 265.428 382.934 0.80643 0 0 0 0 0 0 294.182 225.012 0.819179 274.598 226.34 0.654556 258.931 411.657 0.746212 256.277 410.31 0.734084 266.761 389.405 0.708928 286.36 376.411 0.305515 0 0 0 282.422 375.068 0.616129 
0 0 0 283.7 247.16 0.879126 304.611 247.189 0.854438 305.922 277.228 0.766798 0 0 0 261.547 245.92 0.88187 255.043 277.18 0.91181 270.652 278.51 0.135692 277.25 308.535 0.794344 292.839 308.545 0.749674 286.343 339.846 0.784832 283.705 371.139 0.746941 265.467 308.536 0.787734 265.467 350.249 0.798278 265.437 385.533 0.771836 0 0 0 0 0 0 294.184 223.63 0.818096 274.566 224.942 0.756028 258.913 411.632 0.729845 255.055 410.288 0.728127 266.789 390.759 0.673218 286.331 375.077 0.337457 288.934 376.388 0.370348 283.737 373.78 0.635688 
0 0 0 283.714 244.581 0.901745 304.623 244.599 0.894487 305.935 274.59 0.724813 0 0 0 261.55 244.531 0.878193 255.02 271.976 0.857596 270.667 274.56 0.156812 277.189 307.231 0.801567 288.985 308.474 0.764051 286.294 339.814 0.744694 283.717 371.157 0.71529 265.417 307.214 0.782307 265.478 349.015 0.79855 265.418 388.153 0.780134 0 0 0 0 0 0 294.164 217.15 0.769191 274.595 221.059 0.629506 258.911 411.682 0.728904 255.056 410.336 0.734445 266.78 392.079 0.69525 286.308 373.776 0.23685 288.954 375.112 0.256857 284.993 373.8 0.596291 
0 0 0 283.725 238.076 0.852462 305.886 239.327 0.837135 307.196 268.085 0.777855 0 0 0 260.254 238.072 0.830475 256.272 268.077 0.888819 268.071 266.768 0.107346 277.272 300.718 0.759528 294.144 301.995 0.725099 286.345 338.516 0.786811 285.027 369.92 0.77521 265.477 301.976 0.750707 266.722 347.687 0.784312 265.418 389.448 0.775887 0 0 0 0 0 0 294.156 213.281 0.830587 274.561 214.564 0.733269 257.625 411.637 0.698109 256.268 410.301 0.709576 266.759 394.664 0.654987 285.024 375.085 0.248367 287.645 376.381 0.286557 285.052 373.771 0.660081 
0 0 0 283.716 230.202 0.837689 305.886 228.921 0.83243 307.156 256.289 0.706699 0 0 0 261.521 230.221 0.827572 256.327 258.924 0.845155 273.257 254.983 0.130924 278.516 295.428 0.749113 295.436 295.436 0.74274 286.34 334.613 0.773078 285.052 371.137 0.822184 266.704 294.184 0.750647 266.762 341.192 0.79477 265.395 389.447 0.783775 0 0 0 0 0 0 292.859 202.851 0.823198 273.277 204.134 0.736695 257.6 412.911 0.681747 256.272 411.597 0.712534 266.762 394.666 0.669337 283.71 378.974 0.264887 287.654 377.711 0.318615 286.275 375.086 0.720475 
0 0 0 283.721 223.715 0.896315 305.899 223.726 0.891193 307.172 248.497 0.72917 0 0 0 260.234 223.703 0.871915 258.91 253.713 0.538797 275.919 255.01 0.0670652 278.544 287.676 0.762385 295.461 287.682 0.766323 287.593 330.713 0.820712 286.306 371.147 0.8552 266.714 287.676 0.758122 266.703 338.514 0.832646 265.398 384.23 0.789967 0 0 0 0 0 0 291.567 195.005 0.7212 273.279 198.888 0.593596 256.381 412.9 0.746322 255.037 411.582 0.733775 266.787 390.771 0.756724 286.302 375.104 0.378656 290.237 376.388 0.415249 286.287 376.371 0.74678 
0 0 0 284.977 214.626 0.891686 305.897 214.582 0.885832 308.485 243.278 0.750351 0 0 0 261.539 215.858 0.850685 256.335 243.259 0.766646 271.966 235.413 0.0745063 282.392 281.134 0.708423 296.76 282.415 0.76206 287.663 328.148 0.865377 286.318 371.128 0.873954 266.789 281.113 0.738522 266.697 330.739 0.82396 264.138 381.625 0.796564 0 0 0 0 0 0 291.548 191.051 0.757486 271.974 192.38 0.711001 257.594 411.631 0.765279 255.029 410.282 0.731873 266.729 386.835 0.689422 286.28 373.819 0.404132 290.251 375.097 0.438229 286.288 375.1 0.783024 
0 0 0 284.977 202.84 0.899858 305.934 202.846 0.90894 308.511 231.483 0.777912 0 0 0 261.526 202.822 0.875112 255.02 228.932 0.836845 269.353 219.784 0.124847 281.129 266.785 0.740885 296.749 266.809 0.776521 288.968 318.942 0.847235 286.388 369.891 0.882594 266.768 266.765 0.773928 265.484 318.946 0.854271 265.373 371.172 0.815023 0 0 0 0 0 0 291.555 176.696 0.696691 271.998 179.292 0.600566 256.351 398.576 0.595774 255.027 394.657 0.63827 266.728 378.971 0.76518 286.287 372.506 0.569269 290.269 373.791 0.583657 286.32 375.115 0.831979 
0 0 0 284.974 194.964 0.88748 305.896 194.945 0.875897 308.563 223.707 0.805432 0 0 0 261.513 194.994 0.845441 254.99 224.986 0.917892 269.352 217.176 0.143456 282.399 262.812 0.706454 296.766 262.83 0.758938 290.24 313.758 0.7859 287.639 367.258 0.846015 266.794 261.54 0.741509 266.698 316.313 0.835598 265.449 369.861 0.848008 0 0 0 0 0 0 291.545 170.183 0.775621 270.666 171.521 0.716809 256.36 388.111 0.488332 255.055 384.208 0.607646 266.792 375.09 0.809824 285.049 371.212 0.606714 290.255 371.226 0.629754 287.582 371.222 0.871604 
0 0 0 283.714 192.289 0.878347 305.87 191.062 0.872099 308.536 221.058 0.81444 0 0 0 260.256 192.297 0.860425 254.932 221.062 0.862628 269.393 213.268 0.244804 283.706 256.272 0.746394 296.781 256.283 0.78788 291.548 308.575 0.810502 287.691 364.641 0.844334 268.035 256.274 0.761718 266.768 311.117 0.834232 265.474 369.838 0.86303 0 0 0 0 0 0 291.539 163.634 0.777932 270.67 164.983 0.640083 256.316 379.017 0.570001 256.269 379.006 0.709727 268.043 373.795 0.805891 283.727 367.251 0.50787 288.965 368.522 0.484237 287.655 371.141 0.909824 
0 0 0 281.105 183.253 0.890017 302.005 183.243 0.882311 308.538 214.569 0.817447 0 0 0 258.949 183.256 0.880782 252.388 214.563 0.884838 268.078 209.325 0.262944 283.708 248.473 0.713616 296.801 248.462 0.765688 295.459 305.878 0.802236 292.861 362.044 0.778688 266.829 249.769 0.73258 268.041 307.177 0.833092 268.046 360.687 0.866041 0 0 0 0 0 0 290.246 160.963 0.797479 269.354 162.28 0.72195 261.549 365.949 0.520576 258.924 367.236 0.651442 270.664 367.253 0.805819 287.67 369.816 0.466599 296.736 369.884 0.483689 291.557 369.876 0.790936 
0 0 0 279.833 184.516 0.876831 301.98 184.529 0.858103 308.501 214.622 0.861128 288.977 213.203 0.0722946 257.658 184.551 0.871309 251.116 214.599 0.865517 268.087 211.904 0.254515 282.432 251.08 0.709119 296.787 249.81 0.756867 295.493 307.201 0.840903 296.697 362.031 0.814142 266.815 251.112 0.742342 268.059 307.175 0.830214 268.077 359.479 0.857221 0 0 0 0 0 0 288.97 161.004 0.792482 268.093 162.314 0.686756 266.808 362.013 0.508181 264.143 362.03 0.600481 269.385 367.263 0.805357 296.762 381.627 0.660648 300.68 380.317 0.689617 294.169 369.888 0.810802 
0 0 0 278.511 189.773 0.872074 300.701 188.452 0.825974 307.265 218.483 0.831152 0 0 0 256.383 191.028 0.883725 248.518 218.451 0.819224 268.042 213.195 0.293454 282.42 254.998 0.747088 296.773 254.99 0.786694 296.724 308.526 0.847493 296.776 362.059 0.833837 266.799 255.024 0.781951 266.829 308.504 0.85099 268.058 360.674 0.867937 0 0 0 0 0 0 288.926 162.384 0.743464 268.044 163.641 0.696291 271.984 362.016 0.47464 265.489 360.771 0.545035 268.078 367.257 0.809203 298.045 388.125 0.708562 301.995 382.939 0.698699 295.455 369.902 0.831021 
0 0 0 277.267 201.461 0.886633 299.415 201.447 0.839473 307.169 228.917 0.814721 0 0 0 256.347 201.462 0.885375 248.512 227.595 0.825273 266.813 223.657 0.265606 281.101 265.429 0.775377 296.754 265.408 0.798046 296.82 317.63 0.879142 298.132 369.888 0.854118 266.76 265.47 0.807638 268.046 316.352 0.847211 270.672 365.967 0.784838 0 0 0 0 0 0 287.703 172.848 0.729715 266.776 174.133 0.561186 277.164 371.192 0.578244 271.976 371.12 0.57063 270.659 371.227 0.834542 303.297 397.256 0.684918 307.231 393.346 0.710173 296.802 376.411 0.779225 
0 0 0 277.251 206.702 0.896916 299.385 205.45 0.870116 305.895 235.452 0.750839 0 0 0 256.309 206.714 0.900182 248.517 235.483 0.859936 266.735 230.217 0.228993 281.11 273.278 0.735517 296.759 271.995 0.773876 296.827 322.888 0.84692 300.689 375.084 0.771124 266.772 274.567 0.775247 269.352 320.287 0.811263 271.982 369.843 0.810472 0 0 0 0 0 0 287.646 183.174 0.83905 266.758 183.23 0.653114 275.901 372.477 0.462531 269.392 371.206 0.493733 271.963 375.064 0.768396 305.882 402.516 0.758206 308.533 401.185 0.716992 299.394 381.625 0.738061 
0 0 0 277.255 214.585 0.926421 299.38 214.554 0.90056 305.918 243.223 0.776367 0 0 0 256.307 214.595 0.930124 251.078 245.849 0.818099 266.764 243.239 0.151123 281.102 279.815 0.724669 296.738 279.808 0.767595 296.821 330.698 0.853957 299.402 384.208 0.717141 266.774 281.118 0.745837 269.379 324.169 0.769453 273.26 369.899 0.824294 0 0 0 0 0 0 287.607 191.033 0.788995 266.756 192.338 0.719795 275.917 371.199 0.42875 269.355 371.191 0.470621 273.267 375.107 0.75746 300.691 405.088 0.452107 307.211 402.479 0.522468 298.131 393.382 0.600983 
0 0 0 277.259 230.191 0.876826 299.366 227.603 0.86956 304.621 256.358 0.742494 0 0 0 256.326 231.506 0.878786 253.684 262.844 0.845803 266.8 255.011 0.308781 281.101 291.571 0.736317 296.707 292.836 0.769625 296.727 341.129 0.833812 298.155 390.706 0.740064 266.788 292.856 0.767261 268.065 329.375 0.822611 272 369.889 0.812811 0 0 0 0 0 0 286.371 202.826 0.845484 266.714 204.156 0.552283 275.903 373.802 0.454632 270.678 372.501 0.491503 271.992 373.804 0.739992 302.019 410.298 0.609633 307.242 407.706 0.657155 298.107 399.863 0.618504 
0 0 0 277.268 235.416 0.930496 298.146 234.182 0.922976 305.928 264.147 0.805398 0 0 0 256.323 235.48 0.924958 255.025 266.831 0.918088 268.077 262.847 0.140136 281.118 296.82 0.783854 296.705 298.045 0.811992 296.747 347.657 0.836788 299.36 393.388 0.748261 266.802 298.053 0.80635 268.044 330.753 0.797166 273.263 371.131 0.819216 0 0 0 0 0 0 286.347 209.331 0.785321 266.722 213.209 0.631627 275.899 375.088 0.457038 269.394 373.803 0.484099 273.255 376.372 0.742974 300.67 409.022 0.565402 307.196 407.732 0.63639 298.118 402.539 0.698893 
0 0 0 278.49 245.846 0.927987 298.148 244.61 0.918518 307.208 273.25 0.83596 291.573 275.92 0.0843483 256.367 245.908 0.923182 254.996 277.195 0.920716 269.361 275.863 0.183542 281.139 305.908 0.773989 296.728 305.901 0.809252 296.809 350.265 0.829895 299.371 392.009 0.799403 266.821 305.928 0.800787 268.047 338.487 0.809527 273.299 369.889 0.818411 0 0 0 0 0 0 286.357 221.082 0.754995 266.74 223.688 0.743566 274.575 373.764 0.471114 269.36 372.508 0.539571 274.556 372.513 0.716084 299.417 411.642 0.72312 307.164 410.336 0.725002 298.129 399.865 0.682684 
0 0 0 277.269 249.8 0.874897 299.369 247.23 0.872233 305.92 277.229 0.827123 291.543 282.429 0.0519956 256.381 251.111 0.870748 255.02 282.439 0.890661 268.045 277.192 0.193757 281.12 308.493 0.800177 295.497 308.512 0.824025 298.041 351.599 0.832669 299.418 393.364 0.734251 266.809 308.514 0.814639 268.053 338.541 0.794054 274.566 369.836 0.821946 0 0 0 0 0 0 287.597 223.733 0.761248 266.759 225.03 0.650771 275.84 375.086 0.516712 270.656 373.775 0.573049 275.826 372.458 0.733267 299.419 411.635 0.676808 307.203 411.577 0.704925 299.388 402.497 0.660797 
0 0 0 278.504 254.971 0.917522 299.383 253.725 0.881425 305.913 283.696 0.782175 292.857 286.332 0.0551701 257.616 255.005 0.9104 255.049 286.283 0.939108 266.79 277.195 0.187283 281.098 311.115 0.758319 295.492 311.13 0.788386 298.068 351.579 0.820584 300.674 392.085 0.727913 266.791 311.135 0.782211 268.058 339.82 0.785589 274.561 369.859 0.825955 0 0 0 0 0 0 287.643 226.32 0.745887 268.07 228.927 0.64262 274.601 375.098 0.517344 269.388 373.795 0.577235 274.608 372.478 0.725097 300.666 411.629 0.667154 307.204 410.34 0.693396 299.412 401.212 0.655476 
0 0 0 281.118 257.638 0.866929 299.433 257.616 0.88681 305.902 287.664 0.863945 290.264 288.939 0.0586305 261.507 258.909 0.847724 255.048 290.234 0.913883 269.353 286.352 0.198984 281.115 317.674 0.810345 295.494 317.689 0.836182 298.088 358.089 0.70227 300.689 385.525 0.738356 266.807 317.672 0.816286 268.038 338.585 0.792129 274.603 369.88 0.856574 0 0 0 0 0 0 288.96 234.129 0.811226 270.658 235.432 0.66155 275.845 375.095 0.542173 270.677 373.768 0.598152 275.85 372.527 0.754136 300.711 412.898 0.790624 307.204 411.599 0.730756 300.679 390.736 0.639451 
0 0 0 282.402 261.544 0.834117 300.703 261.538 0.834252 305.857 290.264 0.807764 288.962 288.934 0.063466 261.541 261.551 0.832589 255.066 295.421 0.9026 266.775 287.659 0.167099 279.817 318.996 0.800184 295.471 319.02 0.811223 298.105 362.037 0.72907 299.431 386.85 0.65562 266.744 318.996 0.803915 266.79 338.566 0.804349 274.58 369.902 0.867297 0 0 0 0 0 0 290.24 235.413 0.748645 271.995 236.734 0.698277 274.597 375.107 0.534762 269.394 373.809 0.60418 275.871 373.772 0.780748 302.009 411.651 0.70225 308.489 411.578 0.693693 299.421 392.056 0.511444 
0 0 0 282.428 264.138 0.863259 302.008 264.135 0.840855 305.893 292.882 0.810338 0 0 0 262.817 264.115 0.851911 255.061 295.48 0.922337 266.753 288.933 0.153273 279.813 320.289 0.779579 295.477 320.311 0.794337 298.11 364.632 0.737456 299.414 388.15 0.654661 266.731 320.298 0.779006 266.784 338.554 0.764565 274.611 369.867 0.860486 0 0 0 0 0 0 290.269 235.498 0.725845 273.267 239.33 0.714046 273.301 376.386 0.515577 269.345 375.07 0.608552 275.909 372.483 0.784969 301.983 411.652 0.728739 308.484 411.578 0.722563 299.412 392.064 0.489295 
0 0 0 283.741 265.456 0.905604 303.31 265.466 0.885979 307.148 295.425 0.859358 290.233 292.863 0.0647629 264.117 265.42 0.90474 255.065 296.797 0.956943 266.761 292.859 0.146292 279.82 325.47 0.757658 295.461 325.503 0.785634 298.087 362.076 0.762507 298.155 390.746 0.68437 266.759 324.195 0.767485 266.814 339.843 0.727046 275.842 369.817 0.851931 0 0 0 0 0 0 291.573 239.365 0.683721 274.594 243.245 0.74762 274.61 376.396 0.531293 270.685 373.793 0.597687 275.929 371.217 0.775256 304.584 411.6 0.720044 308.516 410.321 0.762477 298.135 395.977 0.534009 
0 0 0 283.739 265.46 0.905829 303.315 265.471 0.88896 307.156 295.443 0.869971 288.972 295.43 0.0740845 264.109 265.422 0.904057 255.067 296.796 0.955457 266.776 292.86 0.148975 279.829 325.482 0.762495 295.473 325.509 0.795867 298.119 362.043 0.759575 299.368 388.154 0.728593 266.762 325.463 0.769056 266.794 339.812 0.741035 275.823 368.557 0.836189 0 0 0 0 0 0 291.575 239.366 0.684075 274.594 243.246 0.748161 274.589 377.684 0.565652 270.664 373.803 0.624902 275.918 371.169 0.760959 303.298 411.619 0.7363 308.496 410.317 0.741158 298.114 392.054 0.585861 
0 0 0 283.739 265.46 0.905965 303.319 265.472 0.887972 307.156 295.445 0.872456 288.986 294.178 0.0706751 264.108 265.423 0.903189 255.062 296.797 0.954498 266.766 292.852 0.128923 279.828 325.505 0.766388 295.471 326.767 0.80087 298.13 362.044 0.752591 298.153 389.417 0.739107 266.758 325.484 0.770796 266.778 338.494 0.709868 275.833 368.541 0.830579 0 0 0 0 0 0 291.581 239.362 0.691943 274.593 243.253 0.73577 274.598 377.688 0.572828 270.688 373.809 0.625763 275.929 371.164 0.761076 303.315 411.598 0.74288 308.5 410.293 0.74433 298.099 392.069 0.604815 
0 0 0 284.998 265.385 0.903785 304.577 265.406 0.871569 307.139 294.16 0.847463 0 0 0 264.165 264.15 0.897084 256.273 295.49 0.906691 266.738 292.84 0.11725 278.554 321.601 0.766254 295.433 324.173 0.771679 298.055 362.062 0.704873 299.362 386.823 0.687229 266.726 321.572 0.773499 266.812 337.207 0.687494 275.819 368.585 0.83439 0 0 0 0 0 0 292.834 236.773 0.631912 274.602 240.669 0.757803 274.607 376.38 0.54107 270.683 373.767 0.605601 275.906 371.219 0.764264 303.287 411.675 0.695399 308.488 411.588 0.682416 299.367 390.73 0.52701 
0 0 0 285.004 262.822 0.867595 303.318 262.845 0.837169 307.142 291.55 0.835893 0 0 0 264.171 261.533 0.857254 256.257 292.873 0.881948 266.785 291.566 0.141813 279.835 319.001 0.791824 295.459 320.272 0.793416 298.043 359.427 0.644699 299.376 384.216 0.742694 266.775 318.975 0.797358 268.076 337.244 0.725178 275.817 369.793 0.835428 0 0 0 0 0 0 292.85 235.454 0.677923 274.587 238.024 0.773895 275.841 377.677 0.578916 271.954 373.783 0.617952 275.893 371.219 0.759574 300.693 411.68 0.781554 307.203 411.57 0.709193 299.375 388.149 0.63572 
0 0 0 285.015 257.658 0.892852 303.305 258.926 0.839359 305.923 288.967 0.831181 290.28 287.655 0.0527446 265.391 257.621 0.89355 255.053 288.934 0.925037 266.805 287.641 0.153823 279.843 317.693 0.793182 295.471 318.95 0.81137 296.811 362.04 0.731431 299.406 390.71 0.68861 266.773 317.654 0.804791 268.087 338.548 0.724673 275.838 368.573 0.83299 0 0 0 0 0 0 292.853 234.157 0.762987 274.584 235.468 0.793435 275.855 376.399 0.547928 271.984 373.77 0.606329 275.891 371.188 0.746253 300.693 412.918 0.730386 307.22 411.636 0.704668 299.424 393.381 0.541249 
0 0 0 283.727 256.28 0.899301 303.291 256.292 0.881988 305.912 287.609 0.859389 290.233 290.251 0.0704038 264.117 255.065 0.915235 255.046 286.369 0.953051 269.358 286.284 0.185827 281.13 316.376 0.760124 296.7 317.635 0.80261 296.774 362.032 0.795458 300.709 393.392 0.683701 266.795 316.344 0.777531 268.099 338.554 0.693238 275.845 368.567 0.800349 0 0 0 0 0 0 291.578 232.78 0.741037 274.569 234.121 0.688415 275.899 375.067 0.510553 274.562 372.499 0.573658 275.861 371.166 0.706197 300.693 412.901 0.733221 307.243 411.639 0.742154 302.011 401.21 0.62162 
0 0 0 282.418 247.177 0.870724 301.981 247.195 0.852661 303.323 277.222 0.744165 0 0 0 261.534 247.176 0.863792 255.002 277.201 0.920296 269.382 277.181 0.139781 282.396 308.493 0.755461 296.7 308.542 0.781378 295.47 359.357 0.816326 303.301 393.336 0.737889 266.821 307.258 0.773528 270.653 337.221 0.647037 274.594 367.246 0.757709 0 0 0 0 0 0 291.564 223.668 0.749398 273.299 224.981 0.790086 274.58 378.993 0.520585 270.661 376.387 0.551422 275.827 369.897 0.677103 300.682 412.931 0.781372 307.232 411.65 0.761695 304.615 401.154 0.665353 
0 0 0 282.419 244.53 0.882611 303.282 244.559 0.874506 305.889 274.551 0.781458 0 0 0 261.539 243.287 0.858551 254.95 273.288 0.845672 266.781 271.971 0.157653 279.836 300.694 0.738415 295.485 302.012 0.760329 295.459 350.265 0.83904 304.617 392.021 0.755715 266.771 300.68 0.761767 270.698 330.723 0.674774 274.599 367.248 0.76428 0 0 0 0 0 0 290.274 217.152 0.669296 273.293 219.778 0.648717 275.858 377.704 0.532504 270.659 375.087 0.560389 275.82 371.142 0.729257 300.717 412.95 0.732618 307.25 411.661 0.716568 305.894 399.882 0.649412 
0 0 0 281.118 236.719 0.874514 300.72 236.757 0.858037 304.597 266.76 0.775573 0 0 0 260.237 235.507 0.861903 255.012 266.764 0.910849 266.774 266.734 0.118018 281.133 296.809 0.760543 296.708 298.054 0.793498 295.485 347.656 0.820753 304.624 390.722 0.751453 266.811 296.806 0.770471 273.295 330.698 0.691928 274.568 367.273 0.762827 0 0 0 0 0 0 290.25 213.234 0.764083 271.994 214.511 0.63738 275.888 377.674 0.489902 270.67 373.792 0.524441 274.558 371.16 0.736815 300.693 412.931 0.694715 307.215 411.635 0.678265 305.888 398.575 0.61326 
0 0 0 278.534 225.023 0.910717 299.417 225.043 0.88768 301.977 255.05 0.80368 0 0 0 257.629 224.995 0.911828 253.72 256.306 0.859352 266.81 255.013 0.147665 278.513 286.278 0.774381 294.173 286.282 0.743423 296.796 334.608 0.830659 300.681 381.614 0.705568 265.499 286.3 0.774809 275.813 325.461 0.764726 274.576 369.806 0.805398 0 0 0 0 0 0 288.922 201.504 0.79221 269.401 202.784 0.606167 277.192 373.806 0.512935 271.971 372.475 0.540966 274.554 372.506 0.790184 302.02 408.986 0.482791 307.249 403.815 0.501596 299.402 389.434 0.545558 
0 0 0 277.264 213.285 0.92709 298.122 213.281 0.916344 304.629 241.939 0.793513 0 0 0 256.365 213.282 0.933518 252.411 240.659 0.789479 266.776 234.128 0.197627 279.8 274.59 0.751782 295.467 274.569 0.750651 296.827 324.167 0.833715 298.137 372.484 0.79307 266.754 275.85 0.775492 275.826 318.971 0.849977 274.569 368.537 0.796474 0 0 0 0 0 0 287.609 188.446 0.799195 266.815 191.036 0.614615 275.874 373.792 0.456694 268.105 372.466 0.518155 274.55 372.483 0.779807 298.117 398.58 0.730544 304.622 394.667 0.677769 298.034 381.573 0.726332 
0 0 0 277.225 205.469 0.90683 298.119 205.466 0.88799 302.017 234.182 0.811404 0 0 0 256.319 206.716 0.895651 252.388 235.4 0.864246 266.797 227.595 0.23071 279.807 266.791 0.765607 295.446 266.783 0.769758 296.803 318.911 0.869745 298.056 369.811 0.848648 266.782 268.052 0.77097 274.595 317.642 0.838565 274.542 368.522 0.793957 0 0 0 0 0 0 287.594 181.946 0.82983 266.717 183.21 0.710175 275.934 372.457 0.503242 270.654 371.17 0.524186 273.272 372.493 0.824762 300.713 392.079 0.726902 307.166 390.742 0.738845 296.735 373.793 0.784246 
0 0 0 277.231 193.707 0.933197 298.1 193.694 0.925728 305.93 223.659 0.897325 287.688 222.357 0.0563056 256.331 193.736 0.91524 248.5 223.698 0.876948 265.424 214.604 0.172288 281.103 256.359 0.745984 296.721 256.341 0.775931 296.734 308.561 0.846765 296.813 362.061 0.827727 266.795 257.642 0.761031 268.051 311.117 0.819281 269.345 362.025 0.820694 0 0 0 0 0 0 286.332 170.159 0.806649 265.45 171.494 0.638285 275.9 368.53 0.563425 269.369 367.243 0.529675 269.367 369.868 0.826683 300.674 382.931 0.687684 305.916 381.594 0.766283 295.492 369.888 0.83122 
0 0 0 277.22 191.078 0.914172 298.101 191.016 0.874734 307.157 217.18 0.864701 288.969 215.875 0.0619989 256.337 192.318 0.910402 248.495 218.467 0.816481 266.772 211.946 0.235086 281.093 254.977 0.749929 296.723 254.959 0.769579 296.738 307.226 0.85703 296.79 362.021 0.830569 266.77 255.023 0.784864 266.795 307.267 0.865333 266.776 359.409 0.865666 0 0 0 0 0 0 286.349 163.628 0.779663 265.467 166.25 0.579746 274.606 363.335 0.565177 266.787 362.011 0.560147 266.789 365.93 0.785394 299.39 380.352 0.660276 304.624 380.255 0.721852 295.479 369.867 0.83738 
0 0 0 277.237 188.459 0.878729 298.144 187.134 0.859252 307.196 217.143 0.882261 287.663 217.159 0.0949079 256.318 189.751 0.879541 249.77 215.896 0.83024 266.774 210.645 0.258551 281.132 252.376 0.718734 296.755 251.099 0.758082 296.731 307.166 0.838564 296.791 362.08 0.818314 266.789 253.672 0.765299 266.772 307.2 0.860592 265.482 360.676 0.884531 0 0 0 0 0 0 286.373 162.35 0.846054 265.449 163.659 0.652329 269.369 360.768 0.475017 262.836 360.761 0.526162 265.505 368.521 0.800298 296.788 375.095 0.527438 301.997 373.794 0.603617 296.728 371.122 0.844386 
0 0 0 277.253 188.428 0.872181 299.4 185.859 0.851257 308.467 217.145 0.87182 287.671 214.53 0.0797979 256.304 189.722 0.88309 249.764 215.877 0.833799 266.731 209.317 0.216925 281.109 254.981 0.738632 296.748 254.969 0.77133 295.474 308.548 0.814441 295.483 364.662 0.797644 266.749 255.013 0.775444 265.48 308.524 0.846074 262.841 362.04 0.775222 0 0 0 0 0 0 286.373 162.307 0.817342 265.469 163.623 0.767131 265.414 372.471 0.539896 257.616 371.175 0.616044 262.852 369.92 0.792876 291.567 369.894 0.499763 298.066 371.151 0.587977 295.46 371.182 0.789507 
0 0 0 277.259 192.291 0.915529 299.398 191.067 0.866681 307.227 221.062 0.830487 287.675 217.17 0.0628311 256.329 192.291 0.905727 248.513 219.758 0.808805 266.779 211.911 0.226648 279.798 256.321 0.753962 296.708 256.328 0.773701 295.413 311.132 0.782183 294.181 369.856 0.807122 266.7 256.335 0.766895 265.388 315.037 0.803323 260.235 369.808 0.761481 0 0 0 0 0 0 287.605 162.39 0.804005 265.493 164.958 0.705873 261.557 378.997 0.48278 256.273 376.408 0.582095 261.535 375.078 0.75626 290.254 371.212 0.490514 298.034 372.511 0.558989 294.136 377.67 0.730709 
0 0 0 278.516 193.665 0.92181 300.676 193.66 0.88956 308.464 224.934 0.858026 287.68 223.647 0.0649954 256.346 193.671 0.927417 247.232 223.718 0.904054 265.425 213.247 0.177228 279.786 261.518 0.723738 296.723 261.521 0.748808 291.581 316.345 0.794107 291.536 371.125 0.825077 265.505 261.532 0.750148 265.395 317.599 0.837619 260.214 371.153 0.77942 0 0 0 0 0 0 287.63 168.836 0.709448 266.7 171.408 0.73523 258.957 381.615 0.505577 255.047 380.331 0.628652 261.517 380.246 0.790021 288.973 371.201 0.490903 296.798 372.5 0.571599 290.248 378.963 0.769616 
0 0 0 278.526 202.848 0.920888 300.717 202.853 0.878534 307.181 234.065 0.835724 287.686 230.218 0.0599618 256.37 202.823 0.923319 248.499 234.054 0.864667 266.735 223.662 0.223263 278.517 268.082 0.760024 295.473 268.092 0.750318 287.71 320.31 0.84138 290.256 372.494 0.828201 265.484 268.088 0.761408 265.42 322.873 0.811507 264.138 378.955 0.795643 0 0 0 0 0 0 287.675 175.385 0.779418 266.782 178.011 0.536211 258.96 380.338 0.469258 256.291 381.587 0.640895 265.403 382.944 0.822983 287.635 372.482 0.536434 295.484 373.761 0.548291 290.27 380.31 0.801154 
0 0 0 279.816 204.1 0.90104 301.986 204.144 0.869128 305.909 235.465 0.798923 0 0 0 257.672 204.064 0.897878 247.225 235.41 0.909506 266.748 227.606 0.217418 278.52 269.388 0.745051 295.46 270.664 0.731737 287.677 324.166 0.828461 288.934 372.512 0.846289 265.499 269.381 0.753177 265.458 322.865 0.828323 265.378 377.688 0.795567 0 0 0 0 0 0 288.921 176.713 0.787511 268.052 180.599 0.589422 261.555 381.583 0.476764 256.313 381.589 0.639603 265.415 382.915 0.833858 287.666 373.78 0.550914 295.493 375.079 0.595615 288.925 380.317 0.819307 
0 0 0 279.814 204.07 0.904062 301.983 204.113 0.875194 305.921 235.456 0.823265 287.644 234.15 0.0532007 257.665 202.838 0.902411 248.504 235.381 0.902103 266.726 226.332 0.23476 278.539 269.378 0.741198 295.479 269.39 0.738809 287.673 324.179 0.83576 289 372.521 0.826041 266.705 269.385 0.755096 265.427 324.18 0.821347 264.162 377.713 0.802066 0 0 0 0 0 0 288.927 176.686 0.794051 268.045 179.327 0.69279 258.954 380.303 0.479216 256.276 380.345 0.65693 265.415 382.933 0.839272 287.607 372.498 0.550043 295.455 373.793 0.549625 290.256 380.346 0.791823 
0 0 0 279.8 201.514 0.881355 301.996 202.747 0.858051 307.21 231.485 0.835851 287.686 226.32 0.0698111 257.643 201.45 0.86216 247.233 228.886 0.842209 268.065 224.957 0.303714 278.507 266.728 0.79163 295.451 266.72 0.778539 288.973 319.014 0.834133 291.564 372.525 0.794536 265.469 266.758 0.779562 265.411 321.598 0.815595 264.167 377.689 0.800097 0 0 0 0 0 0 288.989 172.79 0.80917 268.068 174.103 0.670086 258.944 380.311 0.495557 256.291 380.346 0.666309 265.431 382.903 0.84272 287.674 373.758 0.483575 296.756 375.059 0.515918 291.562 380.351 0.782366 
0 0 0 279.837 200.171 0.838898 302.014 200.209 0.834348 307.185 226.318 0.874223 287.656 223.719 0.0830063 257.652 197.605 0.842832 247.225 225.067 0.883551 266.764 221.088 0.203248 278.493 265.487 0.779824 295.441 265.48 0.764437 290.273 320.316 0.786279 294.153 372.504 0.795569 265.456 266.725 0.762749 265.399 321.604 0.803703 265.386 376.411 0.806096 0 0 0 0 0 0 288.998 172.769 0.791859 268.085 172.85 0.653549 261.525 379.019 0.480036 256.315 380.286 0.662773 265.452 381.667 0.842733 287.686 375.069 0.472984 296.782 376.386 0.508161 294.16 380.332 0.780048 
0 0 0 278.555 201.497 0.878075 300.717 202.738 0.844457 307.176 223.697 0.788267 300.673 197.578 0.0782464 257.654 200.192 0.837616 245.855 224.974 0.932439 258.915 213.224 0.207219 278.504 266.749 0.7853 295.433 266.741 0.762116 291.572 318.985 0.807716 294.159 372.49 0.796884 265.471 266.767 0.771825 265.438 320.303 0.83634 265.457 375.103 0.811483 0 0 0 0 0 0 290.244 172.834 0.750151 268.091 174.092 0.675834 260.238 380.291 0.516712 256.334 380.32 0.702384 266.753 381.641 0.852376 288.923 373.792 0.47247 296.785 375.104 0.506461 294.143 380.319 0.796673 
0 0 0 278.53 202.764 0.911691 300.678 202.814 0.863156 307.176 223.621 0.75359 301.976 200.204 0.0857934 257.651 201.505 0.863888 245.834 225.035 0.928856 258.916 214.566 0.221696 277.273 266.806 0.780426 294.187 266.801 0.740519 292.852 320.264 0.79565 295.42 372.499 0.802822 265.45 268.046 0.763495 265.43 322.869 0.819206 265.457 375.11 0.816997 0 0 0 0 0 0 290.237 172.833 0.785144 268.102 174.097 0.698621 258.954 380.258 0.521905 256.315 380.3 0.71872 266.76 381.636 0.859005 288.933 375.071 0.478555 296.803 376.383 0.51322 294.172 380.324 0.797972 
0 0 0 278.536 202.727 0.892883 300.683 202.755 0.852755 307.159 223.689 0.798833 0 0 0 257.655 201.468 0.85061 245.844 225.047 0.939163 257.619 213.243 0.225291 278.489 266.768 0.785257 295.432 266.769 0.75671 292.854 319.023 0.80144 295.414 372.483 0.803817 265.455 266.779 0.771703 265.413 321.553 0.819014 265.433 376.37 0.818391 0 0 0 0 0 0 288.985 172.802 0.770683 268.091 174.079 0.701457 260.257 380.25 0.523415 256.334 380.291 0.710698 266.713 381.633 0.868084 287.689 375.067 0.491061 296.786 376.39 0.521335 294.168 380.314 0.793378 
0 0 0 278.545 201.504 0.889186 300.705 202.758 0.864795 305.924 228.922 0.747386 0 0 0 257.639 200.196 0.850376 245.841 226.272 0.942025 265.402 221.042 0.257182 278.48 266.747 0.7857 294.185 266.746 0.75514 291.574 320.246 0.798421 294.174 372.48 0.801826 265.448 266.755 0.769054 265.418 320.309 0.822693 265.431 376.38 0.817134 0 0 0 0 0 0 290.227 172.814 0.805896 268.078 174.076 0.682614 261.538 380.253 0.518723 256.341 380.293 0.699646 265.502 381.643 0.857812 287.685 373.783 0.503331 296.773 375.097 0.526056 294.165 380.306 0.793637 
0 0 0 278.518 201.504 0.894923 300.685 202.736 0.86131 307.169 230.217 0.826196 287.667 227.6 0.0610692 257.597 201.445 0.868296 245.857 227.607 0.906517 265.472 223.667 0.305004 278.491 266.769 0.78307 295.435 266.765 0.760815 292.838 319.025 0.800124 294.178 372.506 0.797125 265.458 266.789 0.772093 265.435 321.57 0.817987 265.453 375.108 0.815678 0 0 0 0 0 0 290.231 172.808 0.808875 268.06 174.089 0.705827 258.942 380.256 0.524912 256.311 380.299 0.723141 266.752 381.64 0.860291 287.684 373.797 0.483752 296.781 376.365 0.506039 294.167 380.336 0.801516 
0 0 0 278.524 202.724 0.896467 300.689 202.748 0.863502 307.168 230.219 0.821306 287.659 227.61 0.0589601 257.604 201.471 0.873654 245.864 230.189 0.884278 265.439 223.652 0.292656 277.254 266.777 0.791556 294.177 266.773 0.747046 292.845 320.268 0.791781 295.416 372.503 0.798127 265.417 266.79 0.759797 265.426 322.859 0.810921 265.45 376.376 0.817963 0 0 0 0 0 0 290.248 172.824 0.80777 268.054 174.099 0.704758 260.219 380.252 0.519824 256.316 380.293 0.718215 266.739 381.645 0.859631 288.961 375.069 0.479597 296.823 376.387 0.524658 294.17 380.329 0.797718 
0 0 0 278.541 202.736 0.895051 300.699 202.768 0.867085 307.179 232.84 0.88746 287.606 231.517 0.111339 257.629 201.475 0.868742 245.838 231.501 0.900379 265.472 223.696 0.351364 277.262 266.799 0.784405 295.415 266.801 0.743222 292.874 320.276 0.788918 294.179 372.499 0.798561 265.425 268.04 0.76129 265.409 322.864 0.811764 265.434 375.111 0.8193 0 0 0 0 0 0 290.242 172.832 0.790695 268.057 174.108 0.718253 258.956 379.021 0.513511 256.309 380.284 0.713876 266.717 381.627 0.862957 288.952 375.08 0.480494 296.81 376.399 0.52671 294.152 380.325 0.784668 
0 0 0 278.543 202.756 0.901811 300.707 202.814 0.881151 307.183 234.112 0.925504 286.349 232.815 0.164656 257.629 201.479 0.869676 245.86 232.771 0.906459 265.453 223.726 0.331312 277.252 266.785 0.795964 294.182 266.801 0.742866 292.862 320.3 0.789503 294.174 372.504 0.796882 265.407 266.781 0.763328 265.407 322.874 0.813607 265.436 376.368 0.819382 0 0 0 0 0 0 290.244 172.847 0.769986 268.05 174.136 0.73117 260.249 379.01 0.505755 256.323 380.271 0.701962 266.706 381.63 0.854133 288.965 375.079 0.487704 296.816 376.397 0.539078 294.145 380.326 0.777019 
0 0 0 278.525 202.753 0.90654 299.439 202.818 0.891227 307.193 235.387 0.910006 286.353 234.107 0.162098 257.624 201.466 0.866749 245.829 234.066 0.943228 265.434 231.511 0.438257 277.243 266.776 0.792355 294.165 266.791 0.743362 291.578 320.28 0.801303 294.175 372.518 0.7955 265.398 266.777 0.753039 265.413 321.592 0.824255 265.444 376.402 0.818543 0 0 0 0 0 0 288.992 172.847 0.733548 268.041 175.375 0.779831 261.535 379.008 0.509267 256.338 380.277 0.699608 266.723 381.662 0.850806 288.961 373.793 0.490505 296.816 376.366 0.533885 294.162 380.336 0.79028 
0 0 0 278.51 202.772 0.915272 300.671 202.824 0.893483 307.205 235.435 0.937907 286.365 235.47 0.235364 256.38 201.477 0.881091 245.818 234.139 0.959808 265.452 236.735 0.515912 277.241 266.802 0.7882 294.159 268.047 0.731208 291.571 320.276 0.797307 294.175 372.505 0.797668 265.407 266.802 0.751916 265.416 321.593 0.82197 265.444 376.396 0.818091 0 0 0 0 0 0 288.993 172.846 0.742734 268.038 175.375 0.782039 261.528 379.003 0.506355 256.336 380.275 0.696991 266.723 381.658 0.852033 288.951 373.795 0.485779 296.811 376.368 0.526692 294.164 380.328 0.792485 
0 0 0 278.511 202.773 0.914994 300.681 202.823 0.894159 307.201 235.493 0.941248 286.355 240.663 0.248758 256.379 201.483 0.881065 244.611 234.18 0.95635 260.248 245.846 0.598029 277.239 266.784 0.7972 294.153 266.807 0.737959 291.57 320.296 0.79579 294.172 372.505 0.79761 265.408 266.789 0.756174 265.412 322.893 0.818972 265.44 376.391 0.817195 0 0 0 0 0 0 288.985 172.843 0.712386 266.81 174.134 0.789084 261.549 379.014 0.513111 256.349 380.275 0.692559 266.714 381.648 0.854458 288.951 373.805 0.48292 296.805 376.375 0.525786 294.159 380.323 0.787245 
0 0 0 278.486 202.804 0.930888 299.411 202.841 0.898862 308.505 236.789 0.873581 298.093 258.922 0.361806 256.339 201.518 0.893971 244.598 235.446 0.94337 249.785 262.81 0.740707 277.187 266.809 0.79283 292.852 268.052 0.723346 291.555 320.268 0.804625 294.162 372.503 0.795113 264.125 266.794 0.739076 265.402 324.164 0.821061 265.436 377.671 0.820596 0 0 0 0 0 0 288.969 174.086 0.733687 266.794 175.384 0.767377 264.132 379.006 0.494312 256.365 380.265 0.660403 265.492 381.669 0.847625 288.944 375.078 0.50261 296.793 376.392 0.544009 294.149 380.325 0.775749 
0 0 0 278.481 202.815 0.933143 299.414 202.852 0.897035 308.464 239.336 0.835736 307.225 266.722 0.429088 256.327 202.738 0.89779 244.627 235.504 0.895725 247.155 266.734 0.815082 277.192 266.8 0.788861 294.13 266.812 0.719745 291.562 320.258 0.802431 294.163 372.5 0.794105 264.109 266.801 0.72091 265.408 322.902 0.817565 265.436 377.669 0.81951 0 0 0 0 0 0 288.964 174.083 0.754634 266.783 175.378 0.772109 264.129 378.997 0.490488 256.364 380.261 0.656761 265.494 381.669 0.846224 288.936 375.07 0.499582 296.79 376.385 0.53701 294.152 380.323 0.774616 
0 0 0 277.232 202.789 0.941247 299.383 202.819 0.894528 309.821 238.05 0.854533 318.913 269.378 0.82919 256.274 202.73 0.901096 245.843 238.031 0.869731 241.93 274.555 0.767434 277.199 268.085 0.777064 292.842 268.068 0.711119 291.577 322.872 0.781191 294.156 372.516 0.789313 264.12 269.355 0.714214 265.407 326.761 0.831971 265.434 377.685 0.8237 0 0 0 0 0 0 288.922 174.075 0.772812 266.737 175.406 0.790315 264.146 379.004 0.490512 256.37 380.265 0.651254 265.486 381.676 0.844904 288.957 375.081 0.509164 296.797 376.399 0.556919 294.139 380.329 0.766127 
0 0 0 277.229 202.796 0.942775 299.369 202.827 0.895051 311.145 236.771 0.84543 321.608 266.784 0.820415 256.277 202.732 0.908148 245.855 236.722 0.898833 236.731 271.974 0.775305 277.192 270.652 0.773137 291.562 269.378 0.70227 291.577 322.87 0.782751 294.151 372.507 0.796733 264.132 270.683 0.727217 265.404 326.789 0.844284 265.434 377.675 0.825774 0 0 0 0 0 0 287.696 174.085 0.793863 266.728 175.426 0.794297 262.855 378.984 0.499308 256.356 380.259 0.67475 265.496 381.66 0.844301 288.923 372.496 0.518389 296.765 373.806 0.541459 294.145 380.316 0.776192 
0 0 0 277.201 202.787 0.952793 298.153 202.816 0.905369 315.056 235.423 0.892265 326.743 265.442 0.807044 255.052 202.732 0.897686 244.61 235.405 0.920493 235.41 269.37 0.821772 277.213 269.394 0.768723 292.85 269.369 0.6985 291.547 324.188 0.787067 294.15 372.521 0.796159 264.151 270.681 0.732684 265.386 326.813 0.851264 265.423 377.687 0.825212 0 0 0 0 0 0 287.671 174.063 0.795473 265.502 175.393 0.791985 264.15 378.986 0.499132 256.369 380.259 0.660686 265.476 381.667 0.840135 287.667 372.486 0.522169 296.745 373.8 0.529707 294.156 380.326 0.778002 
0 0 0 277.179 202.783 0.954917 298.131 202.803 0.909461 316.299 235.38 0.897217 326.755 264.162 0.80476 255.029 202.732 0.896795 244.595 234.157 0.913718 235.419 266.779 0.888201 277.21 269.388 0.770583 292.85 269.362 0.699314 291.542 324.184 0.786 294.15 372.52 0.796529 264.154 270.677 0.732137 265.384 326.812 0.848788 265.429 377.686 0.827748 0 0 0 0 0 0 287.666 172.857 0.795673 265.501 175.391 0.791244 264.141 378.997 0.499635 256.367 380.269 0.666265 265.484 381.663 0.841824 287.676 372.491 0.519677 296.75 373.804 0.532208 294.154 380.324 0.779626 
0 0 0 277.181 202.78 0.948438 298.135 202.8 0.905424 315.054 235.386 0.903382 326.797 265.395 0.849703 255.026 202.728 0.889791 244.527 235.377 0.88982 235.386 268.086 0.85989 277.206 269.378 0.768568 292.849 269.347 0.700203 290.276 324.171 0.786573 294.148 372.519 0.797767 264.137 270.669 0.727099 265.376 326.816 0.846903 265.429 377.69 0.828271 0 0 0 0 0 0 287.642 172.853 0.786463 265.487 175.402 0.76433 264.14 378.998 0.498304 256.367 380.27 0.665181 265.485 381.668 0.838072 287.673 372.491 0.518973 296.75 373.803 0.530349 294.156 380.325 0.782798 
0 0 0 277.178 202.767 0.944075 298.12 202.773 0.902927 316.307 235.408 0.905274 326.757 265.387 0.816355 255.027 201.52 0.891768 244.491 235.405 0.87051 234.154 268.086 0.83873 277.197 269.362 0.77324 291.57 268.09 0.702598 290.265 324.179 0.785239 294.151 372.519 0.798191 264.133 269.393 0.728371 265.373 326.801 0.843028 265.426 377.689 0.825212 0 0 0 0 0 0 287.643 172.85 0.786637 265.487 175.401 0.759902 264.151 379.011 0.503054 256.373 380.275 0.658939 265.476 381.671 0.839624 288.926 372.513 0.507287 296.778 375.072 0.536662 294.159 380.327 0.787515 
0 0 0 277.163 202.764 0.945211 298.112 202.77 0.905331 316.304 235.413 0.909332 326.783 265.466 0.82789 255.012 201.52 0.893321 244.492 235.394 0.874915 235.375 266.817 0.864787 277.185 269.367 0.775164 291.547 268.089 0.704254 290.264 324.204 0.788357 294.156 372.523 0.797921 264.129 270.66 0.729421 265.371 326.812 0.84489 265.426 377.689 0.825795 0 0 0 0 0 0 287.6 172.854 0.76993 265.471 175.412 0.740634 264.144 379.01 0.504496 256.37 380.275 0.663544 265.479 381.671 0.839067 287.689 372.511 0.507315 296.772 375.069 0.530658 294.166 380.331 0.789703 
0 0 0 277.167 202.768 0.946203 298.122 202.777 0.902973 316.302 235.481 0.891504 325.504 269.351 0.79729 255.012 202.728 0.892711 243.247 235.46 0.858437 234.159 270.657 0.821126 277.173 269.373 0.776383 291.535 269.348 0.702642 290.281 325.487 0.791676 294.142 373.764 0.796735 264.106 270.66 0.722673 264.174 328.032 0.837622 265.422 377.692 0.825507 0 0 0 0 0 0 287.603 172.852 0.774699 265.471 175.411 0.742933 264.144 379.013 0.506338 256.371 380.277 0.661574 265.477 381.673 0.844144 287.685 372.509 0.505893 296.765 375.064 0.52981 294.152 380.335 0.785285 
0 0 0 277.172 202.764 0.943663 298.135 202.783 0.899219 313.759 236.75 0.848346 321.571 270.656 0.787231 255.015 201.515 0.891223 243.242 235.45 0.861324 235.409 270.666 0.775944 277.176 269.358 0.774742 291.555 268.093 0.702918 290.28 325.468 0.788895 294.142 373.761 0.796488 264.099 269.391 0.716519 264.173 326.809 0.834457 265.422 377.691 0.824912 0 0 0 0 0 0 287.604 172.852 0.773745 265.472 175.408 0.744739 264.148 379.013 0.505206 256.373 380.276 0.65896 265.475 381.672 0.843912 287.688 372.507 0.504386 296.767 375.063 0.529989 294.15 380.333 0.784095 
0 0 0 277.161 202.769 0.945556 298.122 202.77 0.898757 309.865 235.443 0.893532 311.115 265.426 0.84143 255.001 202.742 0.89327 243.273 238.061 0.811213 236.788 269.364 0.71635 277.188 268.102 0.781297 292.858 268.078 0.712707 290.276 322.861 0.784924 294.134 372.519 0.796267 264.111 269.371 0.720976 265.368 326.761 0.822911 265.422 377.684 0.822041 0 0 0 0 0 0 287.602 172.848 0.7585 265.472 175.4 0.723111 264.156 379.011 0.502338 256.376 380.273 0.654328 265.473 381.668 0.844694 288.922 372.506 0.502593 296.773 375.063 0.534684 294.142 380.326 0.781964 
0 0 0 277.162 202.765 0.945015 298.134 202.774 0.895465 309.843 235.443 0.916345 308.54 266.721 0.853164 255.008 202.726 0.892106 244.513 236.722 0.846391 241.98 266.77 0.772988 277.183 268.071 0.790318 292.857 268.046 0.723467 290.271 321.602 0.786638 294.132 372.523 0.794784 264.099 268.088 0.717376 265.368 325.507 0.815729 265.422 377.685 0.821841 0 0 0 0 0 0 287.611 172.846 0.767103 265.475 175.396 0.730331 264.162 379.009 0.498776 256.376 380.269 0.648 265.469 381.67 0.841775 288.924 372.502 0.501066 296.775 375.059 0.533205 294.14 380.329 0.778144 
0 0 0 277.153 202.757 0.945692 298.123 202.771 0.89756 309.815 235.475 0.892295 305.871 260.236 0.69273 255.001 201.508 0.88921 244.511 235.498 0.864488 244.515 268.058 0.829776 277.178 268.077 0.790475 291.565 268.053 0.722323 290.26 321.606 0.78604 294.134 372.523 0.795615 264.106 268.098 0.720824 264.173 326.758 0.817774 265.422 377.687 0.822871 0 0 0 0 0 0 287.605 172.847 0.759727 265.476 175.388 0.72864 264.153 379.01 0.499485 256.373 380.272 0.65242 265.473 381.671 0.839889 287.689 372.502 0.499252 296.761 373.808 0.527358 294.145 380.329 0.781078 
0 0 0 275.948 202.747 0.946344 298.09 202.761 0.900616 309.81 235.465 0.927524 298.104 256.302 0.724264 255 201.482 0.886908 244.521 234.164 0.888391 244.587 262.863 0.808274 277.162 269.355 0.779635 291.533 268.082 0.717155 290.252 322.882 0.786824 294.133 372.525 0.796171 262.858 269.37 0.711213 264.174 326.765 0.823029 265.421 377.687 0.823275 0 0 0 0 0 0 287.63 172.831 0.789171 265.5 174.13 0.758045 264.158 379.01 0.499095 256.375 380.271 0.650174 265.47 381.671 0.84076 288.921 372.503 0.499294 296.773 375.06 0.5303 294.144 380.33 0.780972 
0 0 0 277.14 202.751 0.946124 298.104 202.758 0.900022 308.596 235.425 0.954673 296.774 253.679 0.677735 255.003 201.49 0.889003 244.516 235.414 0.89685 245.908 265.415 0.824769 277.142 269.35 0.781653 290.276 268.078 0.718886 290.245 324.17 0.792409 294.129 372.524 0.798478 262.83 269.367 0.706294 265.364 326.767 0.827591 265.42 377.69 0.82341 0 0 0 0 0 0 287.632 172.838 0.803837 265.503 174.133 0.754161 264.164 379.009 0.495782 256.376 380.271 0.643241 265.466 381.672 0.840337 288.931 372.507 0.505155 296.772 375.063 0.540444 294.142 380.328 0.780859 
0 0 0 277.14 202.751 0.946124 298.104 202.758 0.900022 308.596 235.425 0.954673 296.774 253.679 0.677736 255.003 201.49 0.889003 244.516 235.414 0.89685 245.908 265.415 0.82477 277.142 269.35 0.781653 290.276 268.078 0.718887 290.245 324.17 0.792407 294.129 372.524 0.798501 262.83 269.367 0.706295 265.363 326.767 0.827589 265.42 377.69 0.823398 0 0 0 0 0 0 287.632 172.838 0.803837 265.503 174.133 0.754161 264.164 379.009 0.49581 256.376 380.271 0.643201 265.466 381.672 0.840232 288.931 372.507 0.505175 296.772 375.063 0.540426 294.142 380.328 0.780701 
0 0 0 277.151 202.752 0.944783 298.116 202.764 0.898506 309.832 235.441 0.922077 298.062 254.978 0.697425 255.009 201.484 0.891845 244.54 234.158 0.923044 245.844 264.167 0.83073 277.149 269.358 0.779533 290.276 268.089 0.717665 290.252 324.194 0.78919 294.131 372.525 0.797693 262.838 269.369 0.705584 264.172 326.782 0.831395 265.42 377.692 0.824104 0 0 0 0 0 0 287.67 172.855 0.796731 266.713 174.141 0.750036 264.16 379.009 0.494736 256.375 380.272 0.643918 265.468 381.672 0.839324 288.926 372.507 0.504976 296.77 375.062 0.53694 294.145 380.33 0.780046 
