288.947 210.627 0.810897 308.541 235.412 0.760347 308.495 234.116 0.634193 0 0 0 0 0 0 308.553 236.728 0.849946 309.84 275.949 0.887747 298.091 313.725 0.822475 309.829 305.914 0.624208 309.852 305.883 0.497916 307.263 359.36 0.649929 308.57 403.803 0.720276 308.581 307.201 0.735409 309.834 359.456 0.717943 312.449 414.266 0.770525 0 0 0 292.859 204.115 0.837361 0 0 0 303.325 206.699 0.8297 287.656 423.386 0.851922 296.731 427.275 0.778781 317.71 422.057 0.810916 290.275 411.646 0.504083 295.454 407.723 0.461278 316.311 410.3 0.268056 
288.96 209.347 0.801553 308.536 235.418 0.760348 308.501 234.116 0.63207 0 0 0 0 0 0 308.541 236.748 0.837561 309.835 277.154 0.884428 298.102 313.741 0.828447 309.842 305.919 0.630952 309.844 305.893 0.510583 307.229 358.132 0.663714 308.56 403.782 0.735693 309.833 307.204 0.734778 309.855 359.445 0.720562 312.451 414.262 0.772045 0 0 0 292.872 204.102 0.841997 0 0 0 304.58 206.721 0.831424 287.662 423.384 0.859604 296.737 427.274 0.786662 317.711 422.056 0.810813 290.275 411.622 0.516907 295.453 407.695 0.477264 315.06 410.283 0.271375 
288.95 210.641 0.780932 308.538 235.435 0.765403 308.534 234.133 0.63927 0 0 0 0 0 0 308.514 236.763 0.836826 309.832 277.167 0.88681 298.102 313.725 0.834202 309.843 305.924 0.630679 311.116 305.886 0.504874 307.245 358.134 0.661942 308.567 403.781 0.733565 309.81 307.212 0.738213 309.847 359.453 0.723475 312.449 414.264 0.772109 0 0 0 292.859 204.117 0.824818 0 0 0 303.29 206.715 0.836959 287.661 423.384 0.859333 296.735 427.275 0.786132 317.711 422.056 0.810294 290.276 411.618 0.518841 295.467 406.427 0.480075 316.311 409.038 0.271703 
288.987 209.343 0.712035 308.519 235.415 0.765174 307.244 234.119 0.629553 0 0 0 0 0 0 308.536 236.731 0.846007 309.854 275.942 0.876533 298.075 313.735 0.821718 309.84 305.885 0.6264 308.571 304.614 0.509419 307.221 358.134 0.649387 308.56 403.783 0.732222 309.869 307.173 0.723912 309.861 359.442 0.715179 312.45 414.262 0.771061 0 0 0 294.139 204.091 0.812323 0 0 0 302.006 206.702 0.834405 287.661 423.387 0.855383 296.74 427.278 0.784779 317.712 422.056 0.808712 290.275 411.633 0.511441 295.446 407.704 0.471665 315.062 410.283 0.268265 
287.707 209.33 0.784271 308.502 235.431 0.786093 307.257 234.134 0.66788 301.995 274.574 0.0917302 0 0 0 308.499 236.759 0.847433 309.832 275.949 0.913844 296.833 312.442 0.829357 309.834 304.607 0.634933 308.571 303.307 0.521067 307.217 358.096 0.651394 308.557 403.777 0.733921 309.849 305.921 0.737268 309.871 359.406 0.71216 312.452 414.258 0.773383 0 0 0 291.544 204.082 0.837649 0 0 0 300.711 205.444 0.846313 287.664 423.383 0.862516 296.741 427.273 0.789896 318.914 422.053 0.810615 290.272 411.62 0.513363 295.452 407.696 0.474272 315.054 409.034 0.264234 
287.691 209.346 0.806299 308.486 235.443 0.783749 307.224 234.152 0.674664 300.684 275.858 0.114524 290.248 298.121 0.250475 308.499 236.77 0.847072 309.842 277.16 0.911663 296.795 312.448 0.829657 309.807 304.611 0.640247 308.514 303.309 0.534135 307.196 358.103 0.658416 308.558 402.554 0.739595 309.847 305.926 0.74236 311.11 359.41 0.714372 312.45 414.26 0.774647 0 0 0 291.545 204.099 0.840805 0 0 0 302.016 205.462 0.832321 287.663 423.382 0.866339 296.741 427.274 0.793258 318.914 422.053 0.812818 290.272 411.615 0.518511 295.463 406.427 0.479753 315.053 409.023 0.265495 
287.666 210.614 0.826594 308.509 235.431 0.773645 308.504 234.132 0.656087 0 0 0 0 0 0 308.488 236.762 0.83809 309.824 275.946 0.91802 296.771 313.736 0.828153 309.832 305.881 0.6465 311.126 303.316 0.518794 308.571 356.832 0.623514 309.879 402.486 0.70617 308.569 307.184 0.76052 308.588 359.425 0.73614 311.131 414.26 0.77956 0 0 0 290.273 204.118 0.8465 0 0 0 303.286 205.461 0.8346 287.635 423.36 0.868645 295.479 427.286 0.781797 317.691 422.049 0.789428 291.567 409.022 0.566223 296.719 403.806 0.541933 317.69 405.104 0.289205 
287.662 210.645 0.833536 308.499 235.43 0.77362 307.257 234.148 0.657119 298.135 275.872 0.120911 288.966 298.092 0.243637 308.495 236.748 0.842681 309.817 275.944 0.917979 296.734 312.424 0.834367 309.837 304.615 0.637945 311.114 303.297 0.515668 308.565 356.805 0.620142 311.121 402.465 0.701224 308.593 305.932 0.751379 308.587 359.397 0.726612 311.119 414.265 0.776491 0 0 0 290.254 204.136 0.84906 0 0 0 303.275 205.449 0.840694 287.63 423.358 0.865933 295.47 427.288 0.777493 317.684 422.054 0.786174 291.57 409.002 0.573824 296.725 403.791 0.555087 318.937 403.826 0.299015 
287.661 211.912 0.842168 308.503 235.432 0.775819 307.253 234.149 0.661423 298.12 274.6 0.142321 288.965 296.808 0.247492 308.495 236.744 0.852069 309.819 277.155 0.915397 296.712 312.42 0.837723 309.854 304.605 0.663454 312.431 302.007 0.546249 309.839 356.819 0.62715 311.137 402.469 0.708738 308.575 305.931 0.763497 308.556 359.404 0.749982 311.118 414.266 0.779327 0 0 0 290.241 204.161 0.839442 0 0 0 302.012 205.456 0.839843 287.632 423.354 0.866945 295.465 427.284 0.776846 317.681 422.053 0.789035 291.577 407.732 0.586949 296.734 403.785 0.572092 318.946 403.837 0.30886 
287.647 211.917 0.874905 308.505 235.416 0.77606 308.488 234.124 0.648934 299.374 274.581 0.127349 288.982 296.798 0.236778 308.481 236.737 0.85394 309.825 277.144 0.916211 296.715 311.144 0.845117 309.856 304.608 0.665501 312.435 302.009 0.548493 309.842 356.829 0.627241 311.134 402.481 0.706348 308.574 307.158 0.765836 308.562 359.419 0.755391 311.113 414.273 0.778988 0 0 0 290.241 204.168 0.850401 0 0 0 303.303 205.454 0.846847 287.63 423.355 0.870412 295.463 427.287 0.780925 317.679 422.059 0.79361 291.562 408.994 0.583585 296.73 403.788 0.567186 318.942 405.1 0.302873 
287.654 211.935 0.881219 308.51 235.42 0.774328 308.513 234.13 0.646906 298.143 275.832 0.134169 288.979 296.807 0.247953 308.469 236.737 0.854909 309.822 275.951 0.917489 296.719 311.139 0.846815 309.863 305.869 0.668937 312.456 303.289 0.554185 311.146 356.834 0.63284 311.155 402.481 0.706961 308.563 307.174 0.765951 308.535 359.429 0.769748 311.11 414.274 0.77948 0 0 0 290.239 205.387 0.8458 0 0 0 303.3 205.464 0.842663 287.629 423.356 0.867441 295.456 427.288 0.77772 317.677 422.057 0.792702 291.565 408.99 0.590935 296.734 403.785 0.57728 318.956 405.096 0.31151 
287.647 211.957 0.8767 308.516 235.423 0.777969 308.55 234.14 0.647468 298.13 275.831 0.143876 288.974 296.802 0.252728 307.257 236.736 0.857877 309.817 277.138 0.919676 296.703 311.165 0.836464 311.113 304.617 0.677257 313.759 302.014 0.570625 312.422 356.831 0.642897 311.156 402.481 0.712459 308.561 307.167 0.765466 308.523 359.429 0.773481 311.109 414.274 0.780416 0 0 0 290.232 205.41 0.832224 0 0 0 303.277 206.705 0.834929 287.63 423.356 0.866839 295.453 427.288 0.77641 317.675 422.056 0.792791 291.573 407.729 0.598085 296.736 403.784 0.584753 318.955 405.1 0.31751 
287.632 211.905 0.856813 308.487 235.427 0.771476 308.491 234.15 0.652573 299.387 275.874 0.139149 288.973 296.788 0.275914 307.262 236.73 0.858169 309.822 275.945 0.93001 296.746 311.158 0.843132 309.83 304.618 0.650952 311.134 303.281 0.537297 309.839 356.831 0.629905 311.147 402.478 0.72077 308.552 307.168 0.763988 308.55 359.415 0.75871 311.116 414.272 0.782604 0 0 0 288.991 204.16 0.846259 0 0 0 300.713 205.466 0.839416 287.637 423.355 0.873901 295.464 427.286 0.783318 317.68 422.047 0.793887 291.578 407.731 0.604503 296.736 403.785 0.592359 318.969 405.104 0.326262 
287.631 211.936 0.878179 308.487 235.426 0.764164 308.482 234.154 0.637691 299.414 275.862 0.113553 0 0 0 308.467 236.715 0.86051 309.823 275.943 0.926657 296.776 311.148 0.84842 309.809 304.607 0.639579 309.859 302.015 0.52867 309.831 356.831 0.63547 311.146 402.48 0.718323 308.541 307.159 0.760554 308.549 359.417 0.760602 311.109 414.275 0.781454 0 0 0 288.996 205.394 0.841731 0 0 0 302.015 206.723 0.826317 287.636 423.356 0.871252 295.463 427.288 0.780383 317.675 422.051 0.793443 291.565 409.003 0.598612 296.731 403.798 0.579427 318.972 405.107 0.323875 
287.631 211.93 0.870398 308.468 235.427 0.769383 307.242 234.153 0.65263 299.424 275.873 0.116534 0 0 0 307.268 236.727 0.86262 309.828 275.951 0.92401 296.787 312.42 0.842469 308.584 304.603 0.633004 309.843 302.012 0.524179 309.819 356.813 0.625968 311.15 402.476 0.715755 308.535 305.931 0.756406 308.546 359.405 0.752412 311.11 414.274 0.781151 0 0 0 288.984 205.39 0.842074 0 0 0 300.71 206.719 0.835085 287.634 423.356 0.871208 295.462 427.288 0.780098 317.677 422.05 0.793205 291.566 409.004 0.597165 296.729 403.797 0.577601 318.976 405.101 0.322882 
287.634 211.925 0.837075 307.252 235.441 0.762919 307.206 234.162 0.655862 302.001 275.855 0.102981 0 0 0 307.26 236.741 0.85644 309.81 275.942 0.921545 296.819 313.721 0.829235 308.581 305.881 0.633224 311.116 303.297 0.509425 309.828 358.092 0.623387 311.144 402.485 0.709277 308.516 307.191 0.748205 308.542 359.451 0.761033 311.109 414.28 0.777812 0 0 0 288.989 204.184 0.82647 0 0 0 300.69 206.749 0.833451 287.632 423.361 0.867193 295.464 427.293 0.777689 317.678 422.054 0.789848 291.566 409.021 0.586497 296.722 403.807 0.56274 318.972 405.106 0.315693 
287.636 211.926 0.836583 307.25 235.438 0.763109 307.193 234.161 0.656166 303.305 274.599 0.0907039 0 0 0 307.268 236.738 0.857999 309.817 277.144 0.909349 296.826 312.459 0.833033 308.584 305.871 0.626066 311.122 303.288 0.503316 309.839 358.094 0.621974 311.154 402.481 0.704666 308.513 307.181 0.743745 308.545 359.449 0.760114 309.879 414.28 0.778165 0 0 0 288.99 204.184 0.825692 0 0 0 300.69 206.749 0.833052 287.63 423.361 0.864787 295.463 427.292 0.776612 317.676 422.052 0.789045 291.57 409.017 0.581077 296.722 403.802 0.559754 318.98 405.101 0.315447 
287.594 211.894 0.853194 307.228 235.43 0.765269 305.93 234.158 0.656328 299.393 275.9 0.117834 288.959 299.374 0.232299 308.465 236.718 0.871337 309.808 277.151 0.921394 298.038 313.759 0.823584 308.545 304.618 0.610051 308.543 303.301 0.492616 308.535 358.085 0.609849 311.131 402.483 0.693671 308.531 307.161 0.735928 308.579 359.445 0.728977 311.11 414.273 0.775576 0 0 0 288.941 204.155 0.86394 0 0 0 299.416 206.705 0.854307 287.632 423.358 0.866003 295.473 427.288 0.778705 317.679 422.051 0.788637 291.577 409.03 0.56002 295.493 403.817 0.536025 318.967 405.102 0.297471 
287.594 210.645 0.831312 307.219 235.42 0.765203 305.906 234.151 0.655261 300.698 275.833 0.094992 0 0 0 308.476 235.492 0.882962 309.81 275.944 0.924321 298.058 315.05 0.83243 308.509 304.59 0.613512 308.485 303.282 0.502771 308.512 356.824 0.620205 311.124 402.474 0.697715 308.516 305.908 0.732778 308.581 359.444 0.725962 309.88 414.276 0.777188 0 0 0 288.938 204.142 0.861657 0 0 0 299.391 206.722 0.857197 287.631 423.36 0.867432 295.474 427.289 0.781564 317.679 422.048 0.789445 291.573 409.032 0.567415 295.486 403.819 0.540762 318.967 405.091 0.302223 
286.343 211.942 0.885115 307.206 235.419 0.769159 305.87 234.169 0.645886 300.727 275.854 0.0983294 0 0 0 308.486 235.469 0.900032 309.816 275.94 0.92708 298.1 313.735 0.833948 308.484 304.599 0.636505 307.182 303.299 0.537682 307.196 358.078 0.667778 309.846 402.475 0.745697 308.545 305.907 0.7447 309.836 359.417 0.719347 311.139 414.272 0.776996 0 0 0 287.659 205.399 0.901397 0 0 0 299.38 206.714 0.858286 287.65 423.366 0.86715 296.712 427.293 0.778718 317.694 422.047 0.791094 291.574 409.005 0.614253 295.483 403.806 0.605725 317.687 403.836 0.326779 
286.314 211.917 0.873466 307.198 235.422 0.768346 305.871 234.163 0.649209 301.997 274.577 0.0849994 0 0 0 308.466 235.487 0.889054 309.826 277.141 0.920965 298.106 313.728 0.835928 308.48 304.621 0.630079 307.205 303.319 0.522809 307.206 358.082 0.655543 309.874 402.469 0.731829 308.511 305.931 0.750553 308.589 359.432 0.722186 312.423 414.253 0.772316 0 0 0 287.643 204.174 0.906773 0 0 0 298.156 206.706 0.864228 287.666 423.365 0.850824 296.723 427.288 0.766911 318.917 422.03 0.778733 292.843 409.011 0.635256 295.49 403.814 0.619211 318.929 403.828 0.321318 
286.299 211.914 0.872431 307.191 235.466 0.765668 305.868 235.387 0.659245 299.404 275.876 0.121751 290.265 300.71 0.179252 307.255 236.762 0.870945 309.827 277.158 0.912649 298.11 315.037 0.83754 307.258 305.886 0.63731 307.193 304.597 0.521179 307.168 358.109 0.65425 309.852 402.478 0.735142 308.49 307.177 0.75156 308.566 359.422 0.723354 313.742 414.219 0.776668 0 0 0 287.629 204.173 0.910935 0 0 0 298.149 206.74 0.860387 287.693 423.386 0.837459 296.769 427.284 0.766378 318.962 422.01 0.783212 291.577 411.594 0.549973 295.466 406.413 0.50956 317.669 403.824 0.295343 
286.294 210.657 0.852242 307.209 235.475 0.757976 307.169 235.379 0.651344 302 274.574 0.087267 0 0 0 307.202 236.784 0.847788 309.829 275.932 0.909551 298.116 312.436 0.842045 308.517 305.877 0.650244 308.544 304.582 0.521537 307.253 356.82 0.648969 311.123 402.483 0.728674 308.472 307.177 0.749467 308.499 359.425 0.755799 313.746 414.225 0.778808 0 0 0 287.632 204.155 0.90941 0 0 0 298.13 208.015 0.860214 287.693 423.378 0.832754 296.756 427.275 0.76673 318.968 422.015 0.789702 291.573 410.346 0.564377 295.479 406.394 0.521274 318.942 403.82 0.306245 
283.741 209.334 0.807325 305.879 235.487 0.647984 304.607 234.173 0.568783 0 0 0 0 0 0 305.889 238.044 0.817893 308.566 277.145 0.92419 298.106 313.735 0.82887 308.545 305.887 0.653576 309.827 304.59 0.516525 307.165 355.512 0.671222 312.454 401.226 0.695897 308.482 307.181 0.750297 307.175 359.377 0.762875 313.719 414.242 0.772722 0 0 0 286.365 204.104 0.920193 0 0 0 298.034 208.008 0.873652 287.671 423.364 0.822504 295.492 427.294 0.740577 318.948 422.012 0.777248 292.877 409.008 0.588644 296.766 403.803 0.57058 320.29 402.527 0.340697 
282.41 210.638 0.804477 303.321 236.732 0.647604 302.011 235.398 0.591803 0 0 0 0 0 0 304.58 239.346 0.789208 308.547 275.949 0.912462 298.116 315.032 0.813952 309.818 305.915 0.673056 312.429 304.612 0.533992 303.318 354.206 0.672129 311.153 402.457 0.729777 308.525 307.198 0.754756 304.586 358.102 0.734064 312.444 414.265 0.775845 0 0 0 286.31 204.146 0.904186 0 0 0 296.797 209.307 0.87966 287.668 423.379 0.834883 295.486 427.317 0.751567 318.953 422.007 0.791591 292.853 409.005 0.644028 296.735 403.803 0.622227 320.258 403.783 0.357623 
279.827 211.933 0.843196 300.72 236.714 0.68919 300.672 235.389 0.65332 296.783 275.883 0.256551 288.948 295.471 0.482462 302.004 239.347 0.7817 307.277 277.185 0.926073 298.055 317.617 0.815293 309.821 304.608 0.668471 309.825 303.29 0.548759 298.066 351.575 0.738041 308.583 401.219 0.750318 309.83 305.924 0.73173 299.372 351.628 0.764268 311.162 412.998 0.784698 0 0 0 286.255 205.413 0.865706 0 0 0 296.74 210.623 0.885841 287.658 423.367 0.848904 295.494 427.282 0.757649 318.923 420.776 0.765378 290.27 410.313 0.621734 295.444 405.09 0.568554 317.661 402.513 0.345996 
277.234 213.275 0.906035 298.098 241.94 0.745049 298.055 238.074 0.656719 296.778 277.211 0.387745 287.688 296.781 0.710972 298.116 243.258 0.869092 307.235 279.813 0.875742 296.775 320.289 0.830064 311.146 307.204 0.705452 309.824 307.158 0.600195 296.786 351.64 0.75431 309.862 401.194 0.741455 315.037 307.261 0.75754 292.849 354.197 0.751007 308.585 414.279 0.794162 0 0 0 281.128 209.335 0.789985 0 0 0 292.88 213.188 0.873821 286.373 423.383 0.804686 294.141 427.306 0.716268 317.608 422.028 0.783595 290.268 410.305 0.602452 294.158 405.097 0.548583 318.957 402.495 0.444589 
277.156 214.578 0.900116 296.827 244.568 0.804989 295.487 244.509 0.67361 298.112 279.82 0.168366 287.688 298.033 0.553668 298.099 244.62 0.890357 307.17 285.025 0.885196 295.444 322.888 0.807849 311.163 307.267 0.710719 311.118 307.224 0.595656 295.465 352.922 0.728497 309.842 401.176 0.750324 315.04 308.526 0.765122 287.694 358.068 0.836566 308.578 414.225 0.81054 0 0 0 278.542 213.167 0.855328 0 0 0 288.984 214.551 0.897925 286.369 423.374 0.831816 294.167 427.3 0.74886 317.646 420.747 0.783305 290.252 409.007 0.562147 292.858 403.824 0.512736 318.967 402.472 0.468394 
275.927 217.18 0.857482 298.043 245.828 0.801158 298.059 244.552 0.687411 299.377 283.734 0.109822 287.669 298.125 0.349109 296.792 245.935 0.86774 305.863 286.325 0.899974 288.946 320.271 0.849148 312.439 308.565 0.711105 315.052 308.503 0.6079 292.872 354.211 0.706937 311.13 401.214 0.7597 311.152 309.864 0.726367 287.611 359.429 0.888954 308.555 414.244 0.814283 0 0 0 277.277 213.298 0.898496 0 0 0 288.921 215.89 0.872231 286.358 423.376 0.840739 294.164 427.296 0.765966 317.628 420.749 0.7911 290.247 410.296 0.519866 291.566 406.396 0.461566 319.01 402.5 0.500093 
275.879 219.767 0.818971 296.809 245.92 0.73832 296.787 245.863 0.633947 296.806 285.032 0.102787 286.364 308.546 0.102277 296.776 247.209 0.857589 303.281 286.391 0.880733 283.744 317.644 0.853397 309.82 309.867 0.734913 309.85 309.827 0.616101 290.248 356.81 0.736754 311.135 402.456 0.748753 309.822 312.417 0.748159 286.326 360.677 0.862345 308.528 414.258 0.816235 0 0 0 277.233 214.541 0.886868 0 0 0 287.639 218.475 0.857581 286.352 423.4 0.825124 294.146 427.304 0.751592 317.595 420.741 0.795778 290.236 411.58 0.460843 291.551 407.731 0.396595 319.008 402.541 0.517697 
274.551 218.446 0.803937 296.712 245.891 0.760038 296.784 244.568 0.658951 295.472 281.12 0.0934034 278.54 292.852 0.0897939 294.137 249.777 0.789393 296.747 286.376 0.919705 266.748 305.897 0.886523 308.556 311.121 0.761542 311.147 309.815 0.629326 291.561 358.124 0.777367 312.417 401.227 0.753973 308.479 313.729 0.760816 285.005 360.706 0.83743 307.266 414.269 0.830694 0 0 0 277.137 214.513 0.910424 0 0 0 286.348 219.751 0.867216 286.272 423.433 0.851831 291.573 428.589 0.780082 316.331 420.756 0.806539 288.982 411.61 0.313876 288.975 410.301 0.27153 320.246 402.526 0.573773 
273.263 215.88 0.78937 294.141 244.6 0.697065 294.158 244.517 0.582623 295.459 277.23 0.0725834 0 0 0 291.546 245.875 0.820181 295.459 284.997 0.885079 260.211 295.429 0.825105 308.53 308.562 0.792898 309.846 308.521 0.659976 294.138 356.803 0.788142 316.3 401.197 0.807369 307.255 309.827 0.796241 281.122 359.429 0.837088 307.154 412.908 0.858738 0 0 0 275.9 213.26 0.896657 0 0 0 286.315 215.896 0.898619 283.724 423.417 0.798202 288.975 427.273 0.8067 313.744 416.833 0.779886 294.165 403.811 0.116453 294.159 402.47 0.113935 320.27 402.548 0.718627 
270.668 214.492 0.834421 294.135 239.361 0.694548 295.465 235.495 0.641598 298.091 273.293 0.0732485 268.083 277.211 0.0553174 288.997 244.501 0.835557 287.697 278.55 0.879492 256.361 285.011 0.870088 308.485 307.169 0.805426 309.858 305.896 0.66147 296.721 352.901 0.838449 315.053 401.159 0.805224 307.157 307.232 0.800413 278.531 355.505 0.809088 300.686 406.399 0.767091 0 0 0 275.82 210.628 0.832583 0 0 0 285.027 213.278 0.92311 283.7 423.424 0.807796 288.978 424.662 0.832662 308.54 411.575 0.761883 0 0 0 0 0 0 319.023 402.557 0.771986 
266.763 205.407 0.880641 287.646 234.087 0.80581 292.836 232.776 0.675166 285.028 265.452 0.173999 260.227 261.558 0.22954 286.272 235.38 0.871765 278.513 274.549 0.868762 252.414 266.701 0.891611 307.209 298.049 0.815439 313.736 296.75 0.705703 308.508 347.693 0.866826 317.59 395.963 0.840803 299.419 299.366 0.754845 277.203 350.237 0.912179 288.931 403.835 0.84521 0 0 0 269.376 202.795 0.865108 0 0 0 278.529 205.398 0.885132 266.794 414.229 0.789401 274.597 415.575 0.844009 295.481 410.306 0.797692 299.415 401.17 0.458513 304.614 398.568 0.37555 318.944 401.242 0.90666 
262.816 204.109 0.854039 285.043 230.232 0.766388 287.638 226.339 0.720333 271.98 258.92 0.286974 253.709 255.036 0.539567 279.801 234.055 0.827019 274.612 269.343 0.881507 251.076 257.654 0.800494 305.879 294.155 0.748098 309.839 290.253 0.68085 309.84 342.464 0.818033 328.14 390.737 0.887292 298.075 296.735 0.783988 275.911 348.95 0.878219 271.988 402.558 0.829504 0 0 0 265.463 201.504 0.88169 0 0 0 275.915 204.111 0.942501 248.476 411.676 0.797494 255.041 414.229 0.836725 277.176 410.334 0.790923 308.561 401.155 0.756003 313.72 398.571 0.646742 332.05 393.41 0.762909 
260.23 204.178 0.85559 283.723 232.817 0.752072 285.046 230.225 0.656451 266.801 264.132 0.41759 245.9 253.693 0.584461 278.546 234.107 0.843211 269.381 271.955 0.838368 245.876 256.292 0.874535 300.706 296.741 0.761987 307.251 295.436 0.711628 311.121 342.477 0.801698 338.53 389.464 0.862847 296.776 296.824 0.777667 274.552 348.95 0.846427 265.492 405.122 0.87165 0 0 0 265.398 202.78 0.900313 0 0 0 275.87 205.418 0.90844 244.502 412.923 0.7847 247.223 415.542 0.782887 268.111 411.66 0.809544 320.305 402.515 0.782069 326.748 401.207 0.715103 342.48 392.077 0.808673 
258.944 214.577 0.834831 281.096 240.673 0.755857 283.725 238.033 0.678598 264.159 270.691 0.390324 244.593 255.009 0.506584 277.236 243.279 0.865204 265.409 278.508 0.925553 244.511 256.271 0.859464 298.125 305.909 0.786183 307.174 303.285 0.703271 313.725 348.992 0.869377 351.589 385.521 0.818394 294.148 307.225 0.760726 262.825 350.356 0.821452 265.406 410.337 0.85332 0 0 0 264.138 211.951 0.839455 0 0 0 274.559 214.494 0.900536 241.934 413.009 0.767664 245.863 419.434 0.808213 268.107 414.223 0.796728 341.179 402.538 0.805739 345.057 401.239 0.738214 359.463 389.399 0.837166 
257.605 222.376 0.858182 278.514 245.884 0.831427 278.486 244.61 0.771149 262.839 275.893 0.463419 244.615 256.367 0.587573 278.484 247.198 0.835026 264.107 286.338 0.917767 244.528 258.917 0.828825 296.821 309.862 0.796572 304.622 308.525 0.737149 316.324 351.612 0.844223 358.08 388.117 0.819433 290.239 313.759 0.724244 256.304 354.212 0.861649 265.415 411.574 0.877816 0 0 0 261.554 215.862 0.806917 0 0 0 273.25 221.086 0.821735 241.932 414.228 0.797577 245.843 419.45 0.841776 269.373 414.271 0.788828 347.648 402.542 0.779176 348.984 402.452 0.739399 362.06 389.466 0.844455 
256.342 226.311 0.894641 277.211 254.955 0.837243 275.913 253.691 0.733518 257.646 286.298 0.478963 244.55 262.826 0.551785 278.48 255.006 0.878396 260.238 290.251 0.829097 244.511 264.104 0.786219 298.04 317.668 0.81989 305.872 316.375 0.717797 316.303 359.406 0.857563 359.415 389.451 0.863641 291.55 318.955 0.751608 253.69 356.787 0.833421 265.392 411.588 0.87734 0 0 0 258.935 223.687 0.862556 0 0 0 269.366 225.051 0.853247 240.663 413.005 0.802451 244.622 419.438 0.841417 269.358 414.249 0.806283 348.944 402.522 0.78052 350.266 401.225 0.728125 367.225 390.762 0.787037 
256.269 234.111 0.887721 277.143 258.909 0.829009 275.86 256.348 0.770598 256.341 290.239 0.567351 244.562 266.735 0.681781 277.195 262.814 0.843785 257.639 298.063 0.904739 244.518 266.824 0.78705 298.063 321.564 0.786723 304.596 320.246 0.691687 311.155 367.257 0.823218 359.471 390.749 0.89125 294.177 322.901 0.717134 248.469 358.105 0.845812 265.38 411.59 0.865471 0 0 0 257.617 228.927 0.78735 0 0 0 266.796 234.089 0.905017 241.93 413.002 0.800008 245.838 419.435 0.832377 269.371 414.249 0.791367 348.944 403.775 0.8555 350.244 402.443 0.801243 368.558 392.019 0.828149 
254.954 247.203 0.811571 275.895 273.252 0.80855 275.878 268.105 0.712631 256.294 299.407 0.534843 244.577 277.228 0.681862 275.891 274.609 0.864895 256.32 309.85 0.909461 244.591 282.411 0.801531 298.111 330.693 0.788372 303.277 329.431 0.66679 307.199 378.979 0.89641 359.381 390.772 0.878785 296.788 330.747 0.754948 245.872 359.395 0.934153 265.389 411.601 0.876738 0 0 0 255.063 244.547 0.862406 0 0 0 265.428 245.898 0.90367 241.937 414.227 0.821635 245.852 419.465 0.852759 269.383 414.227 0.803369 348.945 403.804 0.850527 349.018 402.464 0.783418 365.962 390.767 0.809077 
253.658 254.939 0.845572 275.885 275.937 0.856636 275.849 274.545 0.685468 258.927 303.281 0.403502 245.859 282.432 0.616928 275.878 278.515 0.839481 256.341 317.671 0.964228 244.596 287.637 0.879654 298.132 338.507 0.795362 304.589 337.26 0.660276 303.309 381.594 0.882222 358.09 390.734 0.847906 296.782 338.539 0.786159 245.854 359.46 0.943915 265.384 411.59 0.86572 0 0 0 255.001 248.479 0.864022 0 0 0 265.397 253.715 0.900251 241.935 414.225 0.814062 245.849 419.462 0.846343 269.381 414.225 0.803766 348.962 405.101 0.83084 349.021 402.522 0.782695 363.371 389.466 0.77733 
251.108 257.619 0.822435 277.167 279.832 0.823828 279.833 277.192 0.720407 266.724 307.221 0.191468 252.404 287.605 0.299424 274.588 286.27 0.856252 256.299 321.603 0.924261 244.551 290.231 0.866651 298.119 341.138 0.785509 305.918 339.882 0.709895 299.423 388.103 0.824791 355.481 390.699 0.82065 295.444 341.162 0.751457 245.826 360.697 0.94291 265.385 411.599 0.868201 0 0 0 254.964 255.009 0.894492 0 0 0 264.165 257.598 0.893186 241.934 414.237 0.8139 245.852 419.469 0.854508 269.397 414.239 0.822258 348.937 405.139 0.81684 348.957 402.56 0.755495 360.787 388.117 0.785735 
251.074 274.592 0.843302 277.15 291.569 0.82019 278.521 287.625 0.708751 266.767 316.339 0.249482 248.511 299.428 0.277068 274.608 296.766 0.875495 256.36 335.897 0.913629 244.606 303.324 0.864611 299.375 350.347 0.77203 305.904 350.298 0.676848 298.127 394.697 0.843056 349.032 390.692 0.851151 296.775 351.625 0.759122 244.555 360.75 0.903062 265.394 411.603 0.867732 0 0 0 253.691 268.088 0.855235 0 0 0 264.127 271.956 0.861366 241.938 414.242 0.811741 245.873 419.474 0.84533 270.654 414.244 0.788963 348.998 405.129 0.777436 348.955 403.783 0.722441 358.114 384.198 0.764251 
249.795 275.928 0.848007 275.945 295.494 0.846251 277.233 288.972 0.689142 264.135 318.985 0.246524 245.934 304.591 0.294139 275.861 298.102 0.855451 257.617 338.491 0.938815 245.827 307.245 0.912134 299.397 354.208 0.731604 305.873 351.634 0.633104 298.127 399.868 0.858462 349.016 390.678 0.853495 298.056 356.783 0.732443 244.563 360.763 0.897648 265.396 411.612 0.871329 0 0 0 253.661 273.252 0.810673 0 0 0 262.844 274.594 0.879092 241.944 414.242 0.81875 245.874 419.474 0.849074 270.658 414.234 0.803336 350.24 405.093 0.745724 348.983 402.551 0.691699 356.828 382.916 0.752371 
247.229 277.21 0.886237 275.934 298.05 0.871387 277.226 295.46 0.702537 264.148 328.048 0.260527 247.221 307.23 0.285783 275.841 300.689 0.835691 257.615 339.805 0.938951 245.842 308.561 0.916227 300.68 356.828 0.735559 305.933 355.502 0.642591 298.142 401.13 0.88248 348.97 390.674 0.863328 298.075 358.115 0.752309 244.618 360.744 0.896347 265.388 411.619 0.874669 0 0 0 251.111 274.606 0.855202 0 0 0 262.823 275.915 0.91606 241.948 414.235 0.826547 245.862 419.47 0.856434 269.396 414.232 0.816467 350.269 406.393 0.780418 349.014 403.808 0.719645 355.511 381.673 0.765453 
247.198 279.81 0.863569 277.146 299.414 0.853887 279.791 298.038 0.750429 266.734 325.505 0.249204 249.787 308.52 0.280543 274.567 304.629 0.837312 256.358 339.911 0.936261 244.609 309.86 0.885362 302.005 359.397 0.771641 308.478 358.119 0.694341 298.118 401.154 0.895462 347.67 389.467 0.848207 298.062 359.446 0.773197 244.611 360.754 0.88963 265.398 411.614 0.878089 0 0 0 251.084 275.952 0.879233 0 0 0 262.842 277.251 0.90052 241.955 414.232 0.81489 245.871 419.475 0.846613 270.658 414.238 0.813587 350.243 405.139 0.764124 348.995 403.801 0.699088 351.628 381.654 0.780132 
247.215 279.811 0.860844 275.945 299.404 0.845481 278.538 298.035 0.742261 266.764 326.761 0.17327 249.79 308.549 0.183834 274.554 304.605 0.830868 256.359 341.129 0.924882 245.817 311.133 0.879171 302.011 359.41 0.772677 308.49 358.137 0.705134 298.124 401.156 0.89298 347.658 390.699 0.861181 298.054 359.456 0.774135 244.616 360.755 0.889391 265.398 411.614 0.878365 0 0 0 251.105 275.95 0.879177 0 0 0 262.844 277.259 0.894714 241.955 414.233 0.814382 245.87 419.475 0.847232 270.657 414.239 0.812859 350.25 405.128 0.766811 349.016 403.801 0.693595 351.607 382.918 0.781892 
247.199 278.53 0.872551 275.943 299.365 0.876917 279.807 296.765 0.754841 268.065 325.465 0.185038 251.094 308.546 0.19922 273.274 304.615 0.823215 256.365 339.914 0.931358 245.824 312.432 0.868675 302 359.375 0.765519 308.5 358.084 0.697216 298.145 401.175 0.887406 347.656 390.704 0.86959 296.808 359.435 0.76584 244.607 360.739 0.889318 265.39 411.618 0.876141 0 0 0 251.103 275.917 0.877672 0 0 0 262.852 277.242 0.899234 241.95 414.22 0.811477 245.853 419.465 0.846469 269.386 414.239 0.814173 350.276 406.392 0.785296 350.264 403.817 0.716663 351.594 382.922 0.788651 
247.182 277.205 0.906219 275.936 298.069 0.885934 279.795 295.491 0.731718 265.461 328.102 0.186485 249.785 308.52 0.223671 273.293 300.705 0.81256 256.354 339.818 0.960876 245.819 309.822 0.891498 301.988 358.1 0.748655 308.481 356.794 0.692471 298.139 401.138 0.885777 347.701 390.744 0.883056 296.815 359.36 0.761266 244.608 360.734 0.89245 265.386 411.615 0.87461 0 0 0 249.809 274.598 0.858487 0 0 0 261.548 275.943 0.905329 241.943 414.223 0.809454 245.851 419.467 0.852021 269.382 414.228 0.821501 350.267 405.139 0.724462 350.26 403.812 0.653016 352.901 384.216 0.781197 
252.388 275.826 0.839942 275.945 294.141 0.84144 281.101 287.685 0.729431 266.801 317.685 0.218161 248.503 303.289 0.278742 273.272 296.792 0.864543 256.301 333.34 0.928988 245.854 305.932 0.897171 300.674 350.311 0.774993 307.235 350.254 0.7358 298.12 394.679 0.858738 349.032 390.756 0.897123 296.773 351.584 0.766184 244.624 360.734 0.911834 265.382 411.615 0.875432 0 0 0 254.936 268.11 0.853134 0 0 0 264.126 272 0.866028 241.946 414.223 0.808267 245.849 419.466 0.848801 269.37 414.245 0.819756 350.262 407.722 0.793034 350.242 405.113 0.723004 358.094 385.541 0.806845 
251.079 268.089 0.830724 277.162 288.967 0.8891 282.421 286.298 0.740267 270.672 313.748 0.207695 251.094 299.396 0.26978 271.973 296.704 0.841734 256.286 330.685 0.977451 245.834 303.28 0.84923 299.433 349.017 0.789856 308.471 348.965 0.755484 298.127 392.106 0.910726 350.293 390.764 0.898893 295.484 350.266 0.774736 245.828 360.74 0.911919 265.395 411.616 0.88263 0 0 0 254.94 265.477 0.902713 0 0 0 265.383 266.822 0.915446 241.965 413.002 0.810161 245.852 419.453 0.844293 269.392 414.254 0.825219 350.253 409.008 0.861461 349.017 406.39 0.773594 359.385 386.828 0.818159 
253.709 265.479 0.871878 277.158 286.353 0.89046 279.836 282.411 0.688564 266.785 311.125 0.243696 248.465 294.182 0.356064 274.574 288.94 0.838962 256.259 326.781 0.959315 244.589 295.457 0.844923 299.4 347.671 0.77106 307.209 346.39 0.695922 299.419 392.033 0.89342 351.576 390.808 0.885199 296.721 348.914 0.756907 245.835 360.699 0.927406 265.391 411.596 0.871586 0 0 0 255.029 261.551 0.861317 0 0 0 265.399 265.391 0.923234 241.942 413.01 0.81562 245.852 419.449 0.844529 269.402 414.241 0.823526 350.263 407.737 0.850241 350.25 405.115 0.771951 359.454 389.418 0.852531 
254.947 255.054 0.905261 277.164 277.208 0.875758 279.827 274.587 0.718988 262.848 303.285 0.355757 245.926 285.026 0.540969 274.585 281.13 0.802046 254.98 316.37 0.928113 244.57 286.308 0.867079 298.124 338.56 0.807461 305.922 338.529 0.726239 299.417 388.107 0.827365 356.81 392.051 0.850159 295.443 338.594 0.773449 245.844 359.44 0.938941 265.381 411.611 0.867974 0 0 0 256.258 252.393 0.872759 0 0 0 265.464 255.017 0.935501 241.945 414.22 0.804652 245.849 419.46 0.841095 269.401 414.256 0.809105 350.235 407.695 0.798391 350.307 403.811 0.730305 362.05 390.766 0.830877 
255.013 249.784 0.837608 275.931 274.566 0.846967 281.113 268.089 0.715441 257.659 296.782 0.310983 245.899 277.246 0.570087 273.279 275.926 0.853528 253.709 308.596 0.905895 244.524 281.09 0.842468 298.131 335.931 0.763063 307.176 334.612 0.689153 300.723 381.64 0.875752 355.514 392.035 0.844422 294.177 337.212 0.740109 245.87 359.375 0.921602 265.39 411.602 0.86773 0 0 0 256.338 245.852 0.904084 0 0 0 266.713 249.797 0.863298 241.937 414.229 0.81249 245.851 419.459 0.847189 270.661 414.266 0.803968 350.252 407.714 0.771043 350.342 403.842 0.69677 362.038 390.774 0.848082 
256.279 238.034 0.840041 275.929 261.534 0.80255 278.529 257.646 0.71069 256.282 287.632 0.35301 244.528 266.789 0.49708 273.286 264.123 0.825358 248.5 296.75 0.8913 243.222 266.747 0.849715 296.778 326.747 0.781668 302.012 324.175 0.645434 304.62 371.237 0.87138 356.807 392.025 0.851388 290.273 326.809 0.74251 245.918 358.124 0.890176 264.168 410.333 0.849274 0 0 0 257.612 234.164 0.86406 0 0 0 266.801 236.738 0.87468 240.643 414.241 0.787416 245.837 419.448 0.837067 269.374 413.004 0.816218 348.978 406.398 0.807861 350.273 403.786 0.737903 362.087 392.042 0.833699 
256.285 232.78 0.825053 275.904 254.986 0.809058 277.215 252.416 0.637572 253.708 278.539 0.349647 244.52 257.657 0.429809 274.538 255.057 0.847517 248.495 287.596 0.893596 243.232 257.67 0.802065 291.576 318.959 0.756273 288.939 318.961 0.65317 247.194 355.508 0.661908 265.406 410.293 0.679373 295.45 318.981 0.749885 307.16 368.535 0.673273 352.885 390.693 0.528423 0 0 0 257.63 225.064 0.812773 0 0 0 266.786 230.208 0.841545 350.241 405.087 0.546253 354.189 402.551 0.518962 360.687 389.466 0.533917 241.93 416.853 0.644837 243.273 413.004 0.634415 269.351 412.98 0.587098 
256.331 214.52 0.821679 275.889 236.739 0.814025 278.523 235.428 0.734307 260.226 258.945 0.243441 245.852 245.891 0.356449 270.686 239.338 0.795272 252.372 269.401 0.850433 241.927 245.866 0.819346 288.984 304.62 0.746969 298.06 300.699 0.726315 307.263 348.94 0.883312 345.054 384.233 0.785127 283.731 307.201 0.745988 256.371 351.62 0.852104 264.161 410.321 0.850592 0 0 0 258.905 211.902 0.74743 0 0 0 266.82 213.3 0.881584 239.341 414.224 0.796041 244.593 419.433 0.841179 268.104 412.997 0.819772 341.183 403.787 0.570028 348.964 401.22 0.542584 350.334 388.139 0.779707 
256.318 205.435 0.814272 275.892 231.529 0.831903 279.813 228.916 0.726697 257.637 253.699 0.309158 244.546 238.065 0.493916 269.397 232.836 0.843118 252.366 265.397 0.897603 235.504 238.066 0.817182 288.966 296.814 0.775056 298.052 295.458 0.748302 307.218 339.867 0.875179 338.593 381.613 0.88977 283.702 299.377 0.7201 266.698 350.264 0.885439 265.381 406.419 0.832219 0 0 0 257.662 202.818 0.802375 0 0 0 268.055 205.413 0.851456 241.928 412.985 0.790645 245.887 416.854 0.828391 266.828 411.672 0.834518 330.727 402.493 0.612769 337.226 401.186 0.546313 346.344 384.221 0.772711 
255.014 198.906 0.839433 275.826 223.719 0.788738 277.17 223.67 0.673131 256.327 247.181 0.153134 244.589 234.162 0.343416 270.693 223.738 0.866936 253.706 257.647 0.90599 236.725 235.433 0.854139 287.676 288.975 0.755891 294.182 287.633 0.66317 305.891 338.479 0.70614 329.475 380.361 0.771743 286.273 292.844 0.701275 271.996 347.691 0.644969 268.059 401.219 0.767881 0 0 0 256.377 193.703 0.868464 0 0 0 266.78 200.179 0.84683 247.185 412.906 0.669399 253.697 412.959 0.717029 274.599 405.125 0.655317 320.296 401.155 0.589689 324.191 399.835 0.525276 338.493 382.949 0.679371 
254.95 193.696 0.894724 274.572 218.474 0.755679 275.928 215.85 0.713406 257.623 244.524 0.220274 245.831 228.919 0.388112 269.359 222.343 0.829317 254.944 255.059 0.956704 236.785 234.091 0.825797 287.641 283.717 0.732824 288.972 281.109 0.577702 295.472 335.919 0.367872 322.875 380.339 0.396257 286.371 285.042 0.725275 298.085 335.907 0.487405 322.876 381.602 0.506906 0 0 0 256.305 192.285 0.874283 0 0 0 266.72 193.662 0.920458 309.875 398.572 0.540412 317.65 395.998 0.516115 329.365 384.217 0.496959 315.021 397.266 0.128569 0 0 0 329.382 382.957 0.229054 
252.402 189.751 0.82815 274.587 213.294 0.826873 277.22 213.182 0.741241 269.363 243.241 0.123283 245.928 225.008 0.324009 268.06 214.574 0.873017 254.98 253.705 0.938447 238.064 228.923 0.789581 288.922 277.244 0.776167 296.73 275.92 0.739449 287.66 332.003 0.780985 299.412 384.211 0.770169 285.033 279.813 0.748169 279.811 332.045 0.730186 307.233 390.745 0.798746 0 0 0 255.043 183.274 0.908173 0 0 0 265.463 189.733 0.874355 294.154 407.712 0.6454 298.138 410.284 0.688294 313.749 393.363 0.698764 283.733 393.382 0.601891 286.274 392.003 0.593285 307.231 389.459 0.415442 
251.079 189.756 0.823006 274.553 213.284 0.825258 277.204 211.927 0.73804 266.783 236.777 0.106454 248.473 226.306 0.307584 266.793 214.613 0.880011 254.965 253.69 0.934792 239.333 231.484 0.795139 287.693 278.495 0.768667 295.462 277.152 0.693309 286.348 338.483 0.835258 287.641 382.948 0.846349 286.264 281.11 0.74139 285.051 338.485 0.800847 318.948 389.396 0.837789 0 0 0 254.986 183.295 0.896239 0 0 0 265.425 189.758 0.870787 308.474 410.309 0.757988 316.336 407.699 0.700831 326.802 390.724 0.784078 270.68 393.391 0.721688 274.586 392.063 0.706508 290.287 390.72 0.774402 
249.813 192.296 0.863401 273.25 214.598 0.818998 275.938 213.26 0.790552 265.425 236.739 0.172661 247.193 225.049 0.388387 266.73 218.446 0.854882 254.961 255.027 0.95285 239.341 231.521 0.815931 287.687 279.827 0.744011 294.167 277.246 0.651686 277.242 333.312 0.810432 277.152 385.528 0.830919 286.322 283.711 0.73425 288.92 338.496 0.795585 329.405 388.135 0.820265 0 0 0 254.966 185.828 0.859336 0 0 0 264.167 192.304 0.88685 321.588 411.599 0.723407 329.407 408.993 0.716748 338.502 388.138 0.735242 260.22 395.952 0.724423 262.853 392.094 0.718189 279.788 392.007 0.810959 
251.084 202.746 0.799375 271.998 224.991 0.839428 277.203 223.661 0.790259 265.439 247.18 0.173756 248.487 235.423 0.423088 265.507 226.339 0.866764 253.658 265.402 0.906398 241.962 238.037 0.827223 287.659 290.279 0.741656 292.857 287.687 0.625583 266.796 339.82 0.856544 264.164 392.046 0.850177 286.327 294.166 0.732557 299.411 348.983 0.852334 342.472 390.774 0.842002 0 0 0 254.964 196.268 0.807832 0 0 0 264.161 201.517 0.874742 339.851 414.272 0.835523 348.935 411.658 0.810382 350.259 390.697 0.776106 244.617 401.173 0.709758 245.884 398.581 0.663872 266.764 399.836 0.785137 
251.091 217.188 0.740167 273.264 240.672 0.800672 277.245 235.499 0.773935 262.847 262.83 0.260022 248.503 247.203 0.502457 266.722 244.563 0.903777 252.408 277.185 0.906922 243.231 252.387 0.833413 286.347 307.185 0.750365 283.724 307.194 0.599896 256.319 346.358 0.870618 265.452 401.185 0.904619 287.642 307.226 0.773306 304.606 359.395 0.840371 350.278 401.208 0.886416 0 0 0 254.967 214.519 0.851717 0 0 0 264.169 217.161 0.860826 346.387 423.375 0.847677 352.879 422.018 0.814862 359.375 401.144 0.779705 244.553 403.819 0.784661 245.895 402.481 0.811433 268.099 405.13 0.827054 
249.807 225.045 0.781995 273.273 248.464 0.780345 275.936 245.859 0.761774 257.645 274.589 0.201782 247.201 256.329 0.434156 266.794 253.664 0.850136 252.412 286.392 0.912971 243.273 257.655 0.880542 286.367 316.306 0.782047 279.801 316.325 0.690825 253.704 348.959 0.903764 265.43 401.168 0.906307 291.532 316.32 0.741259 304.585 369.815 0.848329 356.828 402.459 0.861901 0 0 0 253.73 223.64 0.831902 0 0 0 264.135 225.011 0.890028 348.96 423.385 0.882944 355.528 422.072 0.842417 363.366 401.204 0.825036 244.543 403.843 0.780128 245.864 402.49 0.818779 268.103 403.855 0.849465 
249.78 243.226 0.713356 271.982 264.107 0.775159 277.176 258.927 0.720396 260.247 288.983 0.186093 249.773 270.683 0.365328 266.745 265.477 0.892813 253.674 301.986 0.861295 243.213 274.612 0.879754 288.931 328.074 0.765635 283.733 326.792 0.660789 245.928 350.256 0.938096 265.456 401.174 0.910066 295.491 329.376 0.780881 300.702 382.957 0.829967 359.375 402.533 0.868599 0 0 0 252.421 236.716 0.75681 0 0 0 260.216 240.65 0.807561 348.986 423.398 0.913821 356.831 422.087 0.869698 368.515 401.228 0.87501 244.562 403.852 0.777993 245.883 402.494 0.814441 269.38 403.852 0.834701 
245.935 247.208 0.828459 271.953 269.364 0.775783 275.904 266.759 0.776632 264.137 296.736 0.320621 247.198 278.492 0.503096 266.723 274.547 0.85045 253.72 308.552 0.924556 243.251 282.398 0.864774 288.977 330.725 0.757216 284.99 329.419 0.713266 245.92 350.309 0.929441 265.463 401.207 0.919994 296.805 334.611 0.781607 299.394 390.71 0.894154 358.124 402.536 0.859718 0 0 0 249.773 244.59 0.837248 0 0 0 258.906 247.166 0.854804 349.007 423.426 0.910411 358.073 422.093 0.877845 365.97 401.2 0.868638 244.582 405.084 0.80102 245.907 402.5 0.833177 269.378 405.117 0.824823 
247.185 254.98 0.752501 273.258 275.829 0.802695 275.912 269.39 0.729189 264.152 302.005 0.266394 248.505 286.375 0.515027 266.811 277.194 0.889512 253.724 316.339 0.908929 244.496 287.68 0.935699 290.271 337.236 0.730163 286.31 334.624 0.650295 245.889 350.337 0.923631 265.46 401.201 0.918951 296.812 338.582 0.815688 298.155 393.392 0.847755 358.083 402.527 0.841191 0 0 0 249.799 249.78 0.708517 0 0 0 257.639 253.701 0.864426 350.23 423.432 0.909578 358.109 422.084 0.891754 364.667 401.162 0.859094 244.583 403.839 0.814243 245.915 402.485 0.845975 269.36 405.105 0.824686 
245.874 264.154 0.7586 270.69 285.018 0.763093 274.608 279.804 0.709063 265.419 311.114 0.147216 249.8 295.447 0.34619 266.81 286.372 0.896556 253.717 325.465 0.872802 244.535 298.025 0.95251 290.257 342.448 0.712554 285.048 339.847 0.686174 245.819 350.343 0.937236 265.444 401.212 0.934023 298.028 347.653 0.786722 298.08 402.491 0.893929 354.188 402.526 0.849853 0 0 0 247.189 257.633 0.776395 0 0 0 256.355 262.832 0.869068 349.013 423.423 0.904734 356.798 422.046 0.86016 360.756 401.129 0.884984 244.593 403.848 0.799657 245.911 402.49 0.841704 268.112 405.096 0.840951 
245.882 266.726 0.763222 270.669 286.36 0.784915 274.573 283.697 0.70134 264.153 315.042 0.174672 251.066 298.086 0.364963 266.791 288.926 0.864 253.73 328.106 0.911909 244.528 300.686 0.924964 288.993 345.062 0.706878 285.004 341.144 0.667995 244.62 351.598 0.911038 265.434 401.225 0.928654 296.816 348.971 0.798454 296.778 403.841 0.852648 351.595 402.521 0.870964 0 0 0 247.172 264.108 0.754568 0 0 0 256.308 265.451 0.902496 349.035 423.438 0.889962 356.819 422.021 0.857622 359.466 399.882 0.851067 244.588 403.847 0.806789 245.91 402.488 0.85145 268.113 405.094 0.838177 
244.605 270.675 0.787626 269.345 290.231 0.769283 273.3 287.609 0.736063 260.214 318.949 0.149433 248.469 302.001 0.268975 266.704 295.446 0.874913 253.705 329.438 0.891109 243.278 304.621 0.89163 291.546 348.943 0.725438 285.042 343.783 0.63615 245.819 351.631 0.901937 265.442 401.226 0.933166 298.061 350.335 0.801299 296.78 407.733 0.849705 350.329 402.54 0.876561 0 0 0 245.913 266.718 0.872286 0 0 0 256.315 268.087 0.893609 350.254 423.422 0.859002 356.821 422 0.82431 359.399 399.893 0.824402 244.593 403.854 0.809797 245.915 402.49 0.855687 269.35 403.856 0.833337 
244.582 275.843 0.891796 269.36 294.155 0.770182 274.553 287.664 0.730756 264.119 320.253 0.197331 251.075 307.192 0.386576 266.762 296.821 0.902911 254.941 333.334 0.868856 244.502 307.253 0.945214 290.285 350.314 0.723709 285.036 348.943 0.672398 245.831 351.632 0.903036 265.452 401.225 0.935806 298.08 355.512 0.770175 296.823 411.578 0.88802 350.313 402.518 0.885027 0 0 0 245.887 269.38 0.86925 0 0 0 256.298 274.55 0.900026 350.241 423.437 0.843589 355.53 422.01 0.806143 359.368 399.831 0.780047 244.595 405.087 0.806566 245.921 402.49 0.846991 269.376 405.095 0.828715 
244.563 275.862 0.898234 268.099 295.44 0.777706 273.296 287.685 0.695708 262.848 321.575 0.154761 251.103 308.495 0.32176 266.75 298.066 0.892542 254.951 334.629 0.86921 244.495 308.519 0.93921 290.268 350.313 0.733931 285.017 348.95 0.69095 245.836 351.595 0.91783 265.469 401.213 0.929818 298.084 355.499 0.767819 296.816 411.605 0.890405 350.315 402.525 0.877716 0 0 0 245.88 270.66 0.863877 0 0 0 256.293 274.584 0.906933 350.253 424.673 0.821911 356.79 422.042 0.801966 358.138 398.585 0.758249 244.599 405.083 0.809168 245.929 402.488 0.846182 269.406 403.858 0.809382 
244.577 275.88 0.909405 268.096 295.418 0.779583 273.288 287.659 0.696753 261.54 320.267 0.159228 252.369 308.496 0.320257 266.755 298.061 0.889173 254.95 334.613 0.869777 243.288 308.504 0.939103 290.241 350.317 0.739177 284.99 348.946 0.693268 245.846 351.607 0.914442 265.472 401.215 0.932097 298.077 355.513 0.765086 296.822 411.621 0.893865 350.294 402.511 0.886028 0 0 0 245.893 271.951 0.858352 0 0 0 256.31 274.6 0.910384 350.234 424.665 0.840717 355.51 422.029 0.817608 358.123 398.587 0.787049 244.596 405.087 0.812481 245.925 402.489 0.849721 270.661 403.853 0.812756 
245.842 275.877 0.877114 270.69 294.132 0.785932 275.908 287.597 0.768437 265.48 318.96 0.16031 252.38 307.168 0.351937 266.73 298.07 0.902368 254.955 334.604 0.874647 244.529 308.486 0.952948 291.56 350.322 0.706592 286.369 348.951 0.625958 245.839 351.572 0.917972 265.453 401.222 0.927211 296.797 356.79 0.764975 296.823 411.608 0.889493 350.3 402.52 0.880274 0 0 0 245.946 270.686 0.813708 0 0 0 256.337 274.563 0.896218 350.242 424.665 0.84192 356.786 422.031 0.817758 358.14 399.832 0.796392 244.587 405.082 0.807361 245.92 402.487 0.843642 269.386 405.096 0.817615 
245.939 270.683 0.83234 271.957 290.235 0.759309 275.864 287.597 0.746934 265.479 317.639 0.13847 252.371 300.69 0.30414 266.752 295.461 0.871857 253.68 329.443 0.881952 244.519 304.613 0.899054 288.98 348.991 0.743671 285.018 346.369 0.637137 245.831 350.351 0.924809 265.456 401.209 0.928942 296.781 351.616 0.775411 296.835 410.344 0.865172 350.345 402.516 0.877034 0 0 0 248.504 266.746 0.854468 0 0 0 258.924 268.11 0.856195 350.264 424.679 0.846793 358.1 422.041 0.841497 359.379 399.849 0.791711 244.585 405.102 0.80232 245.911 402.5 0.840691 269.378 403.852 0.829461 
247.161 266.751 0.895554 273.272 287.669 0.764844 274.6 286.34 0.723768 265.424 316.375 0.171885 249.775 298.104 0.325783 268.061 290.267 0.820192 253.688 328.092 0.895302 244.546 299.375 0.930496 288.989 346.385 0.724381 284.995 341.193 0.663797 244.627 350.315 0.940338 265.458 401.213 0.929514 296.809 350.24 0.811844 296.817 406.404 0.849107 350.344 402.496 0.883604 0 0 0 249.816 264.154 0.838428 0 0 0 260.212 266.713 0.897779 350.239 424.678 0.876932 356.822 422.046 0.854589 359.412 399.83 0.815243 244.568 405.109 0.797528 245.896 402.507 0.84278 269.369 405.092 0.81535 
249.778 265.428 0.816837 273.302 286.339 0.796646 275.937 283.725 0.690182 266.754 313.716 0.152033 252.395 294.145 0.369779 266.828 287.653 0.879891 253.682 325.497 0.869277 244.567 296.788 0.952537 290.235 345.063 0.69457 286.286 341.145 0.638574 244.612 350.321 0.932739 265.455 401.211 0.928492 296.766 348.972 0.797545 296.811 403.774 0.875521 351.569 402.484 0.878986 0 0 0 253.665 260.236 0.791396 0 0 0 262.812 264.167 0.868906 350.232 423.431 0.871121 356.827 422.011 0.834426 359.42 399.839 0.809871 244.566 405.106 0.798079 245.896 402.506 0.842692 269.361 405.096 0.820202 
251.091 255.067 0.871036 273.295 277.234 0.799438 275.85 275.906 0.744792 258.933 302.001 0.214848 248.483 287.62 0.485784 268.104 279.838 0.809046 251.1 317.666 0.903997 244.557 288.96 0.931156 288.924 339.82 0.787782 283.724 338.518 0.709138 244.621 351.593 0.916774 265.439 401.2 0.922908 296.721 341.173 0.784259 298.025 397.295 0.842701 354.207 402.496 0.840642 0 0 0 254.962 253.652 0.870935 0 0 0 264.151 256.284 0.924634 348.997 423.422 0.896129 356.785 422.052 0.840506 360.784 401.113 0.871302 244.581 403.852 0.796613 245.907 402.492 0.835041 268.116 405.085 0.836889 
252.398 252.371 0.795967 274.567 274.596 0.808461 277.221 269.394 0.711483 268.047 298.076 0.204185 253.655 281.1 0.541072 268.086 275.943 0.877714 249.779 309.841 0.863631 244.599 283.736 0.901997 288.934 338.486 0.754842 285.009 335.934 0.65058 244.565 351.618 0.895517 265.434 401.199 0.922986 295.483 339.814 0.792994 298.034 392.128 0.87827 355.485 402.477 0.844486 0 0 0 255.01 245.928 0.895089 0 0 0 264.17 252.388 0.877113 349.015 423.424 0.905515 356.802 422.057 0.851115 362.032 401.109 0.872653 244.568 405.084 0.803974 245.891 402.496 0.842171 268.114 405.09 0.839941 
252.414 245.863 0.834001 274.546 269.379 0.763897 275.902 266.792 0.722226 256.299 291.556 0.238931 247.158 275.932 0.453545 268.117 274.547 0.819056 245.949 307.18 0.923119 244.572 277.21 0.944785 287.633 332.014 0.78474 279.803 330.704 0.71385 244.501 351.604 0.896616 265.442 401.218 0.922436 295.455 334.642 0.764764 298.065 389.452 0.907438 355.507 402.468 0.850473 0 0 0 255.028 243.286 0.866797 0 0 0 265.428 245.921 0.921537 349.012 423.429 0.908799 356.823 422.067 0.865841 362.075 401.119 0.858046 244.572 405.084 0.802788 245.897 402.498 0.836129 269.372 405.118 0.833721 
254.99 240.671 0.819772 274.545 265.46 0.810041 277.188 264.109 0.722399 257.634 286.34 0.272202 251.079 268.08 0.570865 268.098 266.755 0.86586 245.873 299.365 0.922084 244.542 271.976 0.872052 287.588 329.377 0.812088 279.805 328.122 0.717199 243.284 350.362 0.903986 265.433 401.201 0.922903 292.839 329.464 0.770784 298.074 384.204 0.875934 354.224 402.464 0.8534 0 0 0 256.313 235.481 0.899451 0 0 0 265.481 241.961 0.872728 350.24 423.411 0.918972 358.095 422.04 0.877511 362.037 401.113 0.852088 244.566 403.846 0.805396 245.888 402.489 0.842054 269.358 405.089 0.85776 
256.346 227.613 0.71122 274.594 253.688 0.800111 277.249 248.497 0.724707 257.609 270.684 0.337514 248.481 256.283 0.621269 268.111 255.043 0.874647 245.814 286.383 0.949194 244.524 257.609 0.867998 282.439 318.953 0.768351 275.91 318.927 0.769554 244.585 350.272 0.95391 265.451 401.215 0.917262 287.664 318.999 0.794718 298.111 371.165 0.904209 351.642 401.238 0.86897 0 0 0 257.667 224.952 0.780588 0 0 0 266.787 227.633 0.848381 348.99 423.436 0.881374 355.518 422.065 0.837203 360.723 401.11 0.870697 244.559 403.834 0.803109 245.883 402.483 0.836316 269.398 405.124 0.830711 
256.347 223.618 0.671339 274.575 245.89 0.847194 278.523 244.55 0.777386 258.917 264.169 0.392786 248.473 247.227 0.579066 266.785 248.465 0.83938 244.564 277.263 0.937177 244.57 253.721 0.84163 279.835 312.452 0.706542 275.916 312.454 0.676921 245.866 348.966 0.927665 265.416 401.146 0.896778 286.34 313.726 0.756583 298.115 362.07 0.850733 350.232 401.184 0.887002 0 0 0 258.904 217.184 0.640016 0 0 0 266.751 223.657 0.870944 347.647 423.339 0.852086 352.908 420.752 0.789725 358.099 398.586 0.70399 244.525 403.833 0.803843 245.844 402.481 0.838311 269.354 403.81 0.850639 
255.01 206.728 0.704946 270.664 234.069 0.799535 277.156 231.486 0.704346 256.371 251.095 0.254748 248.494 235.393 0.493603 265.47 235.378 0.899759 244.522 266.702 0.937689 243.278 236.766 0.810302 281.115 298.117 0.738997 282.421 298.07 0.630257 256.314 339.912 0.775517 265.436 398.599 0.777638 279.833 299.38 0.728219 298.079 348.993 0.730021 333.337 393.384 0.594284 0 0 0 256.352 204.082 0.805286 0 0 0 265.498 209.331 0.839018 324.162 420.766 0.562098 329.411 418.166 0.566638 339.902 394.689 0.540143 244.586 403.823 0.769398 245.833 402.489 0.754517 268.086 402.534 0.754656 
249.809 193.647 0.851323 266.758 221.074 0.808652 273.253 218.442 0.682517 256.293 244.535 0.208638 244.528 225.033 0.331554 262.843 223.62 0.864809 244.538 256.268 0.931268 236.743 230.193 0.785465 279.787 285.045 0.74965 279.818 285.018 0.641831 275.901 339.813 0.844643 266.793 388.125 0.844958 278.549 286.314 0.758809 294.167 339.843 0.796211 311.113 392.111 0.834792 0 0 0 254.963 191.082 0.869204 0 0 0 264.157 193.737 0.911279 296.829 410.289 0.730718 305.938 409.044 0.708109 317.669 397.293 0.748227 251.104 395.982 0.763116 252.383 392.069 0.789232 271.954 392.061 0.834191 
247.205 191.082 0.869317 265.474 215.828 0.836009 268.082 214.517 0.737467 255.02 235.478 0.302566 243.217 222.396 0.456721 261.547 217.188 0.810439 244.517 253.684 0.912202 235.442 226.282 0.864585 279.804 278.514 0.72852 285.02 277.198 0.65771 279.804 337.205 0.773124 277.17 382.931 0.823298 277.218 281.121 0.73294 287.625 338.479 0.837242 298.093 392.043 0.85377 0 0 0 253.68 185.829 0.823364 0 0 0 264.101 192.332 0.896282 283.688 405.116 0.687516 288.935 408.998 0.730553 304.625 398.574 0.710762 257.649 390.743 0.679486 261.544 389.423 0.574483 278.531 390.729 0.717356 
245.89 185.849 0.863778 265.426 214.593 0.822532 266.795 214.505 0.724774 253.695 239.367 0.181349 240.644 221.079 0.317122 261.554 215.871 0.840668 244.541 251.09 0.882046 235.426 224.959 0.882877 281.129 277.235 0.763718 287.623 275.92 0.748966 290.251 330.704 0.796175 304.609 380.341 0.820333 275.912 279.81 0.768508 275.821 338.478 0.775579 275.846 392.083 0.84659 0 0 0 249.792 183.186 0.853605 0 0 0 258.929 189.739 0.830789 255.044 402.559 0.74791 262.82 403.841 0.773113 278.509 398.591 0.759177 287.674 390.703 0.515672 291.549 386.819 0.40353 308.47 385.553 0.781358 
245.875 188.449 0.880917 265.407 215.841 0.793953 266.733 214.525 0.72298 254.98 239.339 0.20095 240.665 223.658 0.379327 261.549 217.183 0.813435 244.566 253.66 0.900224 235.454 226.31 0.864775 279.833 279.816 0.727512 286.38 277.23 0.723824 295.424 329.43 0.823128 317.666 379.003 0.851389 275.891 283.721 0.746134 266.777 339.796 0.821659 264.162 392.114 0.842383 0 0 0 249.805 183.278 0.856137 0 0 0 260.236 191.079 0.843405 243.25 402.515 0.75453 247.212 405.084 0.762945 266.785 399.874 0.764475 304.602 393.346 0.613137 307.214 392.024 0.586626 321.556 381.644 0.752638 
245.859 192.339 0.924631 265.399 218.476 0.770125 266.728 215.847 0.713188 247.209 241.957 0.275619 238.069 223.703 0.451658 260.257 222.349 0.819427 244.58 254.982 0.938118 235.398 226.307 0.861372 279.811 285.034 0.74526 286.356 281.131 0.693379 298.053 330.694 0.836266 328.069 377.672 0.827045 275.882 286.366 0.763836 262.817 341.154 0.762113 255.047 395.982 0.829556 0 0 0 249.788 188.465 0.809905 0 0 0 260.212 193.646 0.888362 234.161 403.784 0.733623 238.07 406.406 0.729129 257.647 401.234 0.753952 317.61 397.279 0.59096 319.013 394.646 0.517365 330.747 380.322 0.801058 
245.836 196.29 0.88889 265.407 223.713 0.82695 266.747 222.404 0.698227 247.179 245.847 0.173046 238.052 226.321 0.318016 261.545 224.982 0.869187 244.595 260.212 0.912016 235.399 234.092 0.863817 278.543 288.968 0.749809 287.626 287.625 0.756398 299.404 331.996 0.812086 335.903 376.367 0.768689 273.283 292.877 0.714105 255.008 346.352 0.853017 251.078 399.891 0.818151 0 0 0 248.471 193.635 0.877724 0 0 0 258.953 197.609 0.801714 230.215 405.137 0.725981 234.15 410.293 0.841721 255.058 402.541 0.827568 328.143 394.683 0.545724 333.329 393.342 0.462902 339.857 380.247 0.828437 
245.864 213.289 0.866681 265.418 238.038 0.812973 268.073 235.48 0.740485 252.392 256.335 0.304568 241.967 240.672 0.476517 258.959 241.94 0.813428 244.567 275.895 0.954003 238.037 245.902 0.812593 279.803 303.294 0.73497 287.683 299.373 0.747135 305.919 343.739 0.80642 347.644 380.264 0.832542 271.995 307.166 0.735898 243.269 350.247 0.890079 252.374 402.546 0.849716 0 0 0 247.234 210.633 0.750391 0 0 0 257.614 213.296 0.868579 228.921 410.309 0.770727 234.149 412.885 0.862941 256.352 410.309 0.801003 347.63 401.188 0.704488 349.033 399.888 0.649656 352.89 380.274 0.748945 
245.821 222.35 0.837921 265.448 245.926 0.829437 268.058 245.824 0.735742 255.019 270.661 0.162196 243.216 252.407 0.310141 261.537 247.225 0.827286 243.264 285.04 0.9033 236.76 256.279 0.851485 279.836 309.821 0.758585 287.695 307.249 0.764959 307.155 350.33 0.852891 348.922 382.891 0.82974 273.279 313.746 0.724196 240.649 354.2 0.797873 252.381 403.802 0.843821 0 0 0 247.188 215.847 0.80347 0 0 0 256.336 222.355 0.858626 228.908 410.278 0.784603 234.142 411.678 0.878466 256.338 411.56 0.828054 350.28 403.843 0.757642 352.916 402.529 0.690629 354.218 382.907 0.730912 
244.603 231.484 0.795962 265.457 254.989 0.823452 269.349 253.704 0.689172 254.97 279.798 0.166319 243.244 257.598 0.266015 261.548 255.049 0.873334 244.504 290.274 0.873899 236.769 260.25 0.797859 283.743 317.689 0.790719 290.278 317.599 0.734862 305.894 360.709 0.876254 351.614 386.833 0.823578 275.868 318.969 0.775588 235.438 355.515 0.869352 251.119 403.792 0.845044 0 0 0 245.926 225.004 0.847243 0 0 0 256.296 228.894 0.837582 230.215 409.029 0.771827 234.149 411.666 0.874759 256.333 410.323 0.828384 351.585 405.124 0.795359 354.184 403.786 0.720676 360.708 385.526 0.808138 
243.243 244.527 0.849092 265.418 266.816 0.825701 268.039 266.707 0.731924 255.021 298.07 0.141163 236.774 277.167 0.285497 258.951 269.367 0.819948 243.274 307.214 0.921048 235.392 277.221 0.918721 287.587 329.415 0.815958 295.484 328.141 0.78493 304.61 371.219 0.8734 359.369 390.691 0.860399 278.515 330.705 0.759859 234.083 358.116 0.882142 252.365 403.8 0.846473 0 0 0 244.626 238.055 0.839049 0 0 0 254.978 244.523 0.887537 231.49 409.04 0.777838 234.17 411.674 0.864113 256.348 410.297 0.823879 354.206 406.421 0.748511 356.789 403.817 0.695845 367.239 389.401 0.767451 
241.931 248.519 0.782923 264.129 274.555 0.798467 266.728 268.101 0.713169 255.02 299.398 0.157784 241.939 277.251 0.410464 258.929 275.918 0.878539 244.537 312.449 0.894461 235.443 281.103 0.869763 287.618 333.34 0.778994 295.445 330.733 0.72469 305.916 379.003 0.883714 359.467 390.69 0.864186 281.138 337.195 0.722571 232.832 359.353 0.873534 252.371 403.842 0.832928 0 0 0 244.547 245.86 0.89111 0 0 0 253.727 249.789 0.858614 230.225 410.292 0.783767 234.166 412.894 0.86123 256.364 410.34 0.824705 356.788 405.13 0.775983 356.815 403.783 0.723359 369.818 389.414 0.809056 
240.667 265.391 0.840262 264.16 286.374 0.795865 265.451 285.018 0.64731 256.279 317.637 0.0888691 0 0 0 260.232 287.673 0.831595 244.625 328.049 0.948313 235.467 298.116 0.901361 288.94 346.339 0.740084 296.726 342.47 0.694389 307.163 388.138 0.850595 359.405 389.465 0.81152 286.286 347.662 0.740975 232.794 359.402 0.863055 251.102 402.543 0.851784 0 0 0 244.514 258.923 0.851705 0 0 0 253.7 264.151 0.890332 230.192 410.323 0.773293 234.182 412.897 0.865724 256.349 407.717 0.792113 356.803 406.407 0.710104 356.823 403.808 0.657664 367.243 385.523 0.732797 
239.333 266.755 0.84531 265.399 288.977 0.801387 266.742 287.632 0.728152 255.023 320.281 0.12639 0 0 0 260.234 292.878 0.809041 245.849 330.716 0.944767 235.466 300.693 0.871403 288.948 348.966 0.780559 296.791 348.925 0.757853 305.891 390.758 0.90109 359.392 390.684 0.838869 284.991 349.005 0.751436 232.841 359.383 0.868247 251.105 402.56 0.849987 0 0 0 243.258 264.153 0.851626 0 0 0 253.65 266.75 0.898362 228.902 410.351 0.77875 234.166 412.917 0.876878 256.363 409.014 0.808626 356.834 406.426 0.727542 356.79 403.812 0.668892 365.952 385.532 0.749681 
238.049 270.665 0.827321 264.157 292.87 0.776683 265.476 288.943 0.696321 254.998 318.998 0.100126 240.671 298.139 0.166025 260.23 296.714 0.846931 245.832 332.044 0.925347 235.477 303.321 0.8599 287.709 350.272 0.788185 296.786 349.029 0.77955 305.904 392.062 0.893933 359.359 389.462 0.829716 283.708 350.314 0.75031 234.06 359.399 0.877952 251.11 402.565 0.849893 0 0 0 243.223 266.735 0.876395 0 0 0 253.673 268.106 0.872749 228.913 410.345 0.771214 234.165 412.911 0.874083 256.366 409.022 0.808344 356.818 406.409 0.758288 355.502 403.789 0.710674 364.644 384.228 0.74507 
238.033 274.599 0.859477 264.166 296.709 0.779103 265.404 290.257 0.637825 0 0 0 0 0 0 262.809 298.047 0.861158 245.901 337.209 0.945562 235.479 307.18 0.899836 288.925 351.574 0.753096 296.737 350.286 0.737395 305.871 394.661 0.83561 358.085 389.439 0.807954 285.019 352.898 0.717947 234.054 359.4 0.866742 251.107 402.566 0.843534 0 0 0 243.21 268.106 0.831108 0 0 0 253.652 274.561 0.861446 228.905 410.341 0.778762 234.173 412.914 0.875847 256.366 409.017 0.80511 356.822 405.13 0.755614 358.093 402.563 0.699739 363.32 382.913 0.740574 
236.778 275.899 0.907404 264.161 296.775 0.796764 264.136 292.871 0.601115 0 0 0 0 0 0 262.83 298.111 0.841227 245.92 338.5 0.972068 235.503 307.272 0.907893 288.931 352.881 0.731777 295.49 350.349 0.69279 305.907 398.554 0.841658 358.089 389.436 0.807718 286.291 354.228 0.711511 232.846 359.4 0.873537 251.111 402.568 0.844818 0 0 0 241.963 271.961 0.826258 0 0 0 253.684 275.824 0.90413 228.91 410.348 0.783877 234.177 412.922 0.878828 256.374 409.008 0.804906 356.826 405.121 0.760194 358.087 402.554 0.705955 363.33 382.905 0.745861 
238.023 275.916 0.901737 264.134 296.817 0.774119 261.553 296.722 0.606518 0 0 0 0 0 0 262.838 298.104 0.840766 245.95 338.512 0.962377 235.498 308.528 0.901993 288.921 354.197 0.717894 295.46 351.632 0.663152 305.918 398.597 0.850906 358.083 389.448 0.809811 286.3 356.783 0.707761 232.848 359.399 0.878547 251.109 402.569 0.846925 0 0 0 241.972 271.987 0.824553 0 0 0 252.421 275.842 0.891583 228.901 411.561 0.786063 234.181 412.923 0.880875 256.371 409 0.805439 358.07 405.136 0.75823 358.089 403.78 0.701343 362.072 382.911 0.748199 
236.769 277.145 0.918891 262.82 296.823 0.759532 257.642 296.77 0.669744 253.704 324.2 0.059479 0 0 0 264.105 298.102 0.857602 247.171 338.579 0.955114 236.719 308.53 0.8992 287.655 352.928 0.694474 290.241 351.61 0.587381 305.926 399.848 0.800204 355.518 390.685 0.663708 287.635 355.519 0.691993 234.078 359.391 0.839377 251.105 402.568 0.814677 0 0 0 240.673 274.531 0.836596 0 0 0 252.414 275.861 0.908513 228.906 411.596 0.800976 234.155 412.939 0.863108 256.35 407.739 0.762015 356.794 406.427 0.579053 356.815 403.825 0.548272 362.069 381.661 0.576938 
236.715 277.152 0.936678 262.824 296.821 0.744755 258.934 296.76 0.63461 253.699 326.783 0.0670173 0 0 0 261.552 298.087 0.847185 245.933 338.564 0.968313 235.502 308.57 0.888401 287.701 354.222 0.703825 294.151 352.91 0.617751 305.937 399.843 0.860041 358.084 390.685 0.825381 286.37 356.785 0.696324 234.062 359.369 0.865166 251.113 402.557 0.8464 0 0 0 239.36 273.299 0.835372 0 0 0 252.397 275.832 0.886017 228.888 411.566 0.785725 234.146 412.923 0.879481 256.378 407.721 0.782175 356.825 407.718 0.744651 358.089 403.847 0.68298 363.32 382.952 0.742343 
235.493 275.954 0.928161 262.836 296.815 0.757941 260.236 296.731 0.628834 253.713 325.48 0.0793081 0 0 0 261.518 298.089 0.84075 245.909 338.519 0.969537 235.489 308.519 0.910906 287.679 352.926 0.7314 295.453 352.877 0.669378 305.88 398.563 0.841678 358.094 390.698 0.838449 285.05 354.228 0.704486 232.829 359.374 0.86576 252.376 402.565 0.850527 0 0 0 238.078 273.272 0.829544 0 0 0 252.366 275.819 0.874399 228.924 410.341 0.774461 234.172 412.915 0.871624 256.387 407.733 0.792612 356.819 407.713 0.748318 356.823 403.851 0.684681 363.339 384.213 0.744339 
235.49 275.908 0.912247 262.825 296.718 0.759959 264.151 292.853 0.622855 256.306 322.876 0.0543611 0 0 0 257.671 298.025 0.886122 245.855 337.224 0.961275 235.447 308.483 0.920955 287.661 352.876 0.753206 296.721 351.585 0.737424 304.617 395.947 0.825168 358.119 390.712 0.846232 282.426 352.929 0.696618 232.77 359.39 0.864624 252.367 402.567 0.853275 0 0 0 238.058 270.698 0.804529 0 0 0 249.81 274.548 0.846363 230.189 410.329 0.776758 234.178 412.907 0.877116 256.372 407.739 0.79752 356.816 407.714 0.746831 355.53 403.852 0.683019 364.625 384.245 0.740954 
235.414 268.096 0.890805 261.551 290.274 0.733714 265.405 287.683 0.70449 0 0 0 0 0 0 257.605 294.176 0.858148 244.607 330.742 0.945781 234.174 302 0.862967 287.612 350.237 0.798419 295.477 348.985 0.756125 305.906 390.793 0.90898 359.408 390.712 0.849294 279.829 350.294 0.743845 231.502 359.387 0.848881 251.112 402.558 0.85245 0 0 0 236.784 265.481 0.891146 0 0 0 248.466 268.058 0.883893 230.187 410.313 0.761873 234.174 412.892 0.866224 256.364 407.736 0.798361 358.083 406.431 0.730277 358.073 403.829 0.667563 365.964 386.803 0.756037 
235.412 265.492 0.917453 260.212 287.582 0.753892 260.255 286.297 0.659948 249.793 316.345 0.0908804 239.344 296.767 0.276597 257.6 287.683 0.873452 244.52 328.1 0.945728 234.135 298.078 0.937734 286.384 346.346 0.738827 290.254 342.452 0.625259 305.918 389.401 0.840629 360.695 390.703 0.786954 285.013 347.671 0.71385 230.213 358.145 0.815093 251.097 402.544 0.843844 0 0 0 236.781 262.835 0.829073 0 0 0 247.218 265.453 0.900775 228.932 410.336 0.779529 234.184 412.904 0.8658 256.364 407.714 0.788826 356.801 406.4 0.727558 356.833 403.796 0.676306 369.82 388.125 0.716726 
235.431 262.805 0.870033 258.922 285.037 0.772475 262.854 281.135 0.683048 247.183 308.558 0.172441 236.733 290.275 0.481019 256.333 286.347 0.904303 244.506 322.896 0.887499 234.148 295.458 0.874805 286.343 341.142 0.77968 292.862 339.831 0.711819 307.203 382.896 0.884418 360.749 390.72 0.848791 279.825 343.75 0.691082 230.204 358.113 0.83051 251.092 402.54 0.849373 0 0 0 238.034 256.359 0.868348 0 0 0 248.476 261.545 0.836444 228.933 410.336 0.774927 234.174 412.904 0.868695 256.362 407.72 0.796448 356.8 405.097 0.769576 358.104 402.536 0.713957 369.872 389.424 0.808694 
235.428 244.62 0.875715 255.037 268.1 0.763815 256.309 266.774 0.698833 244.567 291.559 0.166114 232.829 273.295 0.240748 253.716 271.963 0.804135 235.427 307.223 0.947379 231.523 275.943 0.831273 281.129 328.08 0.758724 286.32 325.502 0.66711 308.568 369.846 0.853899 360.679 388.14 0.801589 278.481 329.387 0.724399 231.516 352.905 0.786295 251.09 402.549 0.811841 0 0 0 238.051 243.221 0.804818 0 0 0 247.201 245.822 0.905528 228.932 411.577 0.76999 234.173 412.924 0.838538 256.337 408.996 0.757575 358.131 405.106 0.774851 359.372 402.555 0.709846 369.825 385.517 0.743111 
236.72 235.496 0.687847 255.012 264.12 0.809332 257.66 258.948 0.688301 244.582 283.718 0.12324 234.154 266.743 0.333595 251.114 265.457 0.865527 234.134 299.407 0.922827 228.893 270.681 0.794025 279.826 320.278 0.756604 287.657 317.695 0.783231 308.529 360.704 0.887319 356.781 384.249 0.796218 273.284 325.473 0.721183 234.058 351.611 0.863646 251.091 402.533 0.857337 0 0 0 240.652 234.115 0.71617 0 0 0 247.188 238.029 0.828121 230.22 410.308 0.771297 234.18 412.887 0.861611 256.343 409.022 0.813233 358.104 403.795 0.768774 359.411 402.481 0.733462 362.084 384.202 0.768624 
235.5 230.196 0.67393 255.001 256.32 0.855613 258.931 254.994 0.742727 245.863 278.525 0.189319 234.076 260.21 0.411777 248.504 257.646 0.830906 232.824 294.155 0.863674 226.332 265.454 0.848048 278.504 316.342 0.77374 287.605 311.132 0.763954 308.562 354.203 0.829581 350.332 381.688 0.879026 270.67 318.926 0.735779 234.171 351.591 0.896161 251.081 402.518 0.855952 0 0 0 240.66 225.009 0.724195 0 0 0 247.193 232.807 0.833 231.486 410.311 0.771374 235.401 411.684 0.857816 256.329 409.025 0.808822 354.211 403.835 0.768738 358.098 402.506 0.75052 359.435 381.663 0.792186 
236.747 215.83 0.658236 254.957 244.551 0.863884 260.219 243.214 0.728053 244.54 262.833 0.295424 234.072 247.168 0.550097 245.934 245.834 0.897818 230.183 277.271 0.867615 224.993 253.702 0.849585 275.925 305.907 0.795123 286.29 300.667 0.744947 307.208 343.738 0.808532 341.202 380.283 0.841019 266.737 308.517 0.783512 241.94 350.236 0.863365 251.116 402.505 0.860379 0 0 0 241.939 213.256 0.721357 0 0 0 248.473 219.754 0.804756 230.197 410.306 0.765418 234.166 411.679 0.871983 256.346 409.041 0.805678 339.841 401.211 0.679146 345.053 399.888 0.571177 349.014 381.576 0.826115 
236.727 209.329 0.789808 254.965 236.722 0.813405 257.632 235.402 0.74177 243.254 256.303 0.291543 232.836 238.054 0.516999 248.49 239.364 0.801332 227.595 271.979 0.840481 225.002 244.532 0.82846 275.854 298.099 0.802476 283.723 296.725 0.735637 303.277 338.528 0.820338 338.486 378.999 0.83911 266.721 302.013 0.761518 245.834 348.964 0.906649 251.089 402.51 0.855404 0 0 0 243.219 204.167 0.819781 0 0 0 248.518 213.226 0.850912 228.917 410.324 0.765269 234.145 411.681 0.869619 256.303 410.291 0.810039 331.997 393.348 0.444676 339.805 390.771 0.431853 341.14 381.596 0.853518 
238.072 202.762 0.743953 255.005 232.772 0.806593 258.922 228.898 0.691758 241.949 251.082 0.227714 232.809 232.817 0.420258 248.517 234.083 0.838569 228.929 265.402 0.863854 224.974 236.743 0.816998 274.578 295.467 0.764283 282.406 290.242 0.693213 299.36 335.908 0.799501 329.395 377.675 0.840949 265.449 298.057 0.790064 252.403 348.938 0.825629 248.48 402.451 0.861831 0 0 0 244.522 198.89 0.762533 0 0 0 251.11 205.387 0.836032 230.186 409.033 0.755439 234.148 411.63 0.875136 255.014 407.698 0.764174 321.57 392.096 0.53119 328.075 390.787 0.486906 334.634 380.347 0.794284 
240.669 192.374 0.836491 256.314 222.331 0.833431 262.861 218.451 0.714706 245.875 239.362 0.194268 234.152 224.964 0.411734 251.116 223.645 0.863828 234.086 255.057 0.922855 225.028 230.19 0.825253 273.248 286.353 0.74807 279.789 283.721 0.696742 291.585 330.692 0.795492 312.455 377.709 0.793377 265.382 288.942 0.746335 257.614 345.081 0.784559 254.948 397.264 0.822113 0 0 0 244.576 191.003 0.848621 0 0 0 254.933 193.718 0.894038 235.395 405.137 0.706519 238.065 408.996 0.722382 256.365 402.44 0.797638 299.38 392.053 0.648733 304.616 390.769 0.560775 317.649 381.581 0.79516 
241.975 191.059 0.84274 257.612 217.151 0.817478 265.398 214.606 0.753832 247.175 236.773 0.194754 235.462 224.953 0.404469 253.692 221.049 0.844887 234.142 254.967 0.92241 226.304 227.595 0.825741 271.979 283.71 0.719997 278.51 278.508 0.719247 287.663 330.73 0.83985 305.874 380.296 0.837956 265.384 286.339 0.76236 258.91 339.888 0.776856 260.237 398.56 0.796348 0 0 0 244.616 185.841 0.875651 0 0 0 254.989 192.374 0.931632 243.217 405.135 0.679794 245.862 410.275 0.798186 266.713 402.472 0.84101 287.646 393.395 0.769267 291.581 392.065 0.65703 308.506 382.944 0.770004 
244.51 188.451 0.832642 258.908 215.89 0.796586 265.429 214.574 0.746086 247.155 236.762 0.221637 236.743 223.642 0.431022 254.996 219.766 0.859136 235.447 253.683 0.914981 226.336 225.001 0.844035 273.249 281.113 0.725845 278.506 277.235 0.73388 283.714 330.727 0.793331 294.17 381.599 0.827479 265.428 285.034 0.772905 261.515 339.819 0.76393 266.791 394.643 0.778339 0 0 0 245.884 183.297 0.893985 0 0 0 255.059 192.302 0.896485 252.411 410.293 0.623555 256.284 410.332 0.74705 274.553 399.897 0.731447 278.492 392.103 0.395196 283.699 390.74 0.293236 298.032 388.141 0.807601 
245.82 193.618 0.912384 264.158 221.059 0.803995 266.814 217.154 0.737151 252.408 240.637 0.26021 240.663 224.947 0.555271 257.645 223.619 0.87031 243.218 256.354 0.904898 234.165 230.226 0.820135 269.399 286.334 0.768597 275.911 285.015 0.70676 275.821 339.826 0.796287 277.172 390.727 0.796833 265.489 287.639 0.790718 266.714 339.91 0.820291 275.873 399.88 0.816149 0 0 0 247.209 191.033 0.828807 0 0 0 257.6 193.673 0.903731 256.32 410.347 0.668948 264.113 412.928 0.66197 279.804 402.536 0.746068 255.031 395.987 0.503892 256.374 393.376 0.46864 285.038 392.114 0.512101 
245.905 195.005 0.86934 265.458 223.713 0.84297 268.08 222.398 0.690716 255.029 247.194 0.134134 241.97 228.894 0.286918 261.555 224.974 0.884413 244.55 261.539 0.901434 235.409 234.148 0.875185 268.109 287.699 0.752295 274.594 287.632 0.683009 266.806 345.049 0.74956 274.609 392.077 0.814692 266.706 290.248 0.764429 266.781 347.655 0.791168 278.512 403.791 0.828108 0 0 0 249.814 192.413 0.842874 0 0 0 260.235 198.867 0.808816 258.942 414.223 0.767784 265.48 419.445 0.779346 286.3 410.347 0.803022 256.278 401.126 0.914072 257.645 397.269 0.784152 277.254 397.282 0.432501 
245.936 202.849 0.90768 266.707 230.201 0.774239 268.056 226.327 0.670852 254.988 252.418 0.165339 243.285 234.149 0.275183 264.166 232.799 0.872012 245.913 265.498 0.944232 236.768 236.775 0.819629 268.067 296.757 0.763481 271.991 295.492 0.651941 266.73 348.958 0.797189 275.867 393.381 0.81182 266.737 296.818 0.79114 266.737 350.267 0.843312 281.104 409.018 0.790569 0 0 0 251.114 200.19 0.810914 0 0 0 262.825 204.065 0.903559 260.237 415.534 0.770044 265.468 420.769 0.801466 287.59 412.932 0.84919 256.304 401.228 0.928024 257.674 399.875 0.777601 278.505 399.848 0.488011 
249.767 209.304 0.836408 268.07 235.474 0.742955 266.741 234.173 0.703725 255.017 264.155 0.135263 244.609 243.242 0.180718 269.39 238.025 0.811603 254.993 273.264 0.915979 239.329 245.857 0.851849 268.072 303.3 0.706147 268.077 302.007 0.60142 265.46 352.889 0.763311 275.857 397.262 0.786893 268.054 304.619 0.756175 265.493 354.212 0.803455 283.708 411.573 0.818278 0 0 0 254.955 204.128 0.920275 0 0 0 265.406 210.636 0.88572 261.54 415.535 0.784577 265.504 422.006 0.804088 287.639 413 0.837093 256.33 402.486 0.924222 258.924 401.156 0.778762 277.266 401.17 0.521063 
252.386 205.427 0.854577 269.403 234.131 0.763127 266.744 232.812 0.709254 254.97 258.926 0.169164 244.538 236.765 0.181956 274.606 235.41 0.892567 256.358 269.372 0.888942 241.952 244.607 0.874116 268.057 300.677 0.715647 266.792 299.401 0.628909 266.716 350.33 0.797005 275.91 394.667 0.802842 268.077 302.002 0.736329 268.053 352.915 0.797857 283.703 410.343 0.810498 0 0 0 255.021 202.822 0.936107 0 0 0 265.457 206.695 0.884722 261.545 415.524 0.791393 265.503 422.008 0.809788 287.64 412.989 0.850963 256.348 401.237 0.947282 258.944 399.872 0.79136 278.518 399.897 0.515661 
253.702 204.159 0.889791 271.963 234.087 0.738911 266.788 232.811 0.6692 255.03 256.358 0.114199 244.607 238.03 0.0974552 275.829 234.149 0.900739 256.311 266.735 0.959089 241.953 240.63 0.819831 268.055 298.13 0.745281 266.715 298.122 0.684123 266.777 350.296 0.81865 277.144 393.383 0.800993 270.674 299.372 0.750058 271.983 351.619 0.775929 282.437 410.295 0.796221 0 0 0 256.278 202.744 0.902676 0 0 0 266.759 204.122 0.941009 261.533 415.532 0.769887 266.703 420.787 0.791884 287.627 412.959 0.85272 256.333 402.443 0.937444 258.926 399.873 0.785287 279.806 399.841 0.45858 
256.268 204.072 0.954596 269.37 230.189 0.781017 265.457 226.319 0.797039 253.685 252.399 0.277423 245.84 232.832 0.245944 275.881 232.811 0.892948 254.951 264.116 0.914639 243.248 235.392 0.886242 268.097 298.04 0.774499 265.461 298.046 0.750171 269.393 350.299 0.782892 277.192 394.646 0.802681 274.577 298.053 0.796945 275.933 351.617 0.831285 282.43 410.29 0.785084 0 0 0 258.917 201.493 0.865137 0 0 0 269.391 204.101 0.896271 261.517 415.547 0.743716 266.708 420.783 0.770135 287.612 412.986 0.837766 256.34 402.445 0.924469 258.93 399.869 0.786474 281.143 399.877 0.435547 
256.294 204.124 0.952872 269.391 231.537 0.801715 265.455 228.892 0.790199 252.38 252.381 0.367935 244.537 232.839 0.218465 275.915 234.099 0.914078 252.407 264.107 0.880462 243.259 234.169 0.881531 270.654 298.118 0.750191 266.732 298.118 0.736676 270.683 350.327 0.777503 277.208 394.647 0.803225 275.86 298.128 0.793715 275.948 351.631 0.828742 283.708 409.02 0.77233 0 0 0 258.946 202.739 0.877076 0 0 0 271.953 204.143 0.881998 261.549 414.284 0.724888 266.739 420.761 0.738035 287.617 412.977 0.817872 256.365 401.237 0.922192 258.953 399.859 0.788768 282.409 399.876 0.432025 
256.292 204.1 0.947946 271.961 232.804 0.798257 266.718 230.197 0.772676 251.098 255.013 0.347095 244.573 235.422 0.27984 275.939 234.142 0.920763 251.106 264.133 0.873935 243.278 235.469 0.889253 271.955 299.373 0.738944 266.767 298.142 0.721322 273.252 350.35 0.7747 277.229 394.65 0.795696 275.884 299.406 0.793276 277.147 352.924 0.804945 283.714 409.034 0.780089 0 0 0 258.959 201.522 0.86682 0 0 0 271.979 204.164 0.880982 261.547 414.29 0.724521 266.728 420.762 0.739864 287.608 412.975 0.823592 256.365 402.447 0.896182 258.956 399.869 0.765189 282.422 399.873 0.434363 
256.283 204.061 0.948398 273.262 232.804 0.793235 266.771 231.508 0.767829 253.703 256.32 0.327383 244.6 236.724 0.325636 277.155 234.097 0.91601 253.725 264.155 0.912359 243.276 236.715 0.879444 273.301 298.13 0.747938 268.072 298.123 0.696559 274.549 351.573 0.782201 277.256 394.656 0.789993 275.924 299.369 0.796547 277.199 354.228 0.809349 283.721 410.31 0.787514 0 0 0 258.953 201.479 0.857467 0 0 0 271.976 204.122 0.895868 261.537 415.545 0.729799 266.734 420.78 0.753876 287.623 413.002 0.828644 256.363 402.459 0.883487 258.943 399.875 0.759922 283.746 399.883 0.428979 
256.286 204.075 0.948733 271.988 232.812 0.790023 266.743 231.532 0.769169 254.957 257.653 0.282834 245.844 239.359 0.281178 277.141 234.085 0.911618 254.976 265.389 0.935313 244.494 238.069 0.851479 274.553 298.098 0.77167 268.072 298.09 0.719788 273.304 350.334 0.785474 277.24 394.668 0.795613 277.15 298.123 0.81411 277.194 352.929 0.814679 283.731 410.294 0.787638 0 0 0 258.958 201.495 0.861844 0 0 0 271.967 204.144 0.89309 261.554 415.541 0.718301 266.743 420.772 0.739424 287.623 412.988 0.830677 256.361 402.459 0.887805 258.942 399.878 0.762898 283.707 399.902 0.443585 
256.279 204.091 0.950625 271.975 232.846 0.798372 266.729 232.792 0.768049 255.009 256.346 0.243498 245.837 239.338 0.179844 275.932 234.108 0.921144 256.254 265.492 0.965721 243.283 239.352 0.849322 274.563 298.097 0.771992 268.084 298.09 0.712536 273.287 350.311 0.781994 277.248 394.657 0.792141 277.154 298.126 0.810213 277.171 352.892 0.822882 283.728 410.291 0.78545 0 0 0 258.934 201.502 0.871256 0 0 0 270.697 204.135 0.891603 261.548 415.533 0.717706 266.737 420.769 0.73958 287.621 412.987 0.832268 256.363 402.45 0.893418 258.949 399.871 0.76481 283.724 399.889 0.434342 
256.278 204.09 0.953975 273.292 234.071 0.797101 266.803 232.827 0.757116 255.028 256.325 0.299126 244.56 239.33 0.230464 275.95 234.13 0.925298 256.354 266.772 0.935045 244.497 241.964 0.857668 274.611 298.129 0.754634 270.664 298.121 0.668918 274.543 350.323 0.778207 277.235 394.672 0.794347 277.16 299.374 0.793716 277.178 351.622 0.82626 283.736 410.284 0.785949 0 0 0 258.941 201.499 0.866712 0 0 0 271.956 204.146 0.881944 261.552 415.528 0.718725 266.737 420.764 0.737216 287.624 412.984 0.834619 256.366 402.444 0.895058 258.956 399.868 0.765726 282.43 399.904 0.441426 
256.311 205.386 0.920742 274.541 234.112 0.821435 266.82 234.071 0.773279 256.295 257.644 0.333572 243.243 244.568 0.293019 277.164 234.174 0.916699 260.215 269.359 0.848411 243.219 245.939 0.8939 275.836 298.121 0.761277 270.679 298.105 0.679814 274.544 350.306 0.781782 277.256 393.398 0.793568 277.165 299.381 0.800383 277.194 351.605 0.822213 283.734 410.278 0.779189 0 0 0 258.962 202.774 0.875113 0 0 0 273.255 204.158 0.877118 261.542 414.281 0.757879 266.728 420.767 0.770959 287.64 412.993 0.823679 256.371 401.236 0.887551 258.955 399.849 0.758087 283.697 399.854 0.425026 
256.314 205.4 0.915913 274.561 234.099 0.802402 268.072 232.844 0.725953 256.365 257.618 0.210135 244.532 247.196 0.224138 275.946 234.161 0.919358 265.39 269.401 0.879305 243.222 252.389 0.846773 275.861 298.138 0.756733 273.259 298.124 0.666167 274.572 350.323 0.787848 277.269 394.647 0.783627 277.168 299.396 0.796923 277.186 351.619 0.813378 283.74 410.289 0.779352 0 0 0 260.215 202.782 0.876322 0 0 0 273.277 204.157 0.878576 261.547 415.528 0.725182 266.732 420.774 0.744711 287.636 413.001 0.814045 256.373 402.444 0.87004 258.955 399.857 0.746972 283.737 399.861 0.422027 
256.307 204.156 0.920155 274.598 234.079 0.765946 269.391 232.839 0.654906 264.136 264.132 0.139517 245.885 264.153 0.280694 277.136 234.116 0.905703 266.816 270.694 0.868775 239.36 265.503 0.877957 275.929 299.379 0.741191 275.859 298.139 0.638338 274.589 350.332 0.785605 277.275 394.652 0.780944 277.173 299.421 0.77894 277.181 351.629 0.812694 283.745 410.29 0.781791 0 0 0 258.953 202.749 0.873812 0 0 0 273.267 204.142 0.885955 261.548 415.526 0.726158 266.732 420.772 0.747086 287.64 412.998 0.819219 256.374 401.236 0.881329 258.959 399.854 0.750807 283.741 399.875 0.427662 
256.302 205.392 0.910565 275.835 234.1 0.754474 270.694 232.841 0.641357 265.495 266.721 0.288221 249.784 277.194 0.359854 275.945 234.162 0.898619 274.587 271.961 0.830394 245.823 286.259 0.895305 275.935 298.134 0.75435 275.841 298.105 0.63711 274.586 350.338 0.779894 277.268 394.656 0.779635 277.192 299.394 0.8029 277.184 351.641 0.804336 283.747 410.29 0.782847 0 0 0 258.945 202.781 0.882305 0 0 0 273.253 204.16 0.881436 261.551 414.291 0.727803 266.734 420.769 0.747032 287.639 412.996 0.820471 256.375 401.235 0.883181 258.962 399.855 0.75123 283.725 399.878 0.426076 
256.305 205.419 0.904737 275.851 234.119 0.75286 271.984 232.832 0.614981 266.781 268.067 0.143895 255.001 290.234 0.169553 275.946 235.401 0.893169 275.867 273.285 0.858841 248.474 295.447 0.847337 275.912 298.135 0.769339 273.285 298.106 0.656596 274.581 350.308 0.786268 278.476 393.394 0.779997 277.196 299.412 0.802501 277.202 352.891 0.795999 283.726 410.29 0.775549 0 0 0 258.931 202.802 0.884617 0 0 0 271.968 204.162 0.873392 261.542 414.28 0.731084 266.724 420.765 0.748079 287.624 413.004 0.809905 256.379 401.226 0.876565 260.212 399.839 0.743333 283.727 399.854 0.422557 
256.289 205.419 0.900709 275.866 234.095 0.739806 274.564 232.793 0.595494 268.075 271.958 0.126258 255.029 296.764 0.246091 275.914 234.176 0.891591 275.946 274.535 0.872747 255.058 298.122 0.893351 277.188 298.104 0.738344 275.928 298.074 0.636607 275.84 350.268 0.786112 278.5 393.348 0.771062 277.193 299.37 0.796242 277.164 351.587 0.799686 283.708 409.013 0.759873 0 0 0 257.675 202.806 0.891738 0 0 0 270.683 204.153 0.879498 261.535 414.277 0.710999 266.722 420.757 0.728941 287.608 412.971 0.807019 256.378 401.219 0.873906 260.214 398.589 0.74055 285.029 397.28 0.405903 
256.255 205.425 0.896126 275.848 234.128 0.749934 273.292 232.82 0.604282 0 0 0 0 0 0 275.902 235.425 0.889765 277.142 274.586 0.896742 261.512 305.878 0.814716 277.206 299.387 0.70852 277.175 299.364 0.593531 275.861 350.284 0.780967 278.505 393.366 0.772263 277.217 300.677 0.780065 277.197 351.634 0.793276 283.711 409.034 0.768961 0 0 0 257.648 202.812 0.89745 0 0 0 269.387 204.171 0.868315 261.533 414.281 0.717484 266.716 420.759 0.737107 287.602 412.977 0.816716 256.381 401.218 0.873227 260.218 398.589 0.73754 285.019 398.568 0.41491 
254.995 205.453 0.866703 274.59 234.14 0.718517 269.377 234.075 0.590155 0 0 0 0 0 0 275.895 235.412 0.899774 277.243 275.875 0.881819 273.258 309.844 0.795138 275.911 300.711 0.679653 274.579 300.69 0.536762 275.834 350.3 0.784216 278.516 393.346 0.76867 277.168 303.289 0.763096 277.232 354.184 0.769741 283.696 409.038 0.765107 0 0 0 256.356 202.821 0.913525 0 0 0 268.056 204.168 0.891316 261.534 414.277 0.725844 266.72 420.759 0.742597 287.595 412.977 0.812544 257.605 401.22 0.85932 260.222 398.587 0.730145 286.283 395.987 0.415496 
254.987 205.448 0.876533 274.577 234.142 0.726508 269.383 234.087 0.599793 0 0 0 0 0 0 275.89 235.399 0.899344 278.547 275.873 0.875335 277.174 311.118 0.832758 275.848 300.679 0.695237 273.299 299.406 0.578158 275.854 350.317 0.787833 278.512 393.364 0.76849 275.899 302.01 0.78058 277.222 352.909 0.774471 283.699 409.042 0.764868 0 0 0 256.356 202.825 0.923918 0 0 0 268.079 204.178 0.881961 261.53 414.281 0.725964 266.717 420.762 0.744269 287.597 412.981 0.808328 257.599 401.223 0.861256 260.217 398.591 0.730235 285.046 397.293 0.413688 
253.725 205.453 0.865149 273.281 234.17 0.716291 268.059 234.121 0.628459 0 0 0 0 0 0 275.877 235.408 0.890455 279.827 274.603 0.840309 277.269 311.164 0.806314 274.588 302 0.699438 269.398 301.995 0.605802 275.83 351.589 0.774999 278.501 393.373 0.770301 275.915 303.303 0.785577 277.26 355.514 0.759414 283.696 410.291 0.772832 0 0 0 256.3 202.82 0.93644 0 0 0 266.831 205.39 0.899525 261.533 414.29 0.726924 266.722 420.77 0.748485 287.595 412.988 0.810968 257.601 401.231 0.861312 260.217 398.6 0.73135 285.028 397.288 0.4169 
253.691 206.711 0.852275 274.575 234.17 0.720847 270.689 234.094 0.586783 0 0 0 0 0 0 275.846 235.445 0.868155 281.133 275.828 0.819553 283.7 313.744 0.78357 274.581 302.02 0.689448 270.696 302.007 0.58115 275.858 351.614 0.771272 278.5 393.388 0.76466 275.867 304.579 0.786549 277.255 356.793 0.767937 283.701 410.289 0.775097 0 0 0 256.265 202.834 0.943355 0 0 0 266.821 204.187 0.900956 261.535 414.283 0.729993 266.717 420.765 0.749725 287.597 412.987 0.817678 257.605 401.223 0.866493 260.23 398.596 0.730706 285.017 398.568 0.408703 
253.667 206.741 0.824172 274.551 234.16 0.722313 269.373 234.105 0.600379 0 0 0 0 0 0 275.859 235.435 0.88104 286.299 275.841 0.855862 286.298 311.148 0.818405 274.541 301.995 0.694934 269.368 300.713 0.61995 275.841 351.632 0.765044 278.491 393.397 0.767854 275.879 304.575 0.78401 277.26 356.804 0.76295 283.706 410.323 0.780614 0 0 0 255.06 202.846 0.924697 0 0 0 266.757 205.388 0.904692 261.534 415.525 0.725989 266.72 420.774 0.751244 287.606 414.23 0.805427 257.601 401.227 0.865967 260.217 399.842 0.730094 285 398.573 0.409618 
253.667 206.741 0.823803 274.554 234.16 0.719931 269.37 234.106 0.598459 0 0 0 0 0 0 275.86 235.434 0.881141 286.294 275.831 0.858962 285.023 312.437 0.799508 274.57 300.72 0.696941 269.394 300.698 0.604413 275.829 351.589 0.766643 278.502 393.389 0.76802 275.892 303.301 0.780793 277.233 355.492 0.75927 283.707 410.322 0.778719 0 0 0 255.06 202.846 0.924573 0 0 0 266.757 205.388 0.904711 261.528 415.527 0.723606 266.717 420.777 0.750051 287.609 414.23 0.802693 257.597 401.227 0.866521 260.219 398.6 0.730815 285.02 398.569 0.410814 
253.679 206.724 0.830047 273.27 235.385 0.718742 268.056 234.135 0.628086 0 0 0 0 0 0 275.853 235.45 0.879968 283.716 273.29 0.812613 277.256 311.127 0.842111 275.828 299.423 0.734856 270.688 299.404 0.64036 274.585 350.337 0.777758 278.517 393.377 0.773206 275.937 301.983 0.802242 277.21 352.925 0.778218 283.712 410.321 0.780032 0 0 0 256.254 202.839 0.916348 0 0 0 266.757 205.39 0.901721 261.528 415.526 0.729143 266.718 420.779 0.75401 287.613 414.227 0.807134 257.597 401.23 0.870498 260.217 398.598 0.73523 285.049 398.559 0.419673 
253.678 206.727 0.825126 274.545 234.174 0.706511 269.394 234.109 0.582831 0 0 0 0 0 0 274.611 235.454 0.863027 282.432 273.277 0.824896 277.195 309.827 0.876881 275.849 299.42 0.72001 273.3 299.386 0.613017 275.828 350.349 0.780966 278.505 393.387 0.772551 275.92 301.986 0.801183 277.223 355.487 0.771527 283.712 410.322 0.781241 0 0 0 255.07 202.838 0.915868 0 0 0 266.753 205.388 0.900725 261.527 414.291 0.730775 266.716 420.776 0.754719 287.611 414.234 0.80839 256.382 401.231 0.874228 260.218 398.599 0.736085 285.024 398.573 0.415715 
253.683 206.734 0.815775 273.3 234.159 0.702423 269.352 234.098 0.576849 0 0 0 0 0 0 275.828 235.418 0.869174 279.81 274.55 0.825234 269.398 308.556 0.830043 277.163 300.713 0.64944 275.922 300.673 0.529535 275.84 351.586 0.756994 278.48 393.368 0.775321 277.168 303.306 0.759786 277.234 356.801 0.771346 282.438 410.299 0.775883 0 0 0 256.26 202.844 0.910948 0 0 0 266.763 205.396 0.899847 261.517 414.287 0.752359 266.706 420.772 0.776865 287.597 414.217 0.815529 256.376 401.222 0.867187 260.211 398.588 0.728162 283.734 398.561 0.414359 
253.682 206.74 0.812727 274.548 234.145 0.710475 269.368 234.089 0.573132 0 0 0 0 0 0 275.842 235.399 0.87938 278.551 273.291 0.827208 266.747 308.519 0.885601 277.233 300.675 0.66229 277.214 299.4 0.549543 274.612 350.295 0.7532 278.484 393.358 0.773891 277.241 302.003 0.746107 277.221 354.188 0.767928 282.442 410.296 0.771774 0 0 0 256.257 202.844 0.909548 0 0 0 266.762 205.387 0.90351 261.521 414.288 0.751009 266.706 420.773 0.775078 287.595 413.005 0.809705 256.375 401.217 0.867297 260.212 398.582 0.727883 283.736 398.56 0.410806 
253.715 206.733 0.839917 275.833 234.114 0.746941 274.57 232.794 0.594992 270.663 273.263 0.07254 0 0 0 274.61 235.396 0.858374 277.27 274.575 0.874871 265.408 308.502 0.87596 277.227 299.393 0.687484 277.209 298.132 0.58187 275.835 350.311 0.754976 278.479 393.367 0.775899 277.214 300.712 0.776254 277.212 354.212 0.77494 283.688 410.296 0.775783 0 0 0 256.274 202.845 0.927157 0 0 0 266.793 204.166 0.917084 261.522 414.279 0.75838 266.705 420.767 0.777316 287.597 413.005 0.814993 256.378 401.217 0.876227 260.218 398.584 0.733622 283.737 398.569 0.411633 
253.717 206.736 0.843183 275.848 234.135 0.772009 275.854 232.801 0.6228 270.661 274.547 0.183932 256.39 296.758 0.595284 274.597 235.432 0.846264 277.252 274.562 0.876687 262.858 307.16 0.841017 277.214 299.41 0.698048 277.168 299.37 0.601981 275.842 350.286 0.763121 278.477 393.374 0.772775 277.22 300.712 0.785972 277.201 352.921 0.776619 282.442 410.291 0.772294 0 0 0 256.277 202.847 0.92816 0 0 0 266.796 204.169 0.916127 261.519 414.277 0.751814 266.704 420.764 0.77091 287.594 413.002 0.810705 256.376 401.215 0.874054 260.216 398.583 0.731605 283.731 398.583 0.407904 
254.969 206.696 0.85497 275.856 234.103 0.775447 275.913 231.515 0.667936 266.802 269.346 0.450521 255.042 288.975 0.83118 274.566 235.411 0.842054 275.953 274.59 0.900842 256.391 307.155 0.857879 277.228 298.139 0.725161 278.487 298.082 0.61386 275.908 350.302 0.763969 278.482 393.382 0.766663 277.168 299.428 0.779727 277.178 352.894 0.770377 282.431 410.288 0.771638 0 0 0 256.323 202.826 0.91541 0 0 0 266.818 204.155 0.918434 261.519 414.278 0.730161 265.505 420.762 0.754282 286.388 412.991 0.807451 256.379 401.204 0.874879 260.228 398.581 0.730404 283.727 399.841 0.405366 
254.97 205.467 0.856711 275.855 234.097 0.782198 275.899 231.493 0.678981 268.071 268.062 0.531038 255.05 287.605 0.859465 274.579 235.42 0.847399 277.163 274.606 0.906047 256.379 305.87 0.864533 277.221 299.372 0.714871 277.236 298.094 0.602802 275.887 350.313 0.765041 277.273 393.384 0.769652 277.175 300.688 0.780135 277.186 352.917 0.771582 282.433 410.294 0.775748 0 0 0 256.323 202.825 0.915849 0 0 0 266.818 204.154 0.919396 261.52 414.282 0.736713 266.703 420.763 0.761755 286.393 412.995 0.81345 256.376 401.21 0.873482 260.222 398.586 0.730345 283.726 398.587 0.405948 
254.995 205.458 0.849222 275.846 234.103 0.780554 275.888 231.504 0.677742 268.098 268.082 0.569715 255.043 287.593 0.879195 274.577 235.427 0.841525 277.169 275.832 0.909794 256.327 305.906 0.895585 277.22 299.37 0.725721 277.232 298.096 0.610762 275.853 350.302 0.769537 278.477 393.371 0.773408 277.175 300.687 0.782398 277.179 352.898 0.778752 283.691 410.288 0.777538 0 0 0 256.351 202.824 0.894613 0 0 0 266.818 204.165 0.91011 261.521 414.277 0.742002 266.703 420.761 0.763261 287.595 412.996 0.828819 256.375 401.213 0.877101 260.22 398.585 0.734659 283.734 398.561 0.404848 
254.996 205.458 0.848151 275.845 234.097 0.772002 275.878 231.502 0.667332 268.045 268.078 0.544976 255.046 287.647 0.887945 274.582 235.415 0.845975 277.156 274.607 0.905043 256.358 305.889 0.874735 277.208 299.374 0.721457 277.212 298.099 0.612275 275.844 350.283 0.766496 278.479 393.362 0.772381 277.173 300.688 0.781793 277.162 351.622 0.787467 283.692 410.283 0.77523 0 0 0 256.352 202.824 0.89365 0 0 0 266.818 204.165 0.910273 261.521 414.277 0.738535 266.704 420.762 0.759792 287.596 412.992 0.826931 256.376 401.212 0.875725 260.219 398.584 0.733761 284.985 397.28 0.40171 
