0 0 0 390.689 202.756 0.925963 412.994 202.75 0.881724 422.038 243.273 0.896714 419.431 273.289 0.800354 362.049 202.726 0.864886 350.357 244.564 0.934434 342.478 274.534 0.847628 385.551 279.821 0.685393 402.474 279.803 0.758119 403.84 338.506 0.833204 411.571 390.767 0.875098 369.847 281.103 0.732041 368.517 338.553 0.813961 362.075 393.383 0.853678 0 0 0 0 0 0 401.178 170.185 0.788818 377.661 171.423 0.744405 351.646 390.713 0.681216 350.301 392.099 0.814014 365.934 401.235 0.810664 406.418 392.032 0.520669 412.935 392.067 0.538983 411.584 398.581 0.804564 
0 0 0 390.689 202.758 0.926926 412.994 202.754 0.881652 422.036 243.279 0.899078 419.429 273.293 0.801355 362.051 202.727 0.864447 350.355 244.559 0.93457 342.483 273.3 0.844568 385.551 279.823 0.685243 402.474 279.804 0.758427 403.839 338.507 0.835044 411.569 390.765 0.874009 369.848 281.105 0.732002 368.517 338.552 0.81477 362.075 393.363 0.857433 0 0 0 0 0 0 401.183 170.184 0.783858 377.668 171.419 0.748187 352.91 390.714 0.666703 350.325 392.093 0.803184 365.923 401.209 0.812029 406.426 392.046 0.53447 412.934 392.078 0.555936 411.579 398.578 0.806724 
0 0 0 390.689 202.758 0.926682 412.994 202.754 0.881208 422.033 243.267 0.898212 418.166 273.299 0.802258 362.051 202.727 0.864411 350.355 244.559 0.934627 342.483 273.3 0.844249 386.806 279.811 0.686123 402.478 279.789 0.759233 403.839 338.505 0.834374 411.569 390.766 0.873776 369.85 281.097 0.732247 368.517 338.55 0.814599 362.075 393.363 0.857373 0 0 0 0 0 0 401.183 170.185 0.783948 377.668 171.419 0.748089 352.91 390.714 0.666496 350.325 392.092 0.803116 365.923 401.209 0.811943 406.426 392.046 0.534637 412.934 392.078 0.555805 411.58 398.579 0.806664 
0 0 0 390.69 202.758 0.927379 412.997 202.754 0.878866 422.02 243.276 0.895525 418.148 273.288 0.796406 362.05 202.727 0.8637 350.354 244.559 0.93519 342.483 273.303 0.84516 385.55 281.103 0.683264 402.475 279.82 0.756781 403.851 338.526 0.83049 411.57 390.768 0.872383 369.847 281.128 0.728721 368.521 339.808 0.819752 362.076 393.37 0.855391 0 0 0 0 0 0 401.184 170.186 0.782086 377.669 171.42 0.746678 352.908 390.717 0.668254 350.326 392.096 0.802842 364.671 401.21 0.811546 406.424 392.047 0.533082 412.933 392.078 0.554411 411.581 398.581 0.805156 
0 0 0 390.69 202.763 0.928905 412.996 202.753 0.879269 422.02 243.273 0.893787 418.134 273.294 0.79466 362.05 202.733 0.866988 350.35 244.563 0.937229 342.484 273.301 0.845093 385.548 281.102 0.683873 402.473 279.817 0.756946 403.853 338.529 0.83014 411.57 390.769 0.87223 369.847 281.129 0.729134 368.52 339.809 0.819362 362.076 393.37 0.855393 0 0 0 0 0 0 401.175 171.407 0.802964 377.665 171.428 0.749793 352.908 390.717 0.668406 350.326 392.097 0.802819 364.671 401.21 0.8116 406.424 392.047 0.533145 412.933 392.078 0.554629 411.58 398.581 0.805114 
0 0 0 390.681 202.76 0.925506 412.993 202.76 0.879243 420.794 244.52 0.893346 416.87 273.297 0.782064 362.023 201.524 0.871549 350.338 244.568 0.938573 342.474 274.611 0.867065 386.809 279.802 0.689015 402.48 278.534 0.759389 405.103 338.544 0.822293 411.573 390.773 0.868793 369.857 279.831 0.73214 368.527 338.588 0.82 362.077 393.374 0.853107 0 0 0 0 0 0 401.174 170.198 0.804271 377.664 171.427 0.749491 352.91 390.716 0.666653 350.327 392.095 0.801217 364.671 401.214 0.811453 406.428 392.051 0.535429 412.934 392.081 0.556386 411.582 398.586 0.802172 
0 0 0 390.69 202.756 0.926576 412.992 202.755 0.877738 420.793 244.518 0.89235 416.87 273.297 0.781652 362.055 201.524 0.861555 350.348 244.531 0.92577 342.474 275.817 0.868839 386.811 279.805 0.688188 402.481 278.537 0.758509 405.103 338.544 0.822458 411.573 390.773 0.868846 369.858 279.832 0.731022 368.527 338.589 0.819963 362.077 393.374 0.853078 0 0 0 0 0 0 401.178 170.19 0.799852 377.665 171.429 0.760997 352.91 390.716 0.666472 350.327 392.095 0.80101 364.671 401.214 0.811434 406.428 392.051 0.535546 412.934 392.081 0.556536 411.581 398.586 0.802216 
0 0 0 390.679 202.753 0.921612 412.98 202.743 0.883711 420.777 244.539 0.914383 416.855 274.547 0.771816 362.043 202.73 0.867299 351.595 244.594 0.931129 342.475 275.831 0.871532 386.819 279.814 0.687711 402.477 279.789 0.757445 405.109 338.544 0.819982 411.57 390.775 0.865971 369.868 281.107 0.727951 368.532 338.582 0.814724 362.067 393.358 0.85581 0 0 0 0 0 0 401.166 170.14 0.798454 376.392 171.414 0.761734 352.9 390.7 0.669338 350.324 392.081 0.807001 364.661 401.204 0.802056 407.692 392.051 0.527407 412.94 392.086 0.551817 411.577 398.589 0.799755 
0 0 0 390.68 202.752 0.922628 412.982 202.741 0.882485 420.777 244.539 0.914405 416.856 274.546 0.772253 362.043 202.733 0.868643 351.591 244.597 0.930332 342.486 275.842 0.866945 386.822 279.812 0.688604 402.48 278.541 0.757294 405.107 338.543 0.820308 411.57 390.775 0.866066 369.87 281.105 0.729442 368.532 338.577 0.814527 362.067 393.357 0.855821 0 0 0 0 0 0 401.171 170.138 0.796406 376.401 171.434 0.770371 352.901 390.7 0.668882 350.324 392.08 0.806959 364.66 401.204 0.801958 407.691 392.05 0.527045 412.94 392.086 0.551397 411.578 398.589 0.799899 
0 0 0 390.68 202.751 0.922871 412.982 202.744 0.88277 420.767 244.543 0.901216 415.524 275.839 0.795755 362.05 202.73 0.867851 351.611 244.596 0.926311 343.779 275.831 0.852789 386.817 279.813 0.68617 402.474 278.539 0.755953 405.111 338.549 0.819797 411.57 390.776 0.865582 369.87 281.105 0.725319 368.532 338.584 0.815472 362.067 393.359 0.855487 0 0 0 0 0 0 401.172 170.136 0.796655 376.403 171.432 0.773796 352.901 390.701 0.669974 350.324 392.081 0.806653 364.661 401.205 0.801912 407.692 392.051 0.527435 412.94 392.087 0.551881 411.577 398.589 0.799424 
0 0 0 390.68 202.75 0.92233 412.982 202.744 0.882429 420.767 244.542 0.901536 414.296 275.838 0.796601 362.053 202.727 0.865679 351.608 244.562 0.925606 345.053 274.583 0.838047 386.814 279.802 0.686506 402.473 278.53 0.757806 405.111 338.548 0.819607 411.57 390.776 0.865246 369.865 281.092 0.7233 368.53 338.589 0.814082 362.068 393.359 0.854697 0 0 0 0 0 0 401.172 170.136 0.796459 376.404 171.433 0.773597 352.902 390.701 0.669086 350.325 392.082 0.805834 364.662 401.206 0.801464 407.692 392.052 0.527657 412.941 392.087 0.552045 411.577 398.59 0.799017 
0 0 0 390.69 202.75 0.925985 412.985 202.743 0.883929 420.768 244.536 0.903926 415.539 274.598 0.784151 362.073 201.524 0.857316 351.616 244.589 0.921876 345.052 274.587 0.837908 386.819 279.792 0.688001 402.476 278.525 0.759737 405.111 338.546 0.818931 411.57 390.776 0.864899 369.867 279.82 0.726075 368.531 338.586 0.813929 362.068 393.359 0.854682 0 0 0 0 0 0 401.164 170.148 0.805133 376.412 171.459 0.775318 352.902 390.701 0.669099 350.325 392.082 0.805847 364.662 401.206 0.801463 407.693 392.052 0.526993 412.941 392.088 0.551391 411.577 398.59 0.798594 
0 0 0 390.692 202.751 0.926047 412.988 202.75 0.886205 420.763 244.555 0.917347 415.55 275.849 0.786891 362.082 201.521 0.852547 351.607 244.581 0.924871 345.075 274.59 0.835823 386.818 279.798 0.685939 402.474 278.532 0.757717 405.112 338.549 0.818664 411.57 390.776 0.864751 369.867 279.826 0.722721 368.527 339.798 0.812182 362.068 393.36 0.854222 0 0 0 0 0 0 401.163 170.13 0.791554 377.665 171.437 0.763901 352.902 390.702 0.668856 350.325 392.082 0.805054 364.662 401.206 0.80117 407.693 392.053 0.527163 412.941 392.088 0.551589 411.577 398.59 0.798552 
0 0 0 390.696 202.755 0.928478 412.996 202.755 0.885003 420.766 244.559 0.916827 415.549 275.853 0.788161 362.084 201.522 0.851775 351.607 244.582 0.924315 345.075 274.59 0.835446 386.82 279.8 0.686317 402.475 278.532 0.757831 405.112 338.549 0.818516 411.57 390.776 0.864785 369.867 279.828 0.722442 368.527 339.798 0.8122 362.068 393.36 0.854234 0 0 0 0 0 0 401.164 170.131 0.791825 377.666 171.436 0.764524 352.902 390.702 0.668914 350.325 392.082 0.80509 364.662 401.206 0.801167 407.693 392.053 0.526907 412.941 392.088 0.551317 411.577 398.59 0.798548 
0 0 0 390.696 202.754 0.92813 412.996 202.755 0.885079 420.765 244.562 0.917154 415.545 275.856 0.788691 363.318 201.522 0.851592 351.612 244.58 0.920301 346.346 274.554 0.827489 386.815 279.797 0.68585 402.474 278.533 0.756561 405.112 338.548 0.818471 411.57 390.776 0.86462 369.864 279.821 0.720584 368.526 338.589 0.809981 362.068 393.359 0.85391 0 0 0 0 0 0 401.164 170.132 0.792416 377.665 171.436 0.765096 352.903 390.702 0.66797 350.326 392.082 0.804066 364.661 401.206 0.801136 407.693 392.053 0.52729 412.941 392.088 0.551642 411.577 398.59 0.798179 
0 0 0 390.696 202.754 0.928112 412.996 202.756 0.885108 420.765 244.562 0.916803 415.543 275.858 0.788756 363.317 201.523 0.851623 351.612 244.58 0.920362 346.346 274.554 0.827663 386.811 279.804 0.684667 402.472 278.539 0.75505 405.108 338.562 0.820962 411.57 390.779 0.864103 369.86 279.828 0.718866 368.514 339.846 0.809691 362.069 393.366 0.853725 0 0 0 0 0 0 401.164 170.132 0.792473 377.666 171.436 0.765006 352.911 390.709 0.670322 350.331 392.088 0.805515 364.661 401.21 0.802732 407.692 392.053 0.527064 412.94 392.088 0.549945 411.578 398.594 0.798464 
0 0 0 390.696 202.754 0.928135 412.996 202.756 0.885008 420.766 244.563 0.917941 415.54 275.859 0.791694 363.317 201.522 0.851694 351.607 244.577 0.922064 346.353 274.552 0.827101 386.805 279.804 0.684064 402.47 278.537 0.75689 405.109 338.56 0.824467 411.566 390.785 0.868926 369.854 279.828 0.716569 368.518 339.855 0.810475 362.069 393.367 0.853209 0 0 0 0 0 0 401.164 170.132 0.792148 377.666 171.437 0.765336 352.908 390.707 0.672538 350.33 392.087 0.806018 364.662 401.211 0.802141 406.42 392.038 0.52548 412.933 392.074 0.54865 411.58 398.6 0.805038 
0 0 0 390.69 202.753 0.924947 412.981 202.751 0.894516 420.772 244.575 0.910042 415.577 275.879 0.780971 362.085 201.521 0.851967 351.607 244.575 0.921711 346.358 274.543 0.825844 385.555 279.801 0.685033 402.474 278.532 0.753642 405.109 338.538 0.824301 411.576 390.779 0.870844 369.848 279.825 0.717098 367.275 339.895 0.793811 363.319 394.686 0.829034 0 0 0 0 0 0 401.165 170.138 0.800181 377.666 171.437 0.767427 352.927 389.459 0.670318 350.335 392.084 0.801561 365.949 402.504 0.802616 406.388 392.025 0.536543 412.908 392.058 0.549856 411.599 398.597 0.806443 
0 0 0 390.686 202.748 0.916475 412.975 202.752 0.894454 420.773 244.553 0.90172 415.579 275.822 0.772881 363.321 201.523 0.849059 351.605 244.58 0.92193 346.361 274.568 0.835256 386.82 279.803 0.685968 402.485 278.534 0.751453 405.093 338.542 0.825015 411.566 392.004 0.860569 369.858 279.83 0.719456 367.267 339.854 0.806744 363.321 394.689 0.829191 0 0 0 0 0 0 401.165 168.884 0.708877 377.687 171.419 0.768796 352.912 389.45 0.673738 350.321 392.08 0.802911 365.951 402.524 0.800678 406.408 392.066 0.529265 412.925 392.099 0.55251 411.583 399.882 0.823442 
0 0 0 390.674 202.764 0.918998 412.961 202.741 0.897461 420.768 244.569 0.899662 415.541 275.835 0.781496 362.062 202.742 0.866705 351.625 244.589 0.919095 346.357 274.565 0.835208 386.82 279.814 0.685686 402.483 278.54 0.751709 403.839 338.529 0.829934 411.565 390.79 0.867282 369.86 281.102 0.719845 367.267 339.87 0.799263 363.322 394.687 0.828387 0 0 0 0 0 0 401.156 170.166 0.806389 377.664 171.482 0.782539 352.896 389.448 0.679424 350.312 392.081 0.806568 365.958 402.522 0.797 406.408 392.067 0.529184 412.928 392.098 0.554522 411.573 399.86 0.822151 
0 0 0 389.457 202.755 0.909732 412.93 201.508 0.892673 420.763 244.54 0.893497 416.832 274.536 0.757789 362.059 202.736 0.866407 351.612 244.57 0.920807 347.628 274.555 0.838673 386.822 279.804 0.686265 402.487 278.534 0.75592 403.796 338.518 0.847915 411.55 390.777 0.86304 369.86 279.831 0.721262 368.501 339.826 0.818679 363.327 394.684 0.829263 0 0 0 0 0 0 401.14 168.875 0.79338 376.414 171.442 0.788823 352.927 389.45 0.664714 350.33 392.077 0.796721 365.954 402.509 0.805378 406.403 390.785 0.515296 412.931 392.042 0.543726 411.57 399.845 0.814998 
0 0 0 389.45 202.727 0.898802 412.956 201.484 0.881637 420.773 244.514 0.881758 418.143 271.988 0.753216 362.028 201.493 0.866743 351.623 244.519 0.913401 347.661 274.587 0.855207 386.848 278.532 0.690189 402.502 278.509 0.754546 402.549 338.519 0.873908 410.347 390.766 0.866859 369.875 279.811 0.722075 368.508 339.841 0.811767 363.329 394.679 0.829546 0 0 0 0 0 0 399.909 168.889 0.799097 376.398 171.443 0.789107 352.929 389.445 0.657737 350.333 392.073 0.792942 365.954 402.507 0.806567 406.402 390.768 0.489589 412.932 392.028 0.520001 411.572 398.596 0.816735 
0 0 0 389.448 202.761 0.904822 412.968 202.744 0.889689 422.024 244.584 0.920052 416.869 275.864 0.777337 360.793 201.517 0.881004 351.586 244.565 0.926871 348.92 275.908 0.898964 388.137 278.536 0.703225 402.512 279.788 0.753683 401.193 337.207 0.859014 410.294 390.748 0.852836 371.113 279.81 0.733124 368.503 339.818 0.83166 363.322 394.647 0.827328 0 0 0 0 0 0 399.852 170.185 0.745933 375.084 171.487 0.748628 352.895 390.694 0.66892 350.327 392.098 0.792449 367.225 402.479 0.796719 403.825 390.726 0.471661 411.645 390.77 0.488286 410.332 398.584 0.799103 
0 0 0 389.447 202.824 0.913578 412.953 202.813 0.90792 422.041 245.831 0.927137 418.155 275.869 0.766946 360.791 202.789 0.894819 350.353 245.838 0.930256 348.939 275.947 0.903718 388.148 281.108 0.699862 402.519 281.104 0.750143 401.146 335.937 0.845256 410.303 390.759 0.857372 371.13 282.396 0.730108 367.274 339.821 0.827067 363.341 394.669 0.817666 0 0 0 0 0 0 399.867 171.505 0.759877 375.068 172.755 0.771304 351.645 390.705 0.674851 350.315 393.335 0.789635 367.256 402.5 0.799227 403.829 390.736 0.478486 411.642 390.784 0.493307 410.348 399.837 0.807516 
0 0 0 390.693 204.16 0.927955 412.992 204.129 0.901987 422.098 245.896 0.939636 418.132 274.604 0.763597 362.026 204.151 0.883739 350.33 245.945 0.914461 348.95 277.198 0.917494 389.439 283.698 0.747345 402.561 283.705 0.756082 401.121 337.187 0.837444 410.294 390.736 0.860055 371.19 283.71 0.743973 367.247 338.54 0.820259 363.332 394.655 0.819896 0 0 0 0 0 0 399.887 172.782 0.834625 375.097 175.375 0.760044 351.636 390.697 0.652497 350.308 392.103 0.77529 367.247 402.5 0.805313 403.818 390.71 0.472659 411.639 390.748 0.489218 411.552 398.569 0.806146 
0 0 0 390.682 208.02 0.877005 412.989 208.021 0.845215 423.361 245.899 0.932904 416.838 271.982 0.764964 362.077 206.753 0.831757 350.32 248.499 0.885608 348.958 277.197 0.920549 390.678 285.037 0.785945 403.813 285.049 0.770546 398.587 333.339 0.808579 410.284 390.744 0.859845 371.217 285.03 0.751805 365.967 338.544 0.817202 363.325 393.403 0.825341 0 0 0 0 0 0 401.125 174.128 0.760453 375.087 178.025 0.754833 351.601 390.708 0.666138 350.288 393.336 0.779705 367.252 402.483 0.799973 403.779 390.73 0.482157 411.609 390.767 0.479625 410.35 398.587 0.810552 
0 0 0 390.689 211.906 0.900948 412.977 211.903 0.868983 423.422 251.112 0.906167 412.939 273.296 0.785451 363.35 211.885 0.832783 350.308 249.806 0.879363 348.997 275.873 0.924849 390.717 286.319 0.810079 403.839 286.332 0.767572 398.569 335.941 0.818983 410.288 390.739 0.864474 372.481 286.322 0.743661 364.668 339.838 0.815849 363.346 393.395 0.82226 0 0 0 0 0 0 399.906 178.001 0.766603 376.406 180.618 0.752349 350.354 390.728 0.688046 350.282 393.355 0.782849 368.522 402.489 0.798386 402.548 390.737 0.497959 411.59 390.765 0.484932 411.56 398.57 0.814937 
0 0 0 390.709 210.656 0.90236 412.975 210.616 0.854807 423.458 245.947 0.921698 410.305 265.48 0.72467 364.67 211.885 0.817044 350.232 249.782 0.895124 355.52 266.829 0.784999 390.713 286.337 0.789656 405.101 286.333 0.7354 399.901 337.211 0.847744 410.291 390.719 0.859051 371.244 286.348 0.739226 365.932 338.585 0.815519 363.337 393.369 0.823458 0 0 0 0 0 0 399.903 179.309 0.795139 376.414 181.859 0.769286 351.62 390.711 0.63307 350.314 392.113 0.750142 367.276 402.467 0.813653 403.79 390.713 0.490101 411.619 390.749 0.493506 411.556 398.549 0.806542 
0 0 0 390.703 205.411 0.924403 412.966 204.157 0.910566 424.682 244.524 0.932648 409.007 257.628 0.680185 363.358 205.455 0.836708 350.227 245.879 0.963067 362.04 257.646 0.668723 390.72 282.438 0.759433 405.12 282.429 0.704482 401.189 335.926 0.849287 410.308 390.763 0.860002 372.473 282.43 0.718172 367.265 337.256 0.825786 363.32 392.016 0.846964 0 0 0 0 0 0 401.128 174.112 0.78709 376.406 178.016 0.737267 350.301 390.705 0.696514 349.03 392.072 0.824202 368.542 401.126 0.806335 402.554 389.45 0.460196 411.605 390.741 0.452239 411.559 399.855 0.820987 
0 0 0 390.699 202.76 0.927315 412.951 201.496 0.892703 423.437 235.496 0.947283 403.788 249.784 0.617199 363.369 202.764 0.855332 350.241 241.972 0.923837 369.817 247.193 0.63674 390.737 277.216 0.775561 406.422 277.22 0.700275 402.493 334.649 0.845179 410.316 390.739 0.856815 372.477 277.238 0.716047 368.566 332.023 0.789555 362.088 386.848 0.809852 0 0 0 0 0 0 399.859 171.467 0.830458 375.086 172.757 0.751448 351.641 390.697 0.622059 350.335 390.779 0.79253 367.226 392.109 0.806096 403.803 389.408 0.501762 411.635 390.699 0.497248 411.558 398.599 0.813488 
0 0 0 389.388 192.34 0.884622 411.671 191.051 0.906003 422.083 225.05 0.96042 401.17 232.809 0.346181 362.035 192.375 0.886453 350.226 234.098 0.962312 369.817 234.139 0.638323 390.731 266.724 0.785266 406.41 265.481 0.708207 409.018 326.774 0.782323 411.609 386.838 0.809532 372.473 266.748 0.730651 369.877 322.871 0.811388 368.578 377.714 0.825726 0 0 0 0 0 0 397.254 161.055 0.769431 373.759 162.347 0.666913 355.535 380.346 0.655581 356.788 381.627 0.777674 371.138 381.664 0.822524 405.132 392.04 0.57508 411.686 392.054 0.623826 411.562 393.344 0.806987 
0 0 0 388.124 189.765 0.83802 411.68 187.152 0.866731 422.074 224.954 1.00884 401.205 223.702 0.307877 360.797 191.052 0.876072 349.042 232.783 0.926387 369.871 232.805 0.665956 390.763 264.133 0.789423 408.987 262.853 0.698756 411.622 325.47 0.809202 412.965 388.139 0.815881 372.495 265.408 0.725972 371.121 320.25 0.83303 369.814 371.231 0.877082 0 0 0 0 0 0 397.253 159.747 0.709697 373.76 162.296 0.806531 360.712 373.798 0.540609 359.375 376.41 0.707037 369.904 380.249 0.841797 411.619 390.718 0.632481 416.85 390.763 0.603874 412.909 394.647 0.800627 
0 0 0 386.817 187.138 0.827068 411.625 184.552 0.885939 422.028 224.936 0.985373 401.157 223.672 0.229509 360.769 189.731 0.864134 349.016 231.526 0.922961 369.855 228.919 0.711551 390.796 261.534 0.765364 409.024 260.24 0.690095 411.648 325.471 0.812964 420.781 390.77 0.809647 373.761 262.845 0.706139 371.202 318.925 0.872269 369.838 371.143 0.888403 0 0 0 0 0 0 394.652 158.427 0.700985 371.207 161.055 0.875001 373.81 372.465 0.490339 368.549 371.217 0.525492 368.533 377.695 0.79115 419.449 393.352 0.399477 424.701 394.669 0.429766 420.772 399.905 0.774709 
0 0 0 384.231 196.28 0.849972 410.322 193.736 0.87919 414.27 234.056 0.897621 395.968 225.009 0.0906723 360.735 198.897 0.869527 350.25 236.731 0.943792 369.805 223.68 0.362909 392.017 273.271 0.774283 410.333 271.967 0.720286 414.277 330.731 0.799468 433.873 398.561 0.758287 373.801 274.571 0.706419 371.24 326.798 0.836657 373.81 372.453 0.798738 0 0 0 0 0 0 392.068 167.574 0.593758 371.14 171.516 0.869358 376.401 375.086 0.43232 371.21 376.377 0.529512 377.662 380.295 0.767636 436.437 420.745 0.628807 442.972 418.147 0.61299 436.438 406.396 0.679403 
0 0 0 382.958 204.091 0.905334 408.992 202.821 0.890111 412.992 238.038 0.865281 399.852 226.334 0.0814134 360.711 204.163 0.904866 349.027 244.512 0.935948 365.967 234.094 0.30425 392.007 277.249 0.796154 410.329 277.214 0.746072 419.428 337.249 0.784796 441.615 406.4 0.720578 373.784 278.53 0.719516 372.459 329.446 0.829545 379.02 380.258 0.8538 0 0 0 0 0 0 392.023 174.09 0.506541 371.115 180.598 0.819982 376.379 378.956 0.484039 371.18 380.286 0.643664 380.304 384.219 0.794008 440.318 424.681 0.526766 445.585 423.373 0.540833 442.974 414.284 0.720081 
0 0 0 382.935 213.203 0.89887 407.707 211.929 0.834643 412.958 244.562 0.936202 392.077 239.342 0.0812733 360.725 213.243 0.918816 349 248.511 0.885004 360.694 235.404 0.268129 392.015 285.007 0.791627 410.341 283.709 0.729505 420.737 341.18 0.797513 442.993 412.9 0.797733 373.8 286.293 0.722677 372.464 330.69 0.830865 380.238 380.278 0.867596 0 0 0 0 0 0 392.051 181.95 0.606522 371.117 184.574 0.761035 373.774 377.695 0.504391 371.15 380.293 0.667433 380.34 384.222 0.804329 442.969 427.298 0.539588 449.461 424.714 0.562341 444.307 422.065 0.755285 
0 0 0 382.894 218.455 0.86235 405.108 214.622 0.868191 412.889 249.786 0.880195 392.064 244.608 0.0720163 360.701 221.058 0.879031 348.957 256.296 0.91725 360.725 243.238 0.193885 392.054 288.978 0.775461 411.584 288.964 0.74486 420.762 350.28 0.814834 444.27 412.969 0.77624 375.101 290.271 0.707879 372.452 329.463 0.833177 380.229 380.242 0.857136 0 0 0 0 0 0 392.016 192.288 0.496165 371.126 193.656 0.880734 373.786 376.396 0.495886 371.15 380.255 0.658733 380.321 382.959 0.814274 444.214 432.499 0.60912 449.463 431.189 0.563882 448.16 422.102 0.689917 
0 0 0 381.664 232.775 0.886695 405.124 227.62 0.832047 411.635 258.915 0.830659 0 0 0 360.672 232.819 0.898412 350.26 268.079 0.910088 369.893 265.439 0.189405 392.101 300.672 0.78172 411.587 299.423 0.753704 420.76 360.768 0.828397 446.898 416.838 0.741156 378.956 300.704 0.733724 371.212 330.713 0.811738 379.013 380.254 0.844421 0 0 0 0 0 0 392.048 202.846 0.672018 369.914 205.404 0.838124 375.081 378.967 0.502021 371.163 380.291 0.665414 380.306 384.226 0.834487 445.6 435.108 0.645922 453.354 433.82 0.615896 453.387 423.389 0.712253 
0 0 0 382.913 235.455 0.917913 405.1 234.124 0.888703 411.57 264.143 0.760293 0 0 0 360.717 236.767 0.894989 349.043 275.854 0.927873 367.246 264.128 0.199746 393.408 307.238 0.773773 411.668 307.22 0.798259 420.758 367.227 0.833219 448.163 414.277 0.771114 380.264 308.483 0.775061 371.205 329.439 0.794382 379.008 379.022 0.834556 0 0 0 0 0 0 392.028 209.317 0.608236 371.138 213.207 0.863926 375.07 377.679 0.496774 371.154 380.253 0.658707 380.296 384.224 0.835695 449.493 433.877 0.635041 454.683 433.79 0.630079 453.416 422.085 0.723015 
0 0 0 382.897 243.214 0.879619 405.133 238.02 0.830406 411.568 268.063 0.689464 0 0 0 360.715 244.503 0.911055 350.288 277.259 0.920109 359.428 257.647 0.13826 394.648 309.857 0.73374 411.677 309.835 0.770942 420.755 369.911 0.875594 449.487 414.25 0.788184 380.263 311.122 0.748671 371.18 329.44 0.764739 379.012 379.025 0.835326 0 0 0 0 0 0 392.044 213.265 0.634695 371.126 215.84 0.881128 373.81 377.67 0.488963 371.152 380.254 0.651856 380.311 384.2 0.833116 453.339 435.143 0.704383 454.689 433.833 0.662506 454.722 420.755 0.703541 
0 0 0 382.908 248.487 0.882622 407.722 245.903 0.873512 410.288 277.204 0.597539 0 0 0 360.695 251.115 0.879804 350.35 286.28 0.921967 362.037 266.725 0.192137 395.956 320.273 0.734666 412.901 320.262 0.780145 420.767 377.696 0.847013 453.348 412.9 0.88582 380.292 320.27 0.760554 371.147 332.03 0.793761 379.028 380.26 0.856583 0 0 0 0 0 0 390.796 222.39 0.435319 371.125 224.989 0.908464 372.471 375.089 0.506515 371.132 380.243 0.651884 380.332 384.224 0.831184 453.39 435.165 0.754847 456.02 433.843 0.708846 458.608 414.271 0.742582 
0 0 0 382.912 253.722 0.89888 406.418 251.075 0.807868 411.568 278.516 0.597392 0 0 0 360.729 254.992 0.929384 351.589 287.64 0.924153 358.117 264.128 0.393551 398.541 326.761 0.733673 412.938 325.477 0.763971 422.009 380.31 0.892463 453.354 411.606 0.860269 380.341 325.503 0.767761 369.905 328.113 0.814213 379.009 380.242 0.843247 0 0 0 0 0 0 392.019 223.743 0.52743 371.123 226.298 0.829609 372.47 375.093 0.496256 371.135 379.02 0.645662 380.312 384.22 0.851496 453.397 435.132 0.779205 457.302 433.802 0.709391 458.632 412.901 0.719608 
0 0 0 382.927 256.256 0.924297 406.427 254.934 0.846024 411.578 278.536 0.552645 0 0 0 360.735 256.373 0.910478 351.6 288.938 0.899503 356.808 265.462 0.488128 398.552 328.123 0.769935 412.932 328.082 0.791588 422.055 381.594 0.918914 453.351 411.614 0.85297 381.568 328.117 0.794138 369.834 326.771 0.785784 379.013 380.26 0.851977 0 0 0 0 0 0 392.015 225.058 0.588434 369.879 230.2 0.796382 372.46 373.807 0.51733 371.142 379.007 0.657561 380.319 385.505 0.86133 453.374 435.107 0.79322 456.034 433.781 0.720127 458.635 412.901 0.705374 
0 0 0 382.903 258.922 0.886129 406.392 256.34 0.875318 411.56 285.017 0.596175 0 0 0 360.712 262.81 0.883514 351.596 296.712 0.896346 360.765 273.297 0.175474 398.583 332.028 0.758274 412.968 330.726 0.777579 422.1 384.219 0.868285 452.054 410.333 0.824477 381.578 332 0.765184 368.553 326.756 0.754582 378.983 379.013 0.835909 0 0 0 0 0 0 391.996 232.794 0.494607 369.918 235.373 0.875371 372.501 375.086 0.523623 371.166 379.002 0.671127 380.296 382.971 0.888117 453.347 435.152 0.755242 456.008 433.818 0.690884 456.053 410.312 0.703211 
0 0 0 381.681 261.553 0.874317 405.116 257.652 0.842411 411.581 286.357 0.656164 0 0 0 360.715 264.12 0.904296 351.613 296.784 0.911504 359.393 274.554 0.26566 397.276 332.027 0.744893 412.905 330.745 0.779942 422.108 384.242 0.854248 448.172 405.133 0.791727 380.353 332.015 0.771804 368.516 325.492 0.731466 378.979 379.008 0.833271 0 0 0 0 0 0 390.798 234.099 0.489121 371.118 235.425 0.871414 372.516 375.077 0.525811 371.174 378.991 0.675328 380.29 382.968 0.884434 452.058 433.876 0.768174 454.744 432.559 0.673684 454.715 405.089 0.733343 
0 0 0 382.893 264.126 0.894535 406.392 260.231 0.812032 410.326 290.231 0.637066 0 0 0 360.716 265.385 0.916513 351.607 298.062 0.915845 358.078 275.888 0.348446 397.286 335.93 0.764959 412.915 334.625 0.774962 422.091 386.848 0.842848 446.903 405.111 0.797755 380.356 335.908 0.767233 367.242 321.603 0.742215 378.992 378.996 0.834747 0 0 0 0 0 0 392.005 234.159 0.499527 371.121 235.502 0.835483 371.237 373.765 0.549049 371.14 378.967 0.680045 380.317 382.971 0.890124 452.082 433.814 0.768174 455.994 432.49 0.67756 454.673 403.824 0.730669 
0 0 0 382.918 265.423 0.918727 405.122 262.851 0.830984 411.597 288.965 0.727792 0 0 0 360.743 265.504 0.934978 352.894 298.14 0.881347 358.07 278.515 0.467086 397.278 338.509 0.788762 412.913 337.238 0.790715 422.107 388.151 0.849611 445.622 405.132 0.80264 381.568 338.528 0.786186 367.226 320.298 0.785731 377.711 378.991 0.811254 0 0 0 0 0 0 390.798 235.44 0.535509 369.927 238.071 0.819761 372.484 375.078 0.516489 371.134 378.985 0.664807 380.256 384.234 0.876432 452.072 433.883 0.743235 454.736 432.557 0.675221 453.415 403.831 0.737953 
0 0 0 382.934 265.483 0.923409 406.401 264.124 0.836727 411.6 288.993 0.715051 0 0 0 360.739 266.783 0.921894 352.906 298.161 0.874895 359.383 275.871 0.467109 398.578 338.562 0.802298 412.94 338.507 0.804365 423.391 388.14 0.839523 445.585 408.999 0.7995 381.636 338.577 0.766741 367.227 320.277 0.824874 377.69 380.256 0.829646 0 0 0 0 0 0 392.001 235.497 0.589203 371.107 240.674 0.815878 371.177 372.501 0.549166 369.872 377.701 0.667294 380.245 385.538 0.88966 452.089 433.851 0.754626 456.001 432.529 0.687485 453.382 407.716 0.703667 
0 0 0 382.924 265.481 0.926927 405.127 264.125 0.840703 411.641 288.924 0.729821 0 0 0 360.733 266.782 0.92286 352.911 299.362 0.872155 359.39 275.882 0.45422 398.574 338.561 0.805133 412.952 338.501 0.802244 423.395 386.841 0.831981 444.321 407.736 0.793248 381.619 338.579 0.772638 367.223 320.271 0.822581 377.681 380.244 0.827787 0 0 0 0 0 0 392.002 235.494 0.580712 371.109 241.922 0.811271 369.916 372.462 0.570376 369.839 377.676 0.66701 380.25 385.511 0.894249 450.782 433.828 0.743553 454.703 432.516 0.66663 452.108 407.725 0.644001 
0 0 0 382.933 265.472 0.925624 405.121 264.094 0.835777 411.636 288.98 0.7408 0 0 0 360.744 266.78 0.918096 352.908 298.153 0.879355 358.133 275.937 0.481042 399.836 338.562 0.819306 412.974 338.49 0.805298 423.411 385.53 0.829734 444.319 409.037 0.767525 381.648 338.575 0.772239 367.222 320.315 0.806945 377.676 380.24 0.824077 0 0 0 0 0 0 392.003 235.501 0.695306 369.901 241.937 0.813474 371.145 372.488 0.567176 369.859 377.685 0.670877 380.241 385.51 0.895497 449.485 433.781 0.717769 454.677 432.473 0.650239 453.365 411.6 0.598702 
0 0 0 382.918 265.438 0.92843 405.135 261.558 0.822585 411.611 290.237 0.711166 0 0 0 360.721 266.736 0.934754 352.925 298.119 0.880602 358.137 275.907 0.44197 399.836 338.522 0.8157 412.978 337.24 0.792056 423.407 385.55 0.828619 444.28 410.305 0.779207 381.632 338.519 0.773318 367.242 320.308 0.813781 377.684 380.241 0.828101 0 0 0 0 0 0 390.774 235.475 0.679733 369.861 240.656 0.806108 371.147 372.488 0.548332 369.86 377.687 0.657808 380.24 384.248 0.895371 449.493 433.782 0.706275 454.69 432.474 0.652544 452.095 411.639 0.597639 
0 0 0 381.664 264.106 0.895283 405.115 257.641 0.851407 411.672 286.316 0.835261 0 0 0 360.705 265.442 0.925794 351.639 296.737 0.889381 359.423 275.907 0.264006 398.601 332.03 0.758449 412.969 330.724 0.784346 423.353 382.91 0.863891 444.243 411.651 0.852513 381.602 332.009 0.763775 367.275 321.594 0.769053 377.696 380.28 0.837307 0 0 0 0 0 0 390.714 234.15 0.774487 369.805 236.766 0.752416 371.135 373.805 0.523897 369.863 379.005 0.655973 380.273 385.531 0.870171 450.789 435.12 0.681804 454.724 433.796 0.640625 450.761 414.226 0.653573 
0 0 0 381.619 258.952 0.88572 403.839 256.266 0.902612 411.662 282.42 0.805543 0 0 0 359.449 264.145 0.902686 351.596 291.539 0.845425 359.433 269.396 0.275902 399.881 330.742 0.777233 414.225 329.445 0.771483 423.369 381.605 0.88989 444.272 412.912 0.844427 381.649 330.705 0.770165 368.586 324.182 0.778847 377.702 380.27 0.838257 0 0 0 0 0 0 390.69 232.831 0.759995 369.807 235.471 0.790779 371.166 375.073 0.521406 369.872 379.01 0.6557 380.263 385.516 0.864714 450.785 435.13 0.673867 454.72 433.805 0.642629 450.803 416.846 0.649875 
0 0 0 381.643 256.364 0.92815 403.828 254.96 0.880783 411.672 277.196 0.825211 0 0 0 359.475 261.537 0.864645 351.606 287.637 0.899356 354.21 271.979 0.240058 399.889 329.383 0.805255 414.219 328.113 0.781194 423.378 380.301 0.888782 444.298 412.962 0.831458 381.662 329.365 0.786063 369.855 326.767 0.81888 377.708 380.299 0.846731 0 0 0 0 0 0 389.448 230.219 0.734892 368.542 234.175 0.770323 371.18 375.092 0.513061 369.871 380.245 0.648399 380.26 386.809 0.849519 452.074 435.137 0.701063 454.746 433.806 0.67215 452.065 419.453 0.664451 
0 0 0 381.629 254.995 0.944792 403.835 249.77 0.831065 412.883 273.295 0.82655 0 0 0 359.449 256.357 0.907466 350.335 285.034 0.877561 367.24 269.365 0.153669 399.888 326.76 0.774949 413.004 322.896 0.747327 423.356 378.969 0.862838 445.562 414.294 0.782245 381.643 326.768 0.763331 369.919 328.037 0.823104 377.708 380.31 0.840113 0 0 0 0 0 0 389.417 225.018 0.738898 368.527 230.213 0.676282 371.198 375.109 0.491403 369.879 380.259 0.631852 380.263 386.84 0.835355 449.492 435.135 0.609308 454.7 433.813 0.619855 452.111 422.093 0.7089 
0 0 0 381.602 245.876 0.936774 403.79 243.265 0.860423 411.667 261.56 0.798084 0 0 0 359.44 249.802 0.85234 350.293 275.935 0.907915 365.927 265.48 0.170885 398.551 317.612 0.755924 412.952 315.068 0.765262 423.345 371.174 0.902696 445.58 418.176 0.769099 381.569 317.632 0.774289 371.147 326.809 0.822921 377.71 380.291 0.840694 0 0 0 0 0 0 390.682 217.167 0.69053 368.505 223.673 0.701353 371.198 375.084 0.532014 369.862 379.015 0.660347 380.254 386.819 0.825325 450.793 436.449 0.627867 454.734 433.868 0.648238 452.088 424.723 0.695775 
0 0 0 381.581 241.923 0.877339 403.815 235.471 0.877239 411.654 256.26 0.745326 0 0 0 359.459 244.525 0.905118 349.033 268.108 0.867577 364.658 261.531 0.167321 394.657 308.542 0.758741 411.685 308.522 0.795066 423.326 368.585 0.870104 446.897 422.042 0.749956 380.275 308.572 0.76981 371.161 329.448 0.827 378.942 380.285 0.837011 0 0 0 0 0 0 390.702 213.262 0.783311 368.579 215.866 0.70303 371.227 375.076 0.527969 369.871 379.005 0.658248 380.244 385.532 0.818474 450.766 436.433 0.563505 454.742 433.86 0.600194 453.343 429.923 0.717661 
0 0 0 381.58 228.893 0.876638 403.836 224.988 0.883068 411.558 245.871 0.74045 0 0 0 359.421 232.809 0.872604 348.958 255.049 0.904843 362.044 244.564 0.212293 393.335 296.808 0.787153 411.621 296.748 0.770352 422.13 356.782 0.836738 450.76 420.763 0.730186 378.959 298.081 0.755108 371.21 333.332 0.787597 378.978 380.288 0.849365 0 0 0 0 0 0 390.688 202.748 0.868126 368.536 204.178 0.758895 372.46 376.405 0.505146 369.884 380.273 0.663076 380.291 385.515 0.80353 448.183 435.131 0.494767 454.746 433.835 0.496988 453.423 429.907 0.730965 
0 0 0 381.575 214.524 0.942846 403.796 211.935 0.862831 411.597 235.386 0.865435 393.358 241.975 0.0618796 359.379 217.162 0.849694 347.693 243.229 0.831129 351.621 223.633 0.324193 392.03 285.023 0.803428 410.331 282.413 0.716141 422.007 339.852 0.824964 442.937 402.509 0.805211 375.09 286.337 0.735917 371.231 329.405 0.848941 378.998 380.277 0.851021 0 0 0 0 0 0 390.712 187.157 0.798855 368.536 191.056 0.681873 372.473 377.667 0.515062 369.89 380.28 0.673732 380.305 384.25 0.798114 448.162 426.001 0.62936 453.389 423.415 0.619424 444.255 411.627 0.720244 
0 0 0 381.566 206.725 0.893166 403.819 204.122 0.880261 410.333 230.201 0.627001 0 0 0 359.383 210.622 0.85561 346.373 235.4 0.857909 358.098 215.875 0.21715 392.028 277.229 0.796013 410.335 275.923 0.739767 419.477 333.336 0.775604 439.055 401.187 0.753298 375.068 278.537 0.711341 372.521 329.377 0.803093 378.987 380.255 0.839107 0 0 0 0 0 0 390.68 179.331 0.762416 367.224 181.909 0.684078 373.774 377.704 0.489238 371.133 380.281 0.651655 380.28 384.229 0.806904 441.635 418.147 0.451062 445.572 415.539 0.496498 441.656 411.581 0.733605 
0 0 0 381.576 200.186 0.882353 403.831 194.984 0.851164 412.887 224.936 0.884032 0 0 0 359.388 201.52 0.879331 345.064 231.5 0.807601 359.453 213.273 0.195809 392.042 274.551 0.7752 411.575 271.954 0.715473 416.867 329.436 0.785032 432.55 399.883 0.819066 375.082 275.869 0.709252 373.8 328.068 0.787409 375.07 378.966 0.784887 0 0 0 0 0 0 389.456 171.455 0.774125 368.526 172.811 0.594715 379.009 380.287 0.500947 372.468 380.3 0.578042 375.091 382.929 0.775397 431.166 405.097 0.369986 439.017 405.116 0.38556 433.806 407.734 0.785114 
0 0 0 381.589 187.158 0.877095 405.099 183.249 0.882656 412.937 219.791 0.878495 393.362 213.273 0.104217 359.377 192.288 0.895703 348.948 223.724 0.919239 360.779 202.824 0.26653 392.077 264.167 0.756173 411.561 264.109 0.7051 412.88 328.1 0.853866 416.869 390.769 0.795265 377.679 265.47 0.696872 375.079 326.774 0.774117 373.805 377.705 0.761742 0 0 0 0 0 0 390.727 159.756 0.852032 368.542 162.374 0.690125 380.314 381.61 0.550352 373.764 381.58 0.578736 375.097 382.932 0.759858 414.252 389.457 0.460475 422.067 390.769 0.479488 418.136 399.859 0.71475 
0 0 0 381.616 184.552 0.908765 406.406 181.968 0.891015 412.998 217.185 0.868569 398.561 209.326 0.108714 359.369 189.748 0.866657 349.009 223.656 0.930848 365.947 205.415 0.267095 392.087 261.517 0.730128 411.565 258.937 0.697862 409.024 322.862 0.767321 411.562 384.212 0.776601 377.693 264.109 0.682878 376.385 325.471 0.766355 375.084 380.329 0.769235 0 0 0 0 0 0 390.766 157.116 0.810265 367.276 160.971 0.707876 381.583 389.417 0.49631 372.507 386.834 0.535286 377.661 389.434 0.725162 407.706 388.111 0.421244 412.973 389.411 0.477746 410.325 392.038 0.721854 
0 0 0 381.68 184.539 0.899205 410.275 181.938 0.892412 416.828 217.167 0.843525 401.139 206.744 0.110519 359.411 189.736 0.881055 349.043 223.678 0.945195 369.817 208.009 0.268558 392.082 258.946 0.738498 411.561 257.65 0.706559 403.842 320.29 0.811692 402.494 380.28 0.890278 377.689 262.813 0.678488 377.681 324.203 0.762452 377.663 382.94 0.755695 0 0 0 0 0 0 390.794 154.515 0.816284 368.562 160.962 0.797186 380.331 393.34 0.506655 372.516 392.068 0.560413 378.963 392.027 0.788669 401.164 380.299 0.537114 407.725 381.581 0.536864 401.22 386.81 0.820521 
0 0 0 382.915 191.072 0.887707 410.339 187.124 0.826539 419.455 223.631 0.896644 401.13 211.951 0.09161 359.466 192.369 0.917784 350.345 226.334 0.890261 363.329 206.729 0.189581 390.776 265.473 0.77609 407.713 265.443 0.707251 401.151 326.754 0.82344 390.747 381.579 0.778815 373.78 266.733 0.706058 377.676 328.083 0.76977 380.266 384.222 0.786056 0 0 0 0 0 0 392.065 161.041 0.784655 369.878 162.385 0.761043 376.37 414.23 0.637547 371.165 412.904 0.618016 381.597 392.019 0.714233 377.713 411.593 0.277252 385.545 410.294 0.235129 390.78 389.423 0.603295 
0 0 0 384.222 194.953 0.878877 410.35 192.408 0.923024 420.721 226.32 0.876151 399.902 221.066 0.158308 360.721 197.58 0.878729 350.368 234.049 0.89199 369.827 215.865 0.186091 390.789 273.292 0.763454 407.723 273.289 0.68596 397.248 329.385 0.777422 389.421 385.541 0.711255 373.803 274.545 0.690541 377.662 331.997 0.725742 380.283 389.44 0.757582 0 0 0 0 0 0 392.1 168.854 0.693557 371.119 171.452 0.767984 373.797 422.069 0.623162 371.157 419.478 0.582263 381.644 394.684 0.572002 372.508 420.757 0.29291 381.63 415.547 0.249575 390.694 393.343 0.525708 
0 0 0 385.553 202.835 0.887235 411.62 201.491 0.899063 422.03 235.422 0.960842 401.224 224.997 0.128114 360.761 204.104 0.920412 352.876 236.723 0.87053 369.878 222.366 0.207247 390.775 279.813 0.75194 407.723 279.805 0.67124 392.099 330.71 0.786477 389.449 378.97 0.684483 373.76 279.826 0.689545 376.366 338.542 0.745541 380.28 401.169 0.767038 0 0 0 0 0 0 393.384 174.078 0.712613 371.194 179.283 0.801389 369.838 431.169 0.702632 371.154 425.997 0.706079 385.546 405.119 0.682372 388.106 385.525 0.0588895 0 0 0 390.774 381.592 0.569827 
0 0 0 386.854 213.164 0.853007 411.662 211.886 0.875694 422.069 244.513 0.978617 402.445 234.115 0.13682 360.791 213.202 0.894168 352.894 244.611 0.901436 371.122 232.799 0.163297 390.696 287.676 0.728733 403.831 288.932 0.68569 390.793 334.604 0.69605 389.422 373.805 0.693949 372.474 287.674 0.695654 373.766 346.363 0.714911 378.987 408.999 0.719099 0 0 0 0 0 0 395.968 183.209 0.743006 371.213 184.531 0.693089 368.522 435.159 0.732431 369.876 433.833 0.757752 382.939 414.247 0.689994 388.127 382.914 0.0947682 0 0 0 390.707 379.01 0.661881 
0 0 0 390.679 226.278 0.918025 412.94 226.272 0.893822 422.006 258.944 0.891676 401.236 249.778 0.122434 363.333 226.277 0.860027 355.51 256.371 0.86426 372.511 252.394 0.153542 389.445 300.706 0.708393 402.538 301.975 0.700895 390.696 337.236 0.501397 390.698 372.482 0.677422 372.464 300.711 0.696484 373.786 359.452 0.72953 380.235 420.734 0.736588 0 0 0 0 0 0 398.583 196.288 0.736013 373.804 200.166 0.700112 367.231 437.716 0.60994 371.225 436.43 0.640915 381.642 425.985 0.670682 390.783 386.839 0.177369 394.674 384.209 0.194879 390.762 378.965 0.663429 
0 0 0 390.731 240.666 0.908127 414.249 241.942 0.840392 420.724 274.603 0.90549 399.892 266.759 0.0928932 365.934 239.352 0.819989 356.805 270.65 0.829001 371.182 257.659 0.149742 388.136 313.744 0.697827 402.469 313.734 0.728766 390.723 352.915 0.528765 389.433 380.256 0.57716 371.2 313.747 0.718773 373.784 369.809 0.717754 381.586 422.055 0.796951 0 0 0 0 0 0 401.215 213.174 0.822402 379.021 213.252 0.780596 367.223 439.014 0.644884 369.866 437.734 0.742702 386.843 427.316 0.658415 390.673 385.524 0.132962 392.032 385.518 0.132434 390.781 381.576 0.55669 
0 0 0 390.759 244.603 0.95985 414.224 245.838 0.896174 420.714 277.213 0.929045 401.179 269.384 0.135837 368.533 244.524 0.885236 356.788 275.874 0.884337 372.453 265.463 0.156746 386.827 317.618 0.718164 401.226 317.619 0.752349 390.731 358.1 0.541468 389.414 380.332 0.563618 371.168 317.615 0.738556 372.522 369.897 0.743013 381.661 422.084 0.814613 0 0 0 0 0 0 402.511 214.607 0.832393 380.295 217.147 0.787336 368.559 436.432 0.678498 369.871 436.427 0.77131 389.448 429.895 0.687665 388.121 386.842 0.111351 0 0 0 390.795 381.631 0.525716 
0 0 0 392.028 253.698 0.917855 414.293 254.99 0.870987 419.457 286.329 0.921193 399.885 279.794 0.12173 369.853 249.799 0.874527 354.221 278.538 0.832301 372.466 268.09 0.178484 386.855 322.894 0.685575 402.452 322.884 0.720946 389.411 368.581 0.553876 381.633 420.749 0.516593 371.17 322.894 0.717153 372.461 380.288 0.749478 382.97 422.099 0.788108 0 0 0 0 0 0 403.832 223.686 0.776023 381.642 224.956 0.840545 369.793 439.027 0.718108 371.148 437.758 0.732294 392.018 427.314 0.727534 363.353 437.743 0.265231 368.577 433.793 0.261365 389.427 423.392 0.192089 
0 0 0 392.087 256.287 0.950706 418.156 256.363 0.862045 415.568 288.963 0.843529 394.688 286.325 0.0901265 369.856 254.95 0.921303 354.224 284.996 0.846343 369.898 268.046 0.190612 388.113 326.811 0.718101 402.467 326.809 0.740186 392.098 350.274 0.548823 392.002 376.414 0.644942 371.164 326.801 0.735491 371.217 380.321 0.744183 382.954 420.761 0.767435 0 0 0 0 0 0 405.131 225.052 0.762573 382.916 226.294 0.799944 368.513 436.414 0.710595 371.163 436.42 0.759318 392.038 423.421 0.715822 389.423 382.961 0.140258 392.076 381.589 0.145022 392.119 380.296 0.607759 
0 0 0 393.342 257.613 0.909232 420.723 261.53 0.836857 415.528 295.441 0.820575 397.292 287.618 0.0850442 369.897 256.272 0.95686 354.223 286.319 0.88379 371.134 270.675 0.194164 388.134 329.404 0.741756 402.492 329.412 0.759539 392.112 347.691 0.633547 392.045 377.672 0.738978 371.176 329.402 0.74184 371.194 381.586 0.780817 381.673 414.265 0.802582 0 0 0 0 0 0 405.139 227.617 0.719773 384.236 228.927 0.691228 368.542 436.454 0.705559 369.889 435.125 0.790144 390.77 419.474 0.719563 386.84 384.237 0.180319 392.108 381.609 0.185485 393.335 380.347 0.686685 
0 0 0 394.663 262.842 0.851587 420.747 265.41 0.887338 418.136 296.818 0.862415 399.894 288.954 0.0933837 371.168 258.908 0.889766 356.816 287.678 0.871894 369.837 270.656 0.262828 389.402 330.711 0.731991 402.525 332.012 0.722606 392.041 347.639 0.614872 392.071 376.39 0.772579 371.221 330.707 0.739039 371.138 384.217 0.749499 381.646 414.253 0.815932 0 0 0 0 0 0 410.304 234.121 0.702851 385.554 234.129 0.833874 368.576 437.737 0.694066 371.123 435.153 0.772265 390.764 418.143 0.713917 389.437 382.929 0.238266 393.38 381.617 0.2519 393.349 380.35 0.754016 
0 0 0 394.653 265.416 0.902484 420.76 265.508 0.900043 418.156 298.043 0.855937 399.888 298.069 0.146217 371.167 261.553 0.879209 358.079 288.986 0.841957 371.174 275.879 0.221048 389.403 333.305 0.71003 402.535 334.627 0.707372 392.014 348.994 0.657392 392.073 378.986 0.774 371.223 332.032 0.722591 369.843 385.532 0.761224 381.666 414.281 0.786516 0 0 0 0 0 0 411.559 235.4 0.735576 388.129 235.411 0.836117 368.583 437.747 0.701574 371.13 435.167 0.765971 392.023 419.441 0.715412 389.399 382.927 0.275189 392.094 381.637 0.297428 393.375 381.645 0.781612 
0 0 0 394.685 265.484 0.909543 422.006 266.781 0.902185 415.565 299.412 0.801503 399.876 295.487 0.0620371 371.19 264.112 0.898683 356.836 291.546 0.82997 371.155 275.882 0.196721 389.417 335.923 0.716182 403.786 337.213 0.716095 390.754 350.26 0.61936 392.049 377.703 0.728077 371.241 334.639 0.714201 369.793 390.765 0.795178 381.671 415.533 0.758355 0 0 0 0 0 0 411.571 235.462 0.750509 388.108 235.491 0.823283 368.578 439.018 0.71241 371.141 436.431 0.758399 392.044 418.171 0.691559 389.409 382.931 0.259962 392.063 381.633 0.295109 393.374 381.595 0.73489 
0 0 0 394.68 265.509 0.905378 420.792 266.809 0.890541 414.294 300.709 0.784559 399.874 295.472 0.0517208 371.186 264.137 0.913899 356.834 294.134 0.83468 372.467 278.535 0.18316 389.434 337.233 0.742713 403.816 338.495 0.730278 390.789 350.277 0.617586 392.062 377.711 0.741489 372.457 337.207 0.723038 368.581 392.011 0.828709 382.894 414.293 0.764347 0 0 0 0 0 0 411.582 236.786 0.69628 386.831 236.735 0.819248 369.811 439.057 0.733341 371.146 436.449 0.769656 392.072 416.844 0.680226 389.454 382.904 0.274313 392.115 381.614 0.308062 393.375 381.605 0.753763 
0 0 0 395.967 266.699 0.901409 422.005 268.049 0.881136 414.272 300.696 0.77897 0 0 0 371.239 264.154 0.896244 358.065 294.157 0.840892 372.494 278.511 0.200569 389.452 338.489 0.750673 403.842 338.515 0.727512 390.799 350.336 0.656293 392.051 379.012 0.793665 372.478 337.252 0.722998 367.263 392.028 0.833979 384.244 416.832 0.759807 0 0 0 0 0 0 411.586 236.777 0.650406 386.85 236.741 0.81952 368.553 435.168 0.739141 372.457 435.151 0.785385 393.381 418.141 0.730123 388.147 382.965 0.292776 392.037 381.663 0.336046 393.354 381.655 0.771505 
0 0 0 395.962 265.495 0.902555 422.003 266.795 0.898795 415.566 299.385 0.788448 398.599 295.48 0.069868 371.23 264.122 0.890168 358.066 294.133 0.835719 375.072 282.412 0.208237 389.446 337.225 0.74076 405.092 337.256 0.722449 390.77 350.269 0.65503 392.058 380.248 0.79552 371.243 337.217 0.726594 365.943 392.034 0.829661 385.551 416.858 0.739208 0 0 0 0 0 0 411.594 236.76 0.629837 388.112 235.502 0.832283 368.565 435.133 0.751027 372.482 435.141 0.778721 394.676 418.173 0.690183 389.418 381.687 0.264063 392.04 381.629 0.303221 393.363 382.893 0.754844 
0 0 0 395.959 265.477 0.900401 422.002 266.775 0.894153 415.533 299.371 0.793309 395.985 296.754 0.0647568 371.218 264.099 0.886065 356.833 292.839 0.829226 373.765 278.521 0.218711 389.439 337.22 0.741726 403.828 337.249 0.731681 390.756 349.005 0.661782 392.032 379.024 0.80422 372.454 337.217 0.723828 363.367 392.002 0.832021 388.137 420.762 0.765611 0 0 0 0 0 0 411.612 235.478 0.730391 388.126 235.496 0.822874 368.559 435.167 0.731681 372.524 436.447 0.744576 397.255 422.053 0.683774 388.116 381.682 0.271748 390.792 381.606 0.310484 393.352 381.669 0.768489 
0 0 0 397.253 260.233 0.834316 421.998 264.145 0.883805 414.267 296.748 0.783852 399.862 295.486 0.0722152 372.466 257.631 0.880064 356.813 287.674 0.86588 371.169 270.66 0.257411 390.681 330.746 0.728493 405.088 333.316 0.70553 390.728 343.769 0.584814 392.028 378.994 0.812082 372.478 331.995 0.715981 363.339 390.678 0.836682 389.408 422.003 0.772308 0 0 0 0 0 0 411.568 234.102 0.739606 386.839 234.106 0.836988 368.52 435.168 0.730029 372.458 437.721 0.759127 397.288 422.064 0.707473 389.388 381.627 0.270397 392.013 381.593 0.316112 392.108 382.909 0.761618 
0 0 0 394.655 256.279 0.907891 420.778 257.611 0.872416 415.56 288.922 0.790709 398.561 287.679 0.130712 371.2 254.947 0.919279 356.781 284.993 0.835376 373.794 273.282 0.283601 389.448 326.797 0.748268 403.812 326.803 0.735456 390.732 342.456 0.713971 392.039 378.96 0.852244 372.476 326.806 0.721651 365.944 385.531 0.780807 390.697 423.325 0.862362 0 0 0 0 0 0 411.587 226.324 0.716111 388.128 226.315 0.79917 367.241 435.15 0.751186 372.472 439.014 0.786381 398.558 424.699 0.746432 386.844 381.638 0.312786 392.035 381.592 0.352421 392.112 382.898 0.85334 
0 0 0 395.99 253.683 0.854277 420.738 255.039 0.903749 418.148 286.259 0.831577 401.145 279.812 0.126008 372.523 248.487 0.834048 354.206 277.241 0.847615 376.381 273.261 0.299885 389.449 321.573 0.698418 403.805 321.596 0.69362 390.695 339.838 0.687155 392.046 378.956 0.828269 372.481 321.592 0.696878 368.533 382.891 0.828226 390.702 423.332 0.869424 0 0 0 0 0 0 410.345 224.984 0.700463 388.155 224.944 0.810036 367.238 435.105 0.755374 372.454 436.45 0.78945 397.257 424.716 0.756973 386.849 382.946 0.284922 392.053 381.664 0.308459 393.345 382.908 0.827191 
0 0 0 394.686 247.219 0.860006 419.473 253.671 0.86181 414.282 282.417 0.783444 395.963 275.907 0.106509 372.468 245.882 0.91427 352.909 275.835 0.871982 371.129 256.346 0.230358 389.455 317.697 0.751984 403.78 318.935 0.747985 390.694 338.561 0.733193 392.075 379.003 0.826111 372.487 317.691 0.715874 368.584 380.314 0.833837 390.674 422.111 0.854027 0 0 0 0 0 0 410.34 223.617 0.707957 388.148 222.406 0.802113 365.942 435.127 0.736781 371.207 437.716 0.792783 397.269 424.705 0.744648 385.52 384.209 0.259091 392.052 382.893 0.254667 393.407 382.952 0.814028 
0 0 0 393.39 238.053 0.86961 416.876 241.966 0.837297 415.545 273.287 0.823513 399.85 266.752 0.0938827 371.21 236.714 0.89915 351.63 266.702 0.873376 372.511 266.72 0.248669 389.435 308.521 0.740705 402.513 308.572 0.739192 389.447 335.929 0.656815 392.012 377.675 0.789419 372.487 308.511 0.715322 369.916 371.153 0.812531 389.447 422.121 0.860009 0 0 0 0 0 0 410.274 213.219 0.738863 388.106 213.216 0.807154 365.941 435.13 0.747269 371.231 437.743 0.792297 395.995 425.985 0.760098 380.295 386.824 0.14483 386.839 382.926 0.108318 393.396 381.636 0.768872 
0 0 0 393.34 234.184 0.931389 415.581 235.49 0.863261 414.28 266.725 0.86849 399.87 258.928 0.0892874 371.174 232.799 0.892697 351.608 257.623 0.867899 376.374 256.287 0.25978 388.146 307.186 0.747336 402.487 307.211 0.770312 389.42 330.737 0.602213 390.763 377.692 0.755709 371.206 307.177 0.733093 369.92 363.354 0.749351 388.13 422.075 0.80374 0 0 0 0 0 0 409.021 206.736 0.758767 386.809 206.709 0.75749 365.947 437.744 0.749997 371.238 440.335 0.778547 394.679 424.702 0.741553 381.63 392.064 0.092212 0 0 0 392.075 381.63 0.733187 
0 0 0 393.332 227.616 0.882641 416.855 232.774 0.840158 414.249 261.545 0.810943 394.693 255.059 0.12614 371.15 225.046 0.917952 351.602 254.969 0.891201 372.503 247.208 0.242381 388.109 299.366 0.71785 401.243 299.416 0.731661 388.154 332.002 0.59345 390.736 377.669 0.762231 371.204 298.118 0.729465 371.219 359.379 0.725487 381.681 420.73 0.793114 0 0 0 0 0 0 408.99 202.769 0.805323 385.551 202.762 0.797909 364.67 440.361 0.693572 371.17 440.339 0.745757 390.79 423.378 0.765415 384.218 395.976 0.139103 0 0 0 392.037 381.584 0.773292 
0 0 0 393.355 223.713 0.921198 418.137 224.978 0.878959 414.282 255.053 0.863636 397.265 248.49 0.0936704 371.144 222.364 0.886884 351.629 247.173 0.863874 371.159 235.425 0.240375 388.132 294.147 0.709325 402.441 295.451 0.742404 389.412 330.691 0.656845 390.719 376.402 0.713499 371.225 292.849 0.713815 371.219 350.275 0.73459 380.322 412.951 0.803914 0 0 0 0 0 0 406.42 193.729 0.802787 385.55 193.721 0.717662 364.656 442.943 0.640119 369.839 440.358 0.677253 388.154 416.866 0.68848 385.523 398.57 0.188886 390.77 390.744 0.182775 390.79 381.583 0.718162 
0 0 0 392.097 210.645 0.889483 415.566 213.175 0.857859 415.581 243.236 0.843331 398.578 234.116 0.110953 371.13 206.754 0.872114 351.638 236.712 0.874624 368.573 215.88 0.261545 386.84 279.807 0.708065 401.222 281.127 0.732609 389.431 328.102 0.775682 390.704 373.809 0.649283 371.188 278.522 0.728802 371.192 338.522 0.813602 373.766 399.87 0.713784 0 0 0 0 0 0 405.089 183.173 0.80227 382.944 181.979 0.752487 367.238 414.247 0.3788 367.265 412.938 0.501529 380.303 403.835 0.681902 382.901 394.656 0.205298 390.719 389.448 0.184625 390.804 380.307 0.599541 
0 0 0 392.025 202.856 0.95466 414.293 204.051 0.887943 416.834 235.394 0.892724 399.849 226.334 0.147079 369.867 202.814 0.919544 351.619 232.807 0.870446 372.465 219.781 0.16884 388.137 275.904 0.741007 402.439 277.158 0.759226 390.787 326.773 0.82189 390.797 375.099 0.782442 371.207 275.876 0.740107 371.175 332.034 0.804804 371.245 395.989 0.758895 0 0 0 0 0 0 403.778 174.106 0.779066 381.592 176.695 0.752403 360.804 414.256 0.591058 367.223 412.913 0.68675 379.014 401.214 0.781307 384.242 389.438 0.393089 390.793 385.526 0.407989 392.013 381.58 0.774875 
0 0 0 390.808 196.28 0.914117 414.262 196.285 0.851517 415.569 228.926 0.80487 397.273 223.708 0.0800329 369.806 195 0.875282 351.616 225.043 0.892934 369.904 213.24 0.170122 388.161 268.071 0.724973 402.458 269.359 0.748611 392.113 321.581 0.824604 392.059 376.378 0.823865 371.213 268.057 0.740821 371.154 328.086 0.856136 371.238 390.702 0.805269 0 0 0 0 0 0 402.502 170.19 0.780136 380.36 171.459 0.775712 363.347 408.997 0.562375 363.351 405.118 0.661212 378.986 394.663 0.782086 384.202 382.901 0.378595 390.773 381.604 0.380931 392.097 381.643 0.813332 
0 0 0 390.73 183.282 0.941323 412.975 183.293 0.897777 415.533 219.753 0.839798 399.877 206.749 0.0979468 365.955 183.226 0.870065 351.629 215.902 0.850604 363.369 194.998 0.153257 389.4 257.611 0.720841 402.495 257.644 0.735013 398.579 317.663 0.808144 392.048 371.135 0.874744 371.199 257.607 0.732518 371.169 319.014 0.83913 369.925 381.577 0.867583 0 0 0 0 0 0 401.23 157.143 0.778287 380.258 159.71 0.721562 363.34 389.438 0.531766 360.761 389.462 0.695933 372.46 388.13 0.771699 385.54 375.096 0.495659 392.063 375.081 0.504858 392.02 377.683 0.796011 
0 0 0 389.436 181.873 0.898447 412.882 181.872 0.91412 412.969 218.448 0.83723 0 0 0 363.321 181.861 0.856298 350.269 214.534 0.937025 362.035 191.055 0.208079 389.433 254.971 0.741508 402.541 254.99 0.747375 401.145 316.354 0.816678 401.149 377.682 0.822092 371.216 254.98 0.738939 371.171 316.343 0.828179 371.18 371.224 0.847911 0 0 0 0 0 0 401.132 150.652 0.84786 377.715 151.948 0.664654 373.784 375.067 0.463855 367.233 375.069 0.547677 371.214 380.278 0.81587 399.842 380.278 0.452898 405.087 381.574 0.506491 399.864 382.894 0.793524 
0 0 0 389.416 181.903 0.896463 411.676 181.904 0.918791 412.9 217.137 0.834144 0 0 0 362.059 181.891 0.887517 349.031 214.56 0.943918 360.746 187.129 0.30358 389.425 254.969 0.740028 402.539 254.974 0.74608 401.222 317.645 0.853298 402.5 380.268 0.851369 371.207 254.983 0.740384 371.176 316.321 0.819529 371.182 371.163 0.860475 0 0 0 0 0 0 399.885 151.864 0.83932 376.399 153.184 0.677774 379.021 372.493 0.505322 371.174 372.457 0.516524 371.173 379.005 0.787796 402.536 385.539 0.526054 410.324 388.148 0.60641 401.207 385.554 0.772191 
0 0 0 388.141 183.249 0.898814 411.615 183.214 0.91403 411.69 217.165 0.769934 0 0 0 362.035 183.291 0.886654 348.992 217.159 0.880274 360.741 192.382 0.282711 389.398 256.352 0.729103 402.517 256.346 0.751168 402.48 319.009 0.860623 407.693 382.896 0.756793 371.182 257.618 0.738436 371.188 317.635 0.839203 372.452 371.127 0.822073 0 0 0 0 0 0 399.858 153.197 0.741096 375.093 157.13 0.701335 378.99 373.785 0.489389 371.206 372.496 0.542895 372.473 378.968 0.757329 411.589 403.838 0.598502 414.243 402.49 0.639994 406.408 392.029 0.740566 
0 0 0 385.536 193.717 0.876732 410.344 193.653 0.89078 411.644 223.713 0.821098 0 0 0 362.02 194.964 0.874471 347.684 226.311 0.857285 360.743 211.912 0.299162 386.844 269.358 0.709548 402.472 268.092 0.762958 403.814 328.085 0.847503 414.242 389.42 0.796459 369.924 270.677 0.74399 371.21 324.16 0.815252 377.682 375.066 0.778601 0 0 0 0 0 0 398.551 170.12 0.65545 373.778 170.182 0.635786 379.016 380.267 0.52083 372.461 379.024 0.607289 378.947 381.601 0.822234 420.751 414.251 0.637635 423.427 412.912 0.618939 414.258 395.989 0.714329 
0 0 0 384.247 204.063 0.891722 410.327 202.852 0.882266 411.578 230.206 0.424786 0 0 0 360.776 204.078 0.906712 348.931 234.126 0.917614 362.04 215.891 0.258774 386.821 275.915 0.75798 402.445 275.905 0.797474 403.811 329.457 0.822234 420.785 394.68 0.767425 371.113 277.161 0.781059 372.46 326.807 0.836436 378.952 377.67 0.792589 0 0 0 0 0 0 397.296 177.979 0.562275 375.087 179.306 0.696702 380.263 380.298 0.55412 372.509 380.287 0.627617 378.975 381.653 0.84632 428.582 422.107 0.57855 432.503 420.765 0.575659 422.025 402.556 0.714298 
0 0 0 384.249 211.956 0.858189 410.322 211.957 0.86271 411.573 236.742 0.688052 0 0 0 360.788 211.941 0.878957 348.956 240.649 0.849427 363.357 226.303 0.225106 385.551 285.007 0.731902 401.244 283.741 0.768155 406.407 339.835 0.795814 423.384 402.46 0.823967 371.115 285.033 0.759098 372.464 329.364 0.837804 378.954 377.662 0.792061 0 0 0 0 0 0 397.272 183.247 0.416369 375.065 183.293 0.758378 378.975 380.285 0.535188 372.473 380.289 0.647835 378.986 381.65 0.85845 431.174 429.877 0.636747 433.853 425.983 0.604233 424.682 410.351 0.72253 
0 0 0 385.512 217.193 0.826316 410.276 217.154 0.824264 411.584 245.835 0.808462 392.065 245.905 0.0527729 362.011 218.488 0.839382 348.979 245.949 0.902903 359.461 224.976 0.501269 385.539 288.926 0.741085 401.223 288.932 0.793041 407.711 347.654 0.773243 424.716 407.737 0.731698 369.922 288.961 0.760993 372.476 328.15 0.824723 377.716 372.522 0.792243 0 0 0 0 0 0 395.954 192.318 0.544804 373.795 192.402 0.802804 379.023 380.306 0.571823 373.76 380.283 0.648654 378.984 380.35 0.860571 429.877 429.883 0.547935 433.851 425.992 0.551844 429.884 418.14 0.665152 
0 0 0 384.234 232.807 0.857148 410.315 231.533 0.84754 411.622 257.61 0.691577 0 0 0 360.779 232.784 0.882697 348.981 264.169 0.888845 369.838 256.333 0.233239 386.856 299.375 0.756606 402.45 299.383 0.805814 409.013 359.441 0.802921 424.732 415.554 0.750674 371.143 299.415 0.779094 372.455 334.61 0.774619 379.018 375.092 0.818226 0 0 0 0 0 0 397.273 204.098 0.703935 372.516 205.395 0.790743 377.671 378.972 0.536249 371.212 379.003 0.680922 380.3 381.597 0.887722 432.472 433.849 0.542351 435.147 432.544 0.576039 428.588 423.409 0.725168 
0 0 0 384.24 235.485 0.894729 410.281 235.487 0.871654 411.602 265.509 0.809783 0 0 0 360.774 235.48 0.914485 350.316 268.078 0.911271 371.231 265.434 0.348022 385.544 307.178 0.773835 401.231 307.199 0.821944 410.308 362.055 0.819462 425.996 420.73 0.757353 371.124 307.183 0.805616 372.452 338.524 0.81979 379.006 376.375 0.808864 0 0 0 0 0 0 394.692 210.632 0.767217 372.488 211.943 0.814539 377.698 380.291 0.561433 371.221 380.282 0.696045 380.28 381.614 0.882831 429.876 432.491 0.527943 433.872 431.208 0.581818 429.905 427.282 0.732616 
0 0 0 384.235 244.527 0.886679 410.279 244.492 0.870489 411.622 270.658 0.808525 395.986 269.37 0.0589631 360.801 244.515 0.897574 350.28 275.886 0.939296 368.569 264.129 0.169374 386.842 309.87 0.740087 402.441 311.129 0.793565 411.563 369.841 0.847893 424.729 420.774 0.775036 371.147 311.114 0.77489 371.24 338.568 0.818149 378.994 377.666 0.820813 0 0 0 0 0 0 393.411 214.542 0.711872 372.491 215.837 0.806633 376.38 378.967 0.527865 371.193 379.012 0.681669 380.274 381.639 0.891209 428.612 433.804 0.545654 433.836 432.527 0.592396 429.9 428.581 0.706001 
0 0 0 382.936 255.001 0.912525 407.714 253.726 0.847822 411.591 282.398 0.824286 393.337 284.998 0.0728066 360.758 255.03 0.92993 350.336 287.598 0.950278 359.402 266.743 0.235534 389.428 322.873 0.768977 402.518 321.586 0.787869 411.633 376.385 0.823037 424.729 415.543 0.760681 371.227 321.579 0.754735 371.118 337.246 0.714685 378.957 377.716 0.800987 0 0 0 0 0 0 392.092 225.026 0.621699 371.22 227.599 0.769259 378.969 380.306 0.505326 372.482 380.306 0.633195 380.245 382.895 0.826383 432.475 437.712 0.666088 436.433 433.865 0.666995 431.176 423.378 0.690782 
0 0 0 382.915 256.347 0.915451 406.418 256.26 0.887741 411.587 286.347 0.858506 394.687 287.615 0.0585677 360.706 257.622 0.915749 351.623 288.974 0.881921 360.749 268.053 0.191747 389.464 328.047 0.825059 402.543 326.805 0.809126 412.902 380.251 0.854376 424.73 412.991 0.781234 372.484 326.807 0.77871 369.854 334.644 0.690752 378.946 377.674 0.782603 0 0 0 0 0 0 392.07 228.928 0.593834 371.207 232.817 0.847681 378.992 380.335 0.520267 372.493 380.319 0.638568 379.023 381.657 0.824626 432.488 437.748 0.677 437.719 435.118 0.65283 431.193 420.779 0.659636 
0 0 0 382.925 258.928 0.872309 407.704 256.379 0.867635 411.604 287.651 0.884476 393.386 291.541 0.0659496 360.714 261.55 0.889612 352.889 295.412 0.851012 369.872 281.111 0.223803 390.697 329.4 0.837806 402.562 328.144 0.808091 412.947 380.256 0.84476 425.995 412.929 0.780618 373.763 329.403 0.788549 368.556 333.324 0.690925 378.96 375.101 0.775592 0 0 0 0 0 0 392.089 234.088 0.64238 371.161 235.379 0.884044 379.019 381.58 0.544255 372.51 380.311 0.658911 380.28 381.623 0.843464 431.228 435.154 0.685049 436.434 433.818 0.664756 431.204 419.464 0.631512 
0 0 0 382.913 264.112 0.882026 407.71 260.25 0.816265 411.581 291.573 0.810294 394.688 295.479 0.0577412 360.728 264.136 0.915879 351.628 296.787 0.920173 364.64 278.521 0.174273 390.68 330.751 0.806456 402.551 329.463 0.801521 413.006 380.297 0.83139 425.992 411.63 0.763581 372.502 331.999 0.776784 368.517 332.034 0.664425 378.95 372.497 0.783659 0 0 0 0 0 0 392.095 235.393 0.621752 371.16 235.497 0.845597 379.009 381.6 0.552113 372.506 380.312 0.660101 380.276 380.329 0.840147 432.466 436.41 0.684972 436.441 433.83 0.645902 431.192 415.56 0.583788 
0 0 0 382.924 265.454 0.918516 406.403 264.162 0.85002 411.602 295.436 0.864757 393.354 298.049 0.0985675 360.73 265.475 0.940089 352.897 298.123 0.894562 359.402 277.237 0.292347 390.693 335.914 0.822725 402.564 333.304 0.783117 415.552 382.911 0.733026 427.295 410.321 0.688741 372.525 335.937 0.786304 365.947 330.72 0.643678 378.966 371.226 0.793449 0 0 0 0 0 0 392.032 236.765 0.610471 371.165 241.926 0.821447 377.697 380.289 0.537827 372.452 380.252 0.681939 380.294 380.302 0.842726 432.541 435.105 0.684228 439.054 433.781 0.624924 432.459 412.957 0.511861 
0 0 0 382.941 265.507 0.910863 406.408 265.408 0.865287 411.576 296.754 0.849509 394.661 300.691 0.0677155 360.737 266.737 0.938307 354.186 298.144 0.877527 362.022 278.531 0.201451 390.685 335.934 0.823973 402.557 333.326 0.781633 416.838 385.543 0.702846 428.615 410.292 0.683882 372.508 337.203 0.795038 365.975 332.031 0.615391 378.96 371.221 0.781143 0 0 0 0 0 0 392.036 238.052 0.563447 371.176 243.224 0.857128 378.971 380.325 0.521631 372.463 380.28 0.658604 380.28 380.313 0.826362 433.808 435.165 0.615163 440.36 433.823 0.575475 432.511 410.34 0.521455 
0 0 0 382.943 266.718 0.909551 406.402 265.443 0.875701 411.572 296.781 0.844492 393.372 304.604 0.0796547 360.741 266.771 0.932027 352.929 299.373 0.872758 369.826 286.297 0.19106 390.685 337.219 0.838608 403.775 334.648 0.781626 416.857 388.11 0.733776 429.91 410.313 0.706872 372.504 337.254 0.804904 367.235 333.307 0.609611 377.712 371.172 0.780677 0 0 0 0 0 0 392.054 239.339 0.58198 371.187 243.269 0.857335 378.978 381.623 0.540869 372.463 380.322 0.66706 380.262 380.261 0.807063 433.781 435.159 0.64237 440.322 433.819 0.590262 432.552 410.341 0.538599 
0 0 0 382.932 266.742 0.911725 406.41 265.47 0.885838 411.56 296.809 0.846022 393.386 304.622 0.0881546 360.728 266.807 0.925766 352.92 299.407 0.863782 368.572 286.29 0.175293 390.71 337.229 0.854025 403.793 334.649 0.782142 416.846 385.534 0.712523 429.893 409.023 0.690804 373.785 338.487 0.803167 367.261 333.334 0.606547 378.95 371.222 0.789831 0 0 0 0 0 0 392.042 240.663 0.53068 371.183 244.508 0.876868 378.984 381.617 0.555384 372.478 380.327 0.68025 380.268 380.3 0.828979 432.553 435.149 0.655817 440.328 433.813 0.596784 432.548 410.312 0.539439 
0 0 0 382.959 266.72 0.907448 406.428 265.446 0.878435 411.575 296.781 0.843803 395.981 300.712 0.0682095 360.756 266.779 0.925268 354.195 298.16 0.87366 365.952 283.71 0.18215 390.706 335.912 0.824556 402.567 333.33 0.784848 416.838 385.517 0.739584 429.869 410.317 0.659805 373.792 335.921 0.778295 368.567 334.626 0.641961 377.718 372.465 0.787432 0 0 0 0 0 0 392.065 239.355 0.568744 371.193 243.259 0.851185 378.984 381.612 0.567437 372.48 380.321 0.690363 380.253 380.305 0.825334 433.779 435.13 0.672398 440.326 433.796 0.615232 432.513 411.611 0.489106 
0 0 0 384.209 265.497 0.902077 407.713 265.395 0.868099 411.587 296.716 0.832519 397.259 298.092 0.0528593 360.772 266.73 0.930666 354.213 298.141 0.876432 365.934 283.724 0.194121 390.722 334.642 0.8291 403.807 333.309 0.77805 415.568 385.524 0.728094 431.161 412.938 0.651146 373.796 335.909 0.784461 365.949 330.707 0.68939 377.668 369.882 0.772061 0 0 0 0 0 0 392.056 236.786 0.586153 371.179 241.95 0.839404 378.99 382.917 0.577381 372.483 381.572 0.68861 380.242 377.709 0.749833 432.536 436.412 0.64729 439.056 433.844 0.609607 432.559 415.546 0.48515 
0 0 0 382.957 265.413 0.899601 407.697 264.095 0.83394 411.573 295.442 0.7915 0 0 0 360.777 265.455 0.930041 354.203 298.065 0.899741 360.716 275.87 0.25275 390.739 332.02 0.83286 403.808 330.727 0.790302 414.294 384.214 0.757573 431.161 412.902 0.710274 373.814 332.027 0.777532 367.26 330.749 0.654531 377.687 371.131 0.759282 0 0 0 0 0 0 392.068 235.489 0.586312 371.13 239.344 0.80841 378.982 381.654 0.58401 372.481 380.342 0.692508 380.24 378.989 0.735968 432.517 437.722 0.664962 439.045 435.107 0.622839 432.555 414.26 0.565203 
0 0 0 382.967 256.316 0.906419 407.713 255.038 0.891839 411.622 285.033 0.875226 398.593 285.045 0.0550053 360.762 257.599 0.918168 356.824 287.714 0.885894 369.889 275.845 0.23079 390.716 324.172 0.808575 403.804 322.899 0.771066 412.935 380.265 0.868168 431.196 412.923 0.800608 373.792 322.861 0.742937 371.162 334.642 0.669297 377.708 372.514 0.779714 0 0 0 0 0 0 392.068 230.196 0.572602 371.177 232.827 0.852522 378.99 380.347 0.587771 372.509 380.299 0.680904 379.005 380.321 0.821647 433.798 437.745 0.726072 439.058 435.118 0.693207 433.82 416.872 0.651981 
0 0 0 382.953 254.936 0.885662 407.72 252.393 0.823786 411.641 279.789 0.871639 395.972 279.82 0.0557666 360.769 254.981 0.919545 356.808 286.348 0.911674 371.15 274.578 0.202072 390.714 318.946 0.842974 403.803 318.944 0.80024 412.914 376.383 0.843558 432.45 415.54 0.804011 373.774 317.695 0.772938 371.198 337.207 0.748564 377.7 373.794 0.776902 0 0 0 0 0 0 392.095 224.99 0.671157 371.161 226.328 0.807437 380.25 381.635 0.617804 373.764 381.563 0.684676 379 380.344 0.829626 433.831 439.033 0.726611 440.324 435.153 0.698174 433.827 422.089 0.719984 
0 0 0 382.948 248.48 0.865194 408.992 245.918 0.873362 412.882 277.147 0.912435 401.173 274.586 0.0681071 360.729 251.103 0.887007 358.064 283.711 0.851378 371.166 270.655 0.200714 390.748 315.048 0.82239 405.111 315.04 0.747925 412.904 371.209 0.874042 432.479 415.559 0.800305 373.807 313.759 0.737282 371.188 332.022 0.730084 377.702 373.758 0.777934 0 0 0 0 0 0 392.06 223.634 0.649814 371.134 224.936 0.877726 380.257 381.603 0.607944 373.764 380.329 0.673934 378.996 380.317 0.826934 435.111 439.042 0.695024 440.337 435.168 0.686228 433.855 423.352 0.721097 
0 0 0 382.961 244.625 0.896204 407.735 244.522 0.864566 412.88 271.955 0.878547 397.285 265.462 0.0599019 360.746 245.884 0.924826 358.078 277.209 0.900416 369.858 265.457 0.19532 390.716 308.537 0.838942 403.807 308.537 0.795266 412.937 368.564 0.866198 432.546 419.434 0.806271 373.768 308.502 0.774531 371.205 329.457 0.790708 377.713 371.223 0.7848 0 0 0 0 0 0 392.064 215.905 0.609804 371.108 219.786 0.803192 379.017 381.581 0.614864 372.51 380.302 0.678879 379.02 380.247 0.79826 433.843 439.022 0.633065 440.349 435.144 0.639994 435.121 425.984 0.703622 
0 0 0 382.917 234.09 0.903388 407.733 230.228 0.813314 412.944 258.933 0.884265 399.852 252.404 0.0988036 360.693 234.18 0.926577 359.353 268.058 0.873826 372.518 258.936 0.0969769 390.715 298.07 0.83938 403.817 296.821 0.784693 412.988 356.834 0.832422 432.554 411.667 0.834963 372.509 298.091 0.775635 372.477 328.137 0.813764 379.016 371.167 0.848263 0 0 0 0 0 0 392.033 205.433 0.688827 369.842 208.007 0.700305 378.971 378.974 0.546965 372.479 377.708 0.648415 380.28 378.973 0.818415 435.111 436.434 0.740421 441.646 433.863 0.69817 433.877 420.764 0.666034 
0 0 0 381.643 226.313 0.898566 406.426 224.955 0.88649 412.997 254.98 0.929096 399.895 244.588 0.119867 359.435 228.932 0.881194 356.781 260.233 0.799013 372.489 255.04 0.223131 390.722 292.835 0.798252 403.833 290.237 0.751432 412.968 348.949 0.851488 432.534 407.733 0.80833 372.51 292.876 0.744261 373.763 328.051 0.804478 379.024 371.128 0.844232 0 0 0 0 0 0 390.758 202.745 0.80562 369.826 202.857 0.716972 377.709 377.702 0.550804 372.463 377.68 0.658785 380.284 377.691 0.81635 433.82 435.115 0.744811 439.059 433.79 0.665321 433.833 414.277 0.668721 
0 0 0 381.666 222.356 0.885157 407.717 217.186 0.821166 412.994 245.948 0.930202 401.13 235.499 0.1559 359.478 223.649 0.931704 352.905 253.699 0.85823 371.228 244.604 0.294146 390.737 286.354 0.828198 405.101 286.299 0.759718 412.952 339.891 0.850605 432.447 402.453 0.81145 373.76 287.613 0.760593 375.096 326.807 0.775089 379.006 371.179 0.832273 0 0 0 0 0 0 390.794 193.729 0.800548 369.854 196.269 0.662715 378.965 377.694 0.539451 372.468 377.671 0.639931 380.239 379.003 0.826586 433.814 433.809 0.731444 439.034 432.493 0.621825 432.506 410.33 0.66442 
0 0 0 381.659 208.007 0.869149 407.711 204.158 0.861152 415.543 235.393 0.921262 401.227 223.688 0.169336 359.456 210.629 0.89653 350.331 239.337 0.868124 369.893 230.202 0.231942 390.761 275.902 0.823948 405.121 274.608 0.734347 412.926 332.003 0.832504 424.66 392.056 0.787943 373.81 277.157 0.733543 379.003 322.899 0.764104 379.011 371.227 0.825243 0 0 0 0 0 0 390.788 181.897 0.857201 369.854 183.169 0.729939 377.696 376.378 0.510474 371.21 376.381 0.625023 379.025 380.282 0.849026 423.399 416.852 0.703187 429.922 414.259 0.646751 424.722 401.209 0.692904 
0 0 0 381.686 202.755 0.897679 409.016 198.894 0.824462 414.268 228.909 0.837789 401.183 214.619 0.136857 359.473 202.801 0.938659 350.297 234.137 0.943081 365.945 215.849 0.17997 392.007 270.653 0.772258 409.015 268.078 0.698742 412.89 328.12 0.854445 422.079 389.405 0.804105 375.1 271.983 0.701874 380.236 321.585 0.792768 378.997 371.228 0.818021 0 0 0 0 0 0 392.033 172.829 0.790135 369.902 178.024 0.788562 379.019 378.955 0.540048 372.483 377.675 0.6117 378.997 380.289 0.840047 419.458 411.604 0.611563 424.696 409.033 0.575927 422.116 397.275 0.731482 
0 0 0 382.931 193.738 0.900364 409.04 192.393 0.903025 418.167 223.66 0.91013 402.473 209.31 0.160696 360.701 196.304 0.884197 350.308 227.595 0.892781 364.639 210.628 0.21042 392.081 266.738 0.776975 410.337 265.469 0.734083 412.889 326.762 0.831757 418.161 386.829 0.748474 377.711 266.794 0.710335 380.236 319.024 0.818485 377.689 371.217 0.781527 0 0 0 0 0 0 392.082 170.187 0.784356 371.112 171.513 0.852318 379.017 379.006 0.545883 372.475 377.71 0.600794 377.693 380.283 0.807637 418.169 405.117 0.617294 423.378 402.548 0.667604 418.15 394.651 0.734848 
0 0 0 386.812 184.544 0.85845 411.647 183.182 0.941367 422.001 215.885 0.904445 401.178 211.915 0.168113 360.759 188.435 0.868378 351.57 222.396 0.880965 360.774 196.271 0.194394 392.127 256.362 0.761373 411.559 256.343 0.739042 411.577 318.998 0.826919 412.921 381.625 0.837502 379.022 257.656 0.717969 379.017 317.669 0.828519 379.027 371.128 0.842224 0 0 0 0 0 0 394.646 157.145 0.768277 371.17 161.013 0.810364 380.302 371.164 0.454302 372.469 371.183 0.565132 380.249 378.977 0.798931 411.629 385.547 0.535648 418.156 388.136 0.552653 412.905 390.727 0.803572 
0 0 0 389.414 183.234 0.908296 412.898 181.907 0.934075 422.062 214.623 0.935326 401.221 210.639 0.140337 362.015 185.814 0.866674 351.644 222.345 0.844432 369.875 204.131 0.190711 392.127 256.305 0.765551 411.566 256.297 0.746163 410.315 318.942 0.820461 411.654 380.324 0.849551 379.014 256.35 0.722776 379.016 317.664 0.817496 380.25 371.19 0.843231 0 0 0 0 0 0 397.268 154.495 0.771233 371.233 158.448 0.713251 381.602 373.765 0.449327 372.51 372.512 0.541536 380.269 380.258 0.794125 411.591 381.639 0.497616 416.864 382.932 0.532581 411.627 389.394 0.7643 
0 0 0 390.702 183.232 0.929837 412.954 181.911 0.922954 423.324 215.828 0.942034 402.553 206.726 0.136499 363.366 185.82 0.833874 355.485 221.049 0.821696 363.365 196.271 0.183819 393.34 256.351 0.761671 411.579 256.343 0.750349 409.02 318.981 0.803532 411.578 380.253 0.836106 379.02 257.625 0.719753 380.267 317.648 0.822809 380.293 372.467 0.831049 0 0 0 0 0 0 398.595 153.191 0.802539 373.8 157.125 0.689164 381.61 377.667 0.474905 372.51 376.393 0.578518 380.305 380.342 0.829745 410.306 380.295 0.464186 414.278 381.585 0.52471 410.318 385.525 0.742504 
0 0 0 390.794 191.03 0.91198 414.284 188.422 0.822024 423.413 222.38 0.942372 422.019 191.056 0.213549 368.581 191.052 0.876009 358.065 223.729 0.899556 377.686 213.22 0.321961 392.096 265.438 0.761228 410.33 265.428 0.726975 408.992 324.193 0.757743 409.003 380.325 0.807988 378.969 265.447 0.699786 380.284 326.757 0.811842 380.295 381.629 0.851366 0 0 0 0 0 0 402.447 161.017 0.862019 380.261 162.337 0.756583 380.291 382.916 0.4181 372.454 384.218 0.555588 380.346 390.686 0.8093 403.833 381.633 0.496247 411.663 382.903 0.560652 407.729 388.108 0.736027 
0 0 0 392.087 193.691 0.937124 418.179 193.608 0.882992 424.728 225.038 0.893771 422.101 197.588 0.22617 369.805 194.973 0.885689 358.092 230.203 0.839192 378.982 221.075 0.265772 392.127 270.666 0.729153 411.567 270.677 0.719261 406.426 329.383 0.801538 408.984 382.904 0.788484 378.989 270.692 0.698774 380.283 329.4 0.838909 380.308 386.819 0.79561 0 0 0 0 0 0 402.519 163.623 0.82494 380.321 166.279 0.718264 381.595 389.443 0.478856 373.784 389.447 0.574793 381.569 392.102 0.820712 402.543 384.218 0.482266 411.619 385.521 0.524152 407.715 390.76 0.773706 
0 0 0 393.335 201.519 0.899713 420.769 201.49 0.876926 428.592 235.389 0.921831 410.284 223.687 0.271565 369.897 201.493 0.918108 359.394 235.426 0.937216 372.508 215.858 0.241962 392.091 275.879 0.772845 410.344 275.877 0.738923 403.813 330.711 0.820881 405.106 382.913 0.821711 377.708 275.869 0.705473 380.332 332.03 0.819209 380.339 389.454 0.834382 0 0 0 0 0 0 405.11 171.431 0.805436 381.66 171.538 0.834989 380.341 390.72 0.537282 373.782 390.766 0.629376 381.59 394.685 0.795395 402.502 382.91 0.513115 410.346 382.961 0.543584 405.106 390.722 0.784191 
0 0 0 395.962 195.024 0.844613 422.082 195.006 0.884369 429.913 232.846 0.90188 410.304 222.378 0.235213 371.118 196.269 0.889331 359.4 232.798 0.901835 378.973 223.63 0.26787 393.4 273.29 0.709129 411.635 273.295 0.733461 405.137 328.125 0.807148 408.991 381.619 0.801827 380.237 273.297 0.702212 380.305 329.443 0.835723 380.333 384.24 0.807829 0 0 0 0 0 0 407.716 166.259 0.805979 382.969 170.129 0.772384 377.698 388.155 0.496153 372.452 389.435 0.661521 381.61 392.053 0.815995 402.459 384.2 0.490958 410.34 384.245 0.486318 408.998 390.69 0.772478 
0 0 0 394.697 193.652 0.890083 422.101 193.625 0.927004 431.199 230.224 0.871385 410.34 222.346 0.298863 371.118 193.663 0.933537 359.395 228.892 0.877511 380.293 219.751 0.248821 394.644 270.653 0.699679 411.651 269.387 0.730373 409.005 328.123 0.79004 408.988 381.56 0.798731 380.25 270.677 0.704557 380.318 329.356 0.838677 380.32 382.947 0.819432 0 0 0 0 0 0 409.018 163.651 0.831306 385.507 164.973 0.7678 380.327 384.244 0.460533 372.503 385.547 0.570551 380.355 390.8 0.815391 402.513 381.63 0.489035 411.598 382.914 0.513892 407.725 389.396 0.727766 
0 0 0 394.642 192.356 0.895322 422.064 192.317 0.908835 432.442 226.271 0.925992 411.618 217.155 0.27242 369.918 192.319 0.933516 358.116 226.312 0.874907 372.481 206.75 0.263539 393.403 266.806 0.720499 411.635 268.042 0.745854 410.283 326.762 0.781934 410.279 381.576 0.810299 380.25 268.066 0.720427 380.319 328.082 0.843873 380.328 381.649 0.848357 0 0 0 0 0 0 410.327 162.34 0.856499 385.55 162.414 0.809014 378.98 382.919 0.491267 371.233 384.244 0.64327 381.596 390.721 0.83414 402.544 381.63 0.495567 411.626 382.913 0.51539 409.033 389.443 0.779239 
0 0 0 395.971 192.422 0.881459 422.095 192.376 0.920964 432.49 225.063 0.94309 411.669 214.565 0.261997 371.144 192.413 0.938803 355.484 225.068 0.854349 371.155 205.409 0.325381 395.946 268.061 0.702718 411.669 268.055 0.746765 411.557 328.083 0.83028 410.324 382.931 0.798985 380.298 268.098 0.72891 380.335 328.138 0.85159 380.334 384.224 0.815205 0 0 0 0 0 0 410.3 162.375 0.820469 386.82 163.633 0.774634 378.971 385.535 0.50847 371.233 388.118 0.67873 381.606 392.041 0.833507 403.797 386.825 0.524611 411.652 388.139 0.558692 410.276 390.784 0.794405 
0 0 0 397.253 193.683 0.890908 422.095 193.61 0.933474 432.508 226.306 0.920826 412.928 214.56 0.215924 371.169 193.733 0.910723 354.188 226.314 0.842173 371.212 208.014 0.283964 395.982 271.98 0.694681 412.888 271.958 0.738616 411.554 328.118 0.840286 410.347 382.932 0.813003 380.323 273.275 0.735227 380.366 329.427 0.848448 381.567 388.109 0.817798 0 0 0 0 0 0 410.275 163.627 0.78595 385.55 163.698 0.745969 379.013 386.837 0.566415 372.497 389.415 0.716977 381.68 393.347 0.812134 403.804 385.512 0.491176 411.658 386.836 0.516833 410.308 390.778 0.812234 
0 0 0 395.974 196.273 0.838687 422.08 194.998 0.893777 432.524 231.53 0.896652 412.937 215.849 0.152605 371.153 196.312 0.878508 352.877 228.925 0.828439 369.906 205.455 0.320017 395.984 275.856 0.718751 412.888 275.851 0.759093 410.345 329.436 0.825657 410.291 384.234 0.78894 380.316 275.88 0.745293 381.568 330.71 0.83833 381.615 389.433 0.838056 0 0 0 0 0 0 407.728 166.261 0.737095 384.248 168.834 0.761167 380.263 388.111 0.580273 372.513 389.45 0.729377 382.94 394.681 0.78728 402.507 385.535 0.470095 411.595 388.127 0.480089 409.033 392.024 0.787603 
0 0 0 398.562 198.892 0.829394 422.115 198.865 0.878775 432.461 232.772 0.90605 411.602 222.345 0.177084 371.21 198.91 0.854927 355.493 234.064 0.868701 373.769 215.859 0.356216 395.992 275.874 0.711534 412.888 275.871 0.749681 411.643 330.736 0.835382 410.33 384.243 0.800511 380.326 275.893 0.74212 381.576 330.712 0.84139 381.607 389.426 0.840963 0 0 0 0 0 0 410.29 167.544 0.802393 385.515 170.182 0.801717 380.288 388.124 0.580149 372.522 389.442 0.725264 382.91 394.679 0.79201 403.834 388.117 0.525715 411.664 389.407 0.576648 410.273 392.014 0.788986 
0 0 0 398.563 197.563 0.839126 422.117 196.29 0.884019 432.443 232.785 0.91409 411.595 222.368 0.180375 371.214 197.603 0.856867 358.084 234.08 0.898019 376.393 221.089 0.329565 397.259 274.587 0.702437 412.898 274.574 0.743303 411.634 330.704 0.837322 410.309 386.837 0.793736 380.344 274.605 0.740059 381.571 329.458 0.835904 381.612 389.413 0.83465 0 0 0 0 0 0 410.284 167.559 0.779367 385.513 170.178 0.770701 378.994 386.804 0.57239 372.495 389.406 0.735732 382.939 394.667 0.800638 403.824 388.142 0.501889 411.659 389.434 0.548711 409.038 392.08 0.784014 
0 0 0 398.594 195.007 0.87076 423.32 194.966 0.908424 431.195 232.771 0.884602 410.326 223.714 0.193449 371.202 196.304 0.869893 358.141 234.088 0.915006 376.381 221.074 0.302987 397.281 273.291 0.694019 412.915 273.271 0.737655 411.608 329.417 0.846707 410.314 385.527 0.790606 380.36 274.556 0.739723 381.575 329.44 0.841675 381.593 389.401 0.831515 0 0 0 0 0 0 409.003 164.979 0.777986 385.53 170.154 0.747523 380.278 388.116 0.566426 372.517 389.429 0.714084 382.896 394.644 0.801131 403.805 388.125 0.499603 411.656 389.422 0.546128 409.038 392.041 0.785873 
0 0 0 398.579 195.013 0.863269 422.129 193.74 0.913029 431.206 232.842 0.916725 411.599 223.681 0.184934 371.19 197.577 0.868989 359.382 234.118 0.933502 377.675 219.757 0.251307 397.268 273.29 0.688072 412.904 273.272 0.731708 411.591 329.433 0.834834 410.295 386.829 0.790639 380.348 274.556 0.730267 381.575 329.451 0.843453 381.595 389.435 0.840202 0 0 0 0 0 0 409.021 166.281 0.75518 384.253 170.178 0.781352 380.322 388.125 0.566498 373.782 389.447 0.698064 382.896 394.681 0.794806 403.805 388.14 0.492241 411.648 389.44 0.543582 409.005 392.075 0.768429 
0 0 0 398.587 197.59 0.833959 422.112 196.263 0.885098 431.23 234.056 0.928561 411.627 223.66 0.165463 371.241 198.903 0.848893 359.366 235.375 0.9477 377.713 222.387 0.31545 397.284 275.853 0.710393 412.916 275.852 0.751434 411.631 330.719 0.830747 410.309 386.817 0.796351 380.359 275.865 0.745668 381.579 330.724 0.828526 381.59 389.439 0.840578 0 0 0 0 0 0 409.036 167.584 0.726165 385.541 171.433 0.79675 380.337 389.394 0.56592 373.786 389.462 0.696287 382.893 394.679 0.78821 403.814 388.105 0.497736 411.655 389.41 0.547709 409.02 392.06 0.778703 
0 0 0 398.594 198.889 0.833771 422.113 197.568 0.875168 431.213 234.104 0.945259 411.619 223.699 0.179192 372.466 200.184 0.853834 359.376 235.388 0.952867 378.975 223.67 0.315837 398.545 275.87 0.712712 412.927 275.869 0.754553 411.638 330.743 0.83053 410.304 385.549 0.794675 380.364 275.882 0.744472 381.583 330.736 0.831435 381.592 389.438 0.839064 0 0 0 0 0 0 410.29 168.841 0.766881 386.806 171.438 0.784821 381.589 389.404 0.569612 373.81 389.46 0.685969 381.68 394.683 0.786864 403.827 388.119 0.510064 411.661 389.418 0.568242 409.005 392.049 0.777822 
0 0 0 398.587 198.875 0.834089 422.118 197.578 0.879993 431.183 234.117 0.941436 411.605 223.698 0.146802 371.229 200.16 0.853911 359.419 235.426 0.95071 372.504 213.242 0.266001 397.283 275.866 0.708154 412.919 275.859 0.748047 411.616 330.7 0.83401 410.301 386.832 0.793282 380.351 275.884 0.743544 381.586 330.736 0.828277 381.598 389.455 0.844876 0 0 0 0 0 0 410.282 167.586 0.766449 385.534 171.431 0.780425 380.316 388.148 0.569237 373.777 389.465 0.707354 382.899 395.95 0.794625 403.819 388.145 0.506811 411.655 389.444 0.562257 409.007 392.072 0.773927 
0 0 0 399.838 196.312 0.849521 422.132 196.264 0.886881 431.207 234.089 0.941299 411.583 223.647 0.157848 371.24 197.608 0.845017 359.442 235.406 0.963659 378.962 221.053 0.244498 397.249 274.587 0.696916 412.9 274.584 0.739477 411.603 329.452 0.836964 410.298 386.853 0.795893 380.335 274.591 0.736244 381.581 330.716 0.833074 381.612 389.456 0.845896 0 0 0 0 0 0 410.299 167.554 0.766987 386.834 170.182 0.761128 380.303 388.11 0.563614 373.767 389.437 0.711361 382.917 395.946 0.791682 403.839 388.119 0.495035 411.663 389.422 0.551673 409.004 392.084 0.771444 
0 0 0 399.852 196.313 0.854659 423.321 196.272 0.886877 431.205 234.098 0.947233 411.593 223.673 0.163663 372.462 198.862 0.842819 359.437 235.387 0.968948 380.246 223.691 0.296812 397.25 274.597 0.698854 412.903 274.601 0.744438 411.608 330.69 0.834714 410.291 386.842 0.792741 380.333 274.596 0.739634 381.57 330.694 0.837434 381.595 389.457 0.840183 0 0 0 0 0 0 410.331 166.243 0.762497 388.12 170.187 0.781943 380.321 388.151 0.568275 373.782 389.465 0.701468 382.9 395.946 0.788808 403.832 388.113 0.504827 411.664 389.417 0.562775 408.997 392.078 0.77492 
0 0 0 399.851 198.899 0.845444 423.331 198.872 0.880629 431.189 234.125 0.954777 411.619 223.642 0.131597 372.478 200.164 0.845363 359.428 235.393 0.963691 378.993 223.632 0.274164 397.26 274.607 0.702206 412.904 275.845 0.745457 411.608 330.694 0.830852 410.306 385.549 0.790811 380.344 274.609 0.741263 381.571 330.746 0.829792 381.597 389.436 0.838066 0 0 0 0 0 0 411.577 166.265 0.792639 386.855 170.134 0.773142 380.333 389.403 0.572403 373.799 390.695 0.701492 382.902 394.671 0.800051 403.832 388.121 0.508036 411.667 389.416 0.566026 409.014 392.049 0.779464 
0 0 0 399.842 200.161 0.842929 423.326 198.881 0.88079 431.188 234.129 0.952203 411.648 222.397 0.126262 372.475 200.184 0.851443 359.423 235.405 0.955421 377.672 219.773 0.259445 397.251 275.843 0.702176 412.891 275.849 0.746298 411.606 330.721 0.828945 410.302 386.84 0.793845 380.343 275.845 0.739585 381.57 330.755 0.827084 381.599 389.441 0.839155 0 0 0 0 0 0 411.569 167.562 0.786292 388.105 170.197 0.782413 380.329 389.403 0.570514 373.796 390.696 0.702015 382.906 394.676 0.79856 403.817 388.12 0.502971 411.653 389.42 0.552854 409.011 392.075 0.774909 
0 0 0 399.878 198.901 0.855545 423.374 198.874 0.873689 431.189 234.121 0.950777 411.618 223.701 0.131974 372.487 198.91 0.843678 359.44 235.381 0.960944 378.981 223.671 0.272192 397.248 275.847 0.705502 412.887 275.853 0.74772 411.598 330.727 0.82171 410.304 386.826 0.795306 380.338 275.849 0.741518 381.573 330.744 0.829799 381.605 389.453 0.844889 0 0 0 0 0 0 411.589 167.559 0.772398 388.135 171.43 0.811771 380.323 388.142 0.572154 373.786 389.463 0.707215 382.908 395.95 0.792144 405.089 386.835 0.477477 411.678 389.395 0.534964 409.024 392.07 0.782154 
0 0 0 399.879 198.905 0.855801 423.374 198.882 0.87486 431.188 234.134 0.950997 411.613 224.983 0.131756 372.487 198.91 0.843974 359.44 235.382 0.9615 378.98 223.671 0.272196 395.988 275.843 0.700906 412.879 275.852 0.744986 411.598 330.725 0.819857 410.305 386.823 0.794706 380.333 274.606 0.736417 381.564 330.728 0.832378 381.604 389.446 0.842083 0 0 0 0 0 0 411.588 167.56 0.772272 388.134 171.429 0.811581 380.325 388.135 0.568967 373.786 389.455 0.704496 382.909 394.697 0.789524 405.09 386.829 0.475667 411.677 388.155 0.533841 409.023 392.07 0.780416 
0 0 0 399.894 198.878 0.864346 423.392 197.577 0.87313 431.163 234.144 0.938082 411.578 225.033 0.153271 372.492 198.91 0.842938 360.688 235.381 0.968607 380.255 222.389 0.246296 395.987 274.608 0.699509 412.881 275.849 0.744434 411.597 330.735 0.820627 410.303 386.828 0.794959 380.332 274.597 0.736067 381.568 330.742 0.825386 381.604 389.446 0.838427 0 0 0 0 0 0 411.564 170.145 0.697317 388.133 170.194 0.810368 380.338 389.408 0.564048 373.798 390.696 0.694556 382.909 394.694 0.788917 403.832 388.123 0.48909 411.668 389.421 0.547967 409.019 392.071 0.782205 
0 0 0 399.904 198.879 0.870135 423.4 197.578 0.868448 429.868 235.372 0.92174 410.329 226.304 0.187875 372.51 198.908 0.837349 360.744 235.38 0.964283 380.337 223.687 0.232516 395.994 274.588 0.697968 412.892 274.588 0.746122 411.577 329.466 0.821734 410.302 386.818 0.793122 380.334 274.577 0.738177 381.573 330.727 0.829006 381.605 389.443 0.836887 0 0 0 0 0 0 411.583 170.157 0.799897 388.122 170.169 0.810715 380.333 389.407 0.565878 373.798 390.696 0.695657 382.913 394.692 0.787405 403.819 388.115 0.483571 411.663 389.414 0.53573 409.026 392.068 0.785706 
