15 214 4
0.0091885 0.0638608 0.00166 -0.14859 0.0126766 -0.0723781
0.13841 -1.58202 -0.142925 3.79158 0.192241 3.35638
-0.00734001 3.03858 -0.00820412 -0.701409 0.22278 7.25145
0.0907573 1.56368 0.0823019 -3.64006 0.448725 3.46373
-0.270696 -0.703253 3.61367 -0.301628 -0.530487 3.80291 -0.4538 -0.534309 3.75524 -0.512088 -0.250901 3.73246 -0.528296 -0.0253514 3.65795 -0.139298 -0.537849 3.83173 -0.0808623 -0.264091 3.80346 -0.0315849 -0.0344178 3.71838 -0.285261 -0.0268607 3.75039 -0.381955 -0.0232855 3.73296 -0.367687 0.35661 3.71052 -0.371907 0.745865 3.77202 -0.174302 -0.0286786 3.79067 -0.147062 0.363033 3.75042 -0.147979 0.755128 3.83114 
-0.270242 -0.702592 3.6124 -0.301394 -0.530857 3.8032 -0.453503 -0.533438 3.75534 -0.512073 -0.251753 3.73023 -0.52984 -0.025735 3.65581 -0.139338 -0.53757 3.83185 -0.0812093 -0.262511 3.80395 -0.0325401 -0.0337799 3.71849 -0.285545 -0.0276432 3.75153 -0.381121 -0.0258301 3.73265 -0.367928 0.354804 3.70922 -0.371995 0.744379 3.77208 -0.173569 -0.0292648 3.79156 -0.149628 0.359785 3.75286 -0.147183 0.753324 3.8277 
-0.269218 -0.702248 3.61097 -0.301024 -0.53206 3.80339 -0.452903 -0.53423 3.75533 -0.512358 -0.253492 3.72804 -0.53035 -0.0253353 3.65301 -0.137471 -0.536802 3.83152 -0.080972 -0.261813 3.80281 -0.0334754 -0.0333905 3.71873 -0.284872 -0.0280935 3.74921 -0.379597 -0.0265385 3.7317 -0.368609 0.355077 3.7081 -0.372163 0.743439 3.773 -0.172076 -0.0295025 3.79136 -0.154137 0.354462 3.75708 -0.144937 0.751504 3.82636 
-0.267527 -0.702125 3.61011 -0.300436 -0.535276 3.8034 -0.45178 -0.537277 3.75537 -0.511969 -0.254714 3.72567 -0.529869 -0.0239454 3.65039 -0.134932 -0.538205 3.83052 -0.0799796 -0.261765 3.80214 -0.0335291 -0.0341622 3.71915 -0.28283 -0.0283047 3.74861 -0.378645 -0.0274153 3.72976 -0.368727 0.355053 3.70774 -0.372305 0.742514 3.77309 -0.171041 -0.0294595 3.79186 -0.158066 0.353509 3.76259 -0.143033 0.750936 3.82688 
-0.264999 -0.702236 3.60962 -0.299345 -0.53791 3.80341 -0.449596 -0.540346 3.75546 -0.510666 -0.255758 3.72505 -0.526383 -0.0236601 3.64902 -0.130326 -0.539617 3.83107 -0.0779656 -0.261299 3.80197 -0.0327122 -0.035371 3.71984 -0.2789 -0.0285671 3.7496 -0.378044 -0.0276528 3.72837 -0.368286 0.354352 3.70859 -0.372486 0.742491 3.77229 -0.170448 -0.0292738 3.79315 -0.162329 0.351903 3.76749 -0.141228 0.751201 3.82881 
-0.262322 -0.70266 3.60931 -0.297129 -0.54043 3.80344 -0.447375 -0.541233 3.75562 -0.509167 -0.257103 3.72615 -0.520056 -0.0246032 3.64848 -0.12575 -0.542281 3.83107 -0.0742791 -0.261322 3.8012 -0.0305588 -0.0351831 3.72087 -0.27538 -0.0276069 3.75103 -0.377619 -0.0259845 3.72913 -0.367531 0.353991 3.71144 -0.372313 0.743637 3.7727 -0.170075 -0.028741 3.79394 -0.164772 0.351884 3.77238 -0.140592 0.751441 3.83091 
-0.260262 -0.702512 3.60922 -0.294916 -0.541455 3.80349 -0.446247 -0.542302 3.7558 -0.507345 -0.25809 3.72936 -0.511404 -0.0264388 3.64834 -0.121025 -0.543482 3.83063 -0.0702426 -0.261829 3.80084 -0.0265831 -0.0355661 3.7224 -0.272463 -0.0263818 3.75317 -0.377066 -0.0243986 3.73035 -0.367677 0.355493 3.71751 -0.372162 0.744938 3.77238 -0.169871 -0.027525 3.79427 -0.166754 0.353629 3.77746 -0.140816 0.752045 3.83184 
-0.259573 -0.702817 3.60904 -0.293801 -0.542015 3.8034 -0.445702 -0.54289 3.75582 -0.505883 -0.258246 3.73276 -0.503125 -0.0286537 3.64833 -0.118091 -0.544395 3.83026 -0.0658659 -0.262912 3.80093 -0.0220735 -0.0344919 3.72474 -0.271323 -0.0239883 3.75265 -0.376632 -0.0216624 3.73011 -0.369306 0.360239 3.72478 -0.372237 0.745617 3.77229 -0.169989 -0.0263577 3.79432 -0.1681 0.354117 3.78174 -0.141255 0.751825 3.83229 
-0.259144 -0.702678 3.60906 -0.293133 -0.542603 3.80325 -0.445428 -0.543524 3.75583 -0.504342 -0.257743 3.73721 -0.494451 -0.031496 3.64847 -0.117449 -0.545507 3.82933 -0.0621827 -0.263819 3.80143 -0.0169103 -0.0346801 3.72819 -0.272675 -0.0218727 3.75166 -0.377544 -0.0206157 3.73077 -0.369172 0.364258 3.73192 -0.372135 0.746342 3.77266 -0.170168 -0.0243704 3.79439 -0.169667 0.356879 3.78719 -0.142536 0.752217 3.83263 
-0.258893 -0.702004 3.6093 -0.292527 -0.543719 3.80286 -0.445303 -0.544758 3.75575 -0.503174 -0.258699 3.74044 -0.487485 -0.033304 3.64961 -0.116378 -0.546241 3.82793 -0.059368 -0.264947 3.80237 -0.0129814 -0.0349616 3.73328 -0.273003 -0.0200928 3.74939 -0.377789 -0.0188128 3.73034 -0.369019 0.366605 3.73715 -0.372108 0.746014 3.77392 -0.170282 -0.0231185 3.79444 -0.170733 0.359719 3.7911 -0.142738 0.752086 3.83237 
-0.258775 -0.701508 3.60851 -0.291667 -0.544613 3.80219 -0.445173 -0.546092 3.75567 -0.502048 -0.260583 3.74339 -0.483102 -0.0363354 3.65221 -0.114392 -0.547157 3.8249 -0.0565454 -0.265429 3.80278 -0.00938682 -0.0342623 3.73717 -0.274593 -0.0205834 3.74865 -0.377936 -0.0196789 3.73013 -0.368821 0.367571 3.74006 -0.372135 0.745799 3.77429 -0.170464 -0.0234477 3.79432 -0.171572 0.360042 3.793 -0.143085 0.751165 3.83119 
-0.258799 -0.700969 3.60646 -0.292357 -0.544347 3.80091 -0.445122 -0.545382 3.75501 -0.501705 -0.260033 3.74532 -0.481203 -0.0367122 3.65575 -0.112545 -0.547586 3.81952 -0.0540744 -0.265456 3.80273 -0.00745955 -0.0343573 3.74041 -0.276363 -0.0208092 3.74929 -0.37835 -0.0205838 3.72996 -0.368905 0.366291 3.74212 -0.372203 0.745565 3.77399 -0.171089 -0.0240897 3.79384 -0.172377 0.359784 3.79437 -0.143834 0.750233 3.8311 
-0.25907 -0.701365 3.60363 -0.292592 -0.544259 3.79851 -0.445251 -0.545175 3.75324 -0.501766 -0.258432 3.74657 -0.481259 -0.0353052 3.66111 -0.111801 -0.546496 3.81627 -0.0523338 -0.264976 3.8022 -0.00648171 -0.0341478 3.7434 -0.278513 -0.0206375 3.75009 -0.378905 -0.0205876 3.72979 -0.369295 0.367061 3.74472 -0.372348 0.745246 3.7751 -0.171947 -0.0237363 3.79354 -0.173314 0.360636 3.79559 -0.144876 0.750333 3.83217 
-0.259616 -0.700822 3.60091 -0.29229 -0.544166 3.79639 -0.445296 -0.545128 3.75218 -0.502612 -0.25658 3.7474 -0.484841 -0.0321807 3.66784 -0.111769 -0.546475 3.81352 -0.0522437 -0.266109 3.80107 -0.00622335 -0.0345405 3.74539 -0.279465 -0.019808 3.75129 -0.37929 -0.0197078 3.72987 -0.369374 0.368722 3.74752 -0.372162 0.746552 3.77579 -0.17238 -0.0231057 3.79339 -0.174054 0.365385 3.79584 -0.146299 0.750176 3.83248 
-0.260549 -0.700567 3.59741 -0.291198 -0.54395 3.79357 -0.445221 -0.545126 3.75151 -0.50419 -0.256988 3.74805 -0.490957 -0.0292055 3.67579 -0.1124 -0.54762 3.81195 -0.0527892 -0.26698 3.80038 -0.00661771 -0.0356173 3.74661 -0.279489 -0.0192579 3.75152 -0.379361 -0.0190237 3.73041 -0.369243 0.369205 3.74868 -0.372103 0.746998 3.77599 -0.172456 -0.0233129 3.79314 -0.174091 0.368242 3.79548 -0.146944 0.750818 3.83268 
-0.262116 -0.700509 3.59307 -0.291109 -0.54532 3.7907 -0.445282 -0.546827 3.75038 -0.505857 -0.258822 3.74856 -0.498515 -0.0259846 3.68326 -0.114063 -0.549171 3.81067 -0.0541367 -0.267925 3.8 -0.00778884 -0.0357329 3.74721 -0.280795 -0.0182679 3.74943 -0.379424 -0.0179049 3.72985 -0.369229 0.370639 3.7491 -0.372136 0.746955 3.77586 -0.172674 -0.0216121 3.79121 -0.174138 0.370616 3.79439 -0.146745 0.751235 3.83283 
-0.264547 -0.700717 3.58783 -0.292055 -0.546145 3.78563 -0.445392 -0.548403 3.7484 -0.508258 -0.258047 3.74918 -0.505505 -0.0209893 3.69005 -0.115623 -0.550804 3.80671 -0.0568273 -0.269456 3.79986 -0.0100509 -0.0359994 3.74728 -0.2822 -0.0180601 3.74589 -0.379819 -0.0171732 3.7295 -0.369344 0.370785 3.74851 -0.372289 0.746385 3.77528 -0.173269 -0.0214068 3.78857 -0.174939 0.370527 3.79209 -0.145581 0.751734 3.83305 
-0.26717 -0.700138 3.58266 -0.294201 -0.546933 3.78129 -0.445458 -0.549266 3.74716 -0.510726 -0.259035 3.7501 -0.511712 -0.0179729 3.69731 -0.117858 -0.550669 3.80433 -0.0602171 -0.270937 3.79882 -0.0139551 -0.0366123 3.74678 -0.284364 -0.0171647 3.74267 -0.38074 -0.0163762 3.72756 -0.370026 0.36974 3.74676 -0.372585 0.744826 3.77398 -0.174532 -0.021093 3.78647 -0.176107 0.368584 3.79176 -0.144873 0.751362 3.83317 
-0.270336 -0.701074 3.57808 -0.296466 -0.548351 3.77477 -0.445394 -0.550143 3.74621 -0.512782 -0.259992 3.75133 -0.51807 -0.0168765 3.70516 -0.119659 -0.551671 3.80014 -0.0631138 -0.271871 3.79673 -0.0193709 -0.0378502 3.74804 -0.287945 -0.0176338 3.73939 -0.382312 -0.0164072 3.72494 -0.370468 0.369913 3.74573 -0.372674 0.744356 3.77412 -0.176229 -0.0227475 3.78377 -0.177375 0.367357 3.79152 -0.144778 0.751378 3.83316 
-0.273639 -0.701639 3.57278 -0.298043 -0.550225 3.76432 -0.447579 -0.550354 3.74437 -0.514833 -0.262311 3.75303 -0.523756 -0.0181958 3.71388 -0.122102 -0.554661 3.79373 -0.0662454 -0.273874 3.79445 -0.0245663 -0.0382647 3.75117 -0.290885 -0.0183953 3.736 -0.385244 -0.0172521 3.72055 -0.371028 0.369803 3.74468 -0.372628 0.744598 3.77573 -0.17744 -0.0248825 3.77954 -0.177882 0.363928 3.79116 -0.145223 0.751777 3.83306 
-0.277664 -0.701027 3.56602 -0.29947 -0.550939 3.75442 -0.450899 -0.549929 3.74107 -0.517871 -0.263874 3.75551 -0.528496 -0.0205321 3.72563 -0.126201 -0.555916 3.78653 -0.0702409 -0.276626 3.79278 -0.0287461 -0.03915 3.75656 -0.292831 -0.0198022 3.73294 -0.388936 -0.0181776 3.71522 -0.37273 0.369254 3.74322 -0.372731 0.744143 3.77736 -0.178968 -0.0262577 3.7741 -0.178867 0.361248 3.79056 -0.146447 0.751399 3.83302 
-0.282048 -0.700302 3.55806 -0.301422 -0.551184 3.74676 -0.454892 -0.549972 3.73679 -0.521545 -0.266368 3.7592 -0.534187 -0.021865 3.74107 -0.131825 -0.556626 3.77772 -0.0749785 -0.280136 3.79039 -0.0330049 -0.0398268 3.76369 -0.296706 -0.0215713 3.73093 -0.393321 -0.0185153 3.71064 -0.373983 0.36763 3.74088 -0.372696 0.744311 3.77751 -0.181597 -0.0279159 3.76882 -0.180283 0.359226 3.79143 -0.149019 0.751403 3.83295 
-0.287475 -0.698308 3.54786 -0.305114 -0.551002 3.73906 -0.459232 -0.55055 3.73193 -0.526638 -0.271732 3.76491 -0.540926 -0.0237501 3.75613 -0.139592 -0.557571 3.7649 -0.0803049 -0.282407 3.78797 -0.0360769 -0.0405611 3.77106 -0.300765 -0.023529 3.72898 -0.398637 -0.0201226 3.7084 -0.375272 0.367109 3.73891 -0.372469 0.745299 3.77632 -0.184864 -0.0283515 3.76289 -0.181239 0.358262 3.79196 -0.150509 0.752012 3.83277 
-0.293808 -0.696734 3.53602 -0.307843 -0.550679 3.73026 -0.464054 -0.550238 3.72366 -0.532402 -0.278632 3.7722 -0.547175 -0.0276345 3.77206 -0.146998 -0.557195 3.75002 -0.0870635 -0.286861 3.7852 -0.0387617 -0.042966 3.77846 -0.304561 -0.0253 3.7284 -0.405449 -0.0221529 3.70859 -0.377192 0.367065 3.73906 -0.3724 0.745894 3.77558 -0.189668 -0.0289849 3.75867 -0.18176 0.359247 3.79232 -0.15205 0.751817 3.83259 
-0.302348 -0.695042 3.51957 -0.311663 -0.551194 3.71584 -0.469799 -0.549504 3.71152 -0.538362 -0.280577 3.78008 -0.55148 -0.0350946 3.79057 -0.154153 -0.557641 3.73221 -0.0923404 -0.289703 3.78144 -0.0407994 -0.0457694 3.7856 -0.308355 -0.0250729 3.72847 -0.413168 -0.0226912 3.71071 -0.378495 0.367876 3.73877 -0.372499 0.746533 3.77478 -0.196758 -0.0290264 3.75597 -0.182126 0.359602 3.79243 -0.151944 0.752714 3.83218 
-0.310761 -0.691758 3.5017 -0.315902 -0.550346 3.70246 -0.47523 -0.548271 3.69823 -0.544319 -0.282888 3.7843 -0.556783 -0.0410093 3.80381 -0.160458 -0.556642 3.71427 -0.096569 -0.292211 3.77623 -0.0427184 -0.0500472 3.79337 -0.311361 -0.0238762 3.72882 -0.42074 -0.0224586 3.71422 -0.379577 0.368407 3.73876 -0.372854 0.74609 3.77363 -0.204926 -0.0294921 3.75362 -0.181714 0.360174 3.78986 -0.152139 0.75176 3.83151 
-0.318632 -0.689411 3.48534 -0.323363 -0.54726 3.68892 -0.481547 -0.545445 3.68431 -0.549785 -0.283845 3.78058 -0.563407 -0.0452739 3.81355 -0.167065 -0.554239 3.69792 -0.100741 -0.29412 3.76989 -0.0452252 -0.0551696 3.79426 -0.314714 -0.0252903 3.72848 -0.427696 -0.0244328 3.71429 -0.381886 0.367745 3.73822 -0.373669 0.746037 3.77359 -0.213783 -0.030801 3.75267 -0.181486 0.359121 3.7848 -0.152775 0.751557 3.83022 
-0.326014 -0.68603 3.47155 -0.331835 -0.544626 3.67388 -0.489634 -0.542059 3.66844 -0.557163 -0.282749 3.77218 -0.571835 -0.0460939 3.81606 -0.173343 -0.551367 3.68244 -0.104768 -0.295117 3.76155 -0.0485811 -0.060735 3.78833 -0.318353 -0.0257121 3.72863 -0.431649 -0.0248415 3.71332 -0.3855 0.368693 3.73676 -0.373285 0.746651 3.77443 -0.220283 -0.0309061 3.74965 -0.181995 0.360548 3.77582 -0.153743 0.751968 3.82731 
-0.332901 -0.683199 3.4599 -0.340999 -0.540306 3.66138 -0.501658 -0.538398 3.6582 -0.563967 -0.279958 3.76155 -0.581395 -0.0443985 3.80897 -0.180397 -0.54702 3.67006 -0.107364 -0.294894 3.75012 -0.0524371 -0.061804 3.77361 -0.322317 -0.0254215 3.72464 -0.43463 -0.0238715 3.7105 -0.38991 0.370124 3.73309 -0.373688 0.746352 3.77466 -0.225358 -0.0300113 3.74134 -0.180806 0.363702 3.76072 -0.15512 0.751712 3.82129 
-0.339714 -0.68347 3.45013 -0.351386 -0.537872 3.65131 -0.515304 -0.535023 3.65057 -0.570148 -0.27355 3.74713 -0.591669 -0.0356266 3.79042 -0.191881 -0.544449 3.66259 -0.109592 -0.294691 3.7366 -0.0568624 -0.0595618 3.74961 -0.328711 -0.0242718 3.71641 -0.437903 -0.0222518 3.70425 -0.39596 0.373505 3.72503 -0.375198 0.744911 3.7743 -0.229894 -0.0290052 3.72802 -0.178511 0.36546 3.73338 -0.158113 0.750354 3.81078 
-0.343824 -0.684711 3.44445 -0.359082 -0.537208 3.64706 -0.5245 -0.53423 3.64612 -0.575932 -0.267771 3.72912 -0.598881 -0.027602 3.75945 -0.200467 -0.543567 3.65847 -0.10987 -0.293337 3.71891 -0.0600837 -0.0566693 3.71689 -0.333501 -0.0247319 3.7075 -0.439488 -0.0229845 3.69862 -0.399757 0.3716 3.71346 -0.376009 0.744413 3.77306 -0.233534 -0.0289352 3.71395 -0.176049 0.360588 3.69842 -0.159107 0.745253 3.79288 
-0.345934 -0.687643 3.44215 -0.364338 -0.536051 3.64485 -0.530535 -0.533796 3.6413 -0.582167 -0.260843 3.70483 -0.603813 -0.0202559 3.71466 -0.206344 -0.542083 3.65535 -0.109315 -0.291198 3.70077 -0.0635266 -0.0569043 3.67642 -0.336945 -0.0269593 3.69731 -0.440491 -0.0249609 3.69116 -0.402402 0.368595 3.69961 -0.376102 0.744673 3.77066 -0.237052 -0.0312745 3.69825 -0.173487 0.351884 3.65896 -0.158908 0.737288 3.76246 
-0.346425 -0.691527 3.4434 -0.367431 -0.536786 3.64329 -0.534273 -0.536065 3.63848 -0.590836 -0.255539 3.67236 -0.605635 -0.0173571 3.65133 -0.210303 -0.541816 3.65127 -0.108149 -0.289086 3.6796 -0.0670455 -0.0627567 3.62998 -0.338793 -0.0311084 3.68901 -0.440926 -0.0282571 3.69124 -0.403822 0.364126 3.68922 -0.375487 0.745952 3.76768 -0.238405 -0.0342597 3.68081 -0.169633 0.339317 3.60403 -0.155392 0.728471 3.71047 
-0.345721 -0.693244 3.44491 -0.370428 -0.536544 3.64121 -0.537323 -0.537106 3.63359 -0.597204 -0.252589 3.64165 -0.597697 -0.0268379 3.58667 -0.212325 -0.539458 3.64851 -0.106901 -0.285836 3.65363 -0.0738271 -0.0756903 3.57363 -0.33984 -0.0326975 3.67381 -0.442215 -0.0299717 3.6821 -0.405533 0.365426 3.67901 -0.375146 0.745764 3.76876 -0.238498 -0.0366434 3.65818 -0.166421 0.331598 3.5544 -0.149114 0.723258 3.63852 
-0.34358 -0.6946 3.44492 -0.372364 -0.535119 3.63582 -0.538396 -0.534994 3.62118 -0.601849 -0.251178 3.61148 -0.587629 -0.0394764 3.51927 -0.21343 -0.538365 3.64518 -0.105546 -0.282833 3.62497 -0.0858311 -0.099471 3.51063 -0.34042 -0.0329247 3.64784 -0.442466 -0.0297376 3.66077 -0.407874 0.369503 3.6607 -0.375103 0.744315 3.76722 -0.237638 -0.0372949 3.6297 -0.165406 0.325581 3.50118 -0.144801 0.721642 3.54746 
-0.340968 -0.695022 3.44186 -0.372331 -0.53289 3.62794 -0.538215 -0.533002 3.60741 -0.604924 -0.253421 3.58147 -0.5701 -0.0628273 3.45512 -0.214433 -0.535861 3.63841 -0.106025 -0.279066 3.5943 -0.103821 -0.131473 3.44986 -0.340397 -0.0339905 3.62703 -0.441885 -0.0307225 3.64082 -0.408555 0.371129 3.64034 -0.375205 0.742157 3.76457 -0.236034 -0.0379734 3.60652 -0.165721 0.321835 3.45267 -0.141843 0.71891 3.45748 
-0.337416 -0.69369 3.4362 -0.370813 -0.529754 3.61472 -0.537226 -0.530834 3.59451 -0.604907 -0.257576 3.54787 -0.54349 -0.103755 3.40031 -0.214124 -0.531526 3.62796 -0.105329 -0.272661 3.56131 -0.132548 -0.171413 3.40345 -0.338566 -0.0335756 3.6047 -0.440661 -0.0305384 3.62064 -0.408726 0.37374 3.62081 -0.375296 0.740982 3.76245 -0.234078 -0.0366852 3.5824 -0.166995 0.318776 3.41131 -0.140235 0.711614 3.37674 
-0.333839 -0.691349 3.42727 -0.368694 -0.524711 3.59726 -0.536173 -0.526052 3.58321 -0.602747 -0.25968 3.50993 -0.502494 -0.161762 3.35236 -0.21199 -0.527168 3.61477 -0.104276 -0.268483 3.52878 -0.166939 -0.221838 3.362 -0.336989 -0.0301141 3.57552 -0.439251 -0.0261929 3.59377 -0.411023 0.377288 3.59445 -0.375216 0.739768 3.75973 -0.231287 -0.0325059 3.55041 -0.170274 0.317473 3.36715 -0.14212 0.706753 3.29871 
-0.329923 -0.684735 3.416 -0.3645 -0.517514 3.57876 -0.532014 -0.517971 3.57228 -0.593875 -0.261088 3.47248 -0.46268 -0.224162 3.31513 -0.209197 -0.519524 3.59165 -0.103288 -0.265681 3.49513 -0.190681 -0.263333 3.3295 -0.334898 -0.0226686 3.5491 -0.43627 -0.0187194 3.57148 -0.41195 0.384968 3.56361 -0.375138 0.737638 3.75465 -0.22652 -0.0242304 3.52042 -0.172885 0.320238 3.32212 -0.145912 0.70382 3.22364 
-0.325678 -0.674711 3.40067 -0.358157 -0.504319 3.55888 -0.524913 -0.503116 3.55813 -0.579285 -0.258299 3.43185 -0.430489 -0.268322 3.28678 -0.20428 -0.507002 3.56435 -0.100188 -0.260159 3.46096 -0.205541 -0.289545 3.30203 -0.330987 -0.00920751 3.51853 -0.428294 -0.00581171 3.54644 -0.415033 0.399229 3.5309 -0.375127 0.734255 3.74885 -0.220082 -0.0106523 3.48521 -0.172845 0.325004 3.2702 -0.149884 0.701687 3.16132 
-0.320609 -0.659215 3.38167 -0.350431 -0.485612 3.53512 -0.513543 -0.485646 3.5369 -0.566065 -0.246368 3.39667 -0.405677 -0.286929 3.26383 -0.198793 -0.488434 3.5363 -0.0912346 -0.245689 3.42622 -0.209321 -0.301269 3.27852 -0.325252 0.0109785 3.48379 -0.421875 0.0149011 3.51711 -0.418086 0.415497 3.49492 -0.375212 0.731973 3.7419 -0.214133 0.00813013 3.44837 -0.168346 0.328335 3.21772 -0.152944 0.705356 3.11154 
-0.314407 -0.63778 3.35732 -0.340442 -0.458185 3.50819 -0.497996 -0.460438 3.51371 -0.553783 -0.223017 3.35993 -0.387457 -0.282739 3.2427 -0.190554 -0.460298 3.50559 -0.0796256 -0.219146 3.39103 -0.203706 -0.290041 3.25738 -0.316011 0.0393746 3.45071 -0.413518 0.0443823 3.48544 -0.422554 0.443333 3.45425 -0.375071 0.728838 3.73515 -0.207637 0.0342222 3.40927 -0.161164 0.33343 3.16131 -0.156325 0.716412 3.0737 
-0.307341 -0.611107 3.32904 -0.331704 -0.425739 3.47593 -0.486943 -0.426414 3.48391 -0.544497 -0.19353 3.32879 -0.373055 -0.264728 3.22077 -0.18032 -0.429389 3.4699 -0.0704975 -0.185853 3.35638 -0.19649 -0.264212 3.23496 -0.304417 0.0689613 3.41518 -0.403707 0.0730402 3.45649 -0.422256 0.479896 3.41165 -0.373942 0.724185 3.72721 -0.201694 0.0610403 3.37526 -0.154315 0.338363 3.10179 -0.156407 0.725544 3.04424 
-0.299874 -0.576926 3.29515 -0.320995 -0.384537 3.44358 -0.474786 -0.386624 3.4493 -0.538217 -0.154273 3.29626 -0.363199 -0.232429 3.19597 -0.16759 -0.388352 3.43788 -0.0629568 -0.14641 3.32478 -0.187671 -0.223693 3.2082 -0.298051 0.103467 3.38398 -0.394362 0.111285 3.42278 -0.41996 0.518246 3.37143 -0.373523 0.716361 3.71609 -0.19613 0.0903481 3.34235 -0.149021 0.343285 3.04354 -0.156703 0.731026 3.02658 
-0.291482 -0.536433 3.25947 -0.308261 -0.336362 3.40658 -0.462321 -0.339801 3.41072 -0.532054 -0.105813 3.2675 -0.35518 -0.188733 3.17304 -0.150734 -0.33983 3.40402 -0.0538995 -0.0976481 3.29549 -0.182049 -0.179496 3.18045 -0.291856 0.144121 3.35288 -0.385716 0.153702 3.39109 -0.412085 0.562266 3.33251 -0.372694 0.707602 3.70493 -0.189764 0.129504 3.30909 -0.145095 0.35558 2.9911 -0.157465 0.736105 3.01548 
-0.281702 -0.496947 3.22496 -0.298154 -0.296787 3.37427 -0.451978 -0.299994 3.37193 -0.524942 -0.0594476 3.24092 -0.34756 -0.144115 3.15217 -0.138922 -0.298443 3.37255 -0.0462534 -0.0534455 3.27019 -0.177399 -0.133956 3.15258 -0.285663 0.181622 3.32633 -0.378071 0.192144 3.36186 -0.40214 0.60145 3.30508 -0.370435 0.698252 3.69415 -0.183499 0.165536 3.28345 -0.142045 0.365674 2.95349 -0.157555 0.740182 3.00698 
-0.271995 -0.45874 3.19293 -0.289559 -0.255122 3.34521 -0.444865 -0.257821 3.33787 -0.517325 -0.0125372 3.2189 -0.340214 -0.0994703 3.13316 -0.129641 -0.256752 3.34812 -0.0381078 -0.00908178 3.25053 -0.173683 -0.089831 3.13168 -0.277574 0.219426 3.30533 -0.371278 0.231624 3.34006 -0.395743 0.642052 3.27863 -0.365667 0.69093 3.6802 -0.177454 0.202476 3.26179 -0.141939 0.374123 2.92186 -0.157766 0.743329 3.00125 
-0.26273 -0.422335 3.16534 -0.279682 -0.220824 3.32 -0.438424 -0.220605 3.30935 -0.507192 0.026145 3.19843 -0.331446 -0.0625926 3.11705 -0.122455 -0.222837 3.32456 -0.0309174 0.0302841 3.23071 -0.170151 -0.0517227 3.11508 -0.267889 0.250299 3.28997 -0.366597 0.263955 3.32158 -0.386144 0.676636 3.25438 -0.358337 0.687051 3.66358 -0.171169 0.233986 3.24669 -0.142043 0.380195 2.90039 -0.158087 0.74497 2.99798 
-0.253728 -0.388287 3.14025 -0.268876 -0.184302 3.29261 -0.430482 -0.187052 3.28046 -0.494116 0.0656108 3.18006 -0.321156 -0.025659 3.1023 -0.114954 -0.188124 3.30433 -0.0226721 0.0661343 3.21946 -0.165253 -0.0163405 3.10289 -0.256054 0.281234 3.27539 -0.362122 0.297 3.30482 -0.386173 0.707249 3.23744 -0.354843 0.687684 3.64777 -0.164238 0.26557 3.23464 -0.143302 0.38426 2.88402 -0.158353 0.744675 2.99516 
-0.24515 -0.365343 3.12015 -0.260468 -0.160046 3.27316 -0.424476 -0.161198 3.25603 -0.48467 0.0944911 3.16764 -0.31071 0.00351707 3.08995 -0.107263 -0.163242 3.28908 -0.0171671 0.0935244 3.21088 -0.161532 0.0122658 3.09104 -0.248438 0.301358 3.26572 -0.359175 0.319769 3.29449 -0.384916 0.725794 3.22688 -0.352184 0.689527 3.6359 -0.158706 0.284874 3.22841 -0.143892 0.388138 2.87278 -0.158102 0.742516 2.9939 
-0.237215 -0.347779 3.10332 -0.253224 -0.140237 3.25594 -0.417338 -0.141649 3.23622 -0.477872 0.114849 3.15977 -0.302561 0.0257475 3.07998 -0.100237 -0.143251 3.27513 -0.0131408 0.114975 3.20517 -0.157153 0.0351477 3.08042 -0.243657 0.317174 3.25899 -0.356794 0.337941 3.28773 -0.3816 0.741395 3.22154 -0.350392 0.69388 3.62575 -0.153885 0.299051 3.22715 -0.14354 0.390288 2.86476 -0.157557 0.74193 2.99566 
-0.229827 -0.333338 3.08778 -0.245677 -0.122935 3.23945 -0.412009 -0.127788 3.21962 -0.474052 0.131236 3.15531 -0.297722 0.0453093 3.07097 -0.0924319 -0.125881 3.25925 -0.0101124 0.133347 3.19923 -0.155238 0.0543332 3.0719 -0.241482 0.330715 3.2566 -0.355729 0.3508 3.28562 -0.380044 0.755738 3.21819 -0.348349 0.697581 3.61907 -0.151137 0.310603 3.22793 -0.142704 0.390378 2.85782 -0.156809 0.740427 2.99643 
-0.223064 -0.324144 3.07395 -0.239429 -0.113847 3.22489 -0.407225 -0.122631 3.20646 -0.472933 0.137804 3.15217 -0.295667 0.0574244 3.06424 -0.0854628 -0.116146 3.24572 -0.00751889 0.143087 3.19231 -0.154386 0.0660068 3.06358 -0.240078 0.336413 3.25518 -0.354479 0.354831 3.28476 -0.381872 0.759247 3.21546 -0.34742 0.702142 3.61365 -0.148291 0.315546 3.22916 -0.142782 0.39175 2.85518 -0.156671 0.740435 2.99937 
-0.21629 -0.325145 3.0651 -0.235055 -0.115641 3.21597 -0.40173 -0.125334 3.19785 -0.473558 0.132629 3.1506 -0.296926 0.058656 3.05986 -0.0790685 -0.115512 3.23685 -0.00603571 0.143302 3.18461 -0.15396 0.0689599 3.05681 -0.239671 0.333487 3.25647 -0.353323 0.351403 3.28462 -0.384313 0.752646 3.21694 -0.344584 0.70123 3.61138 -0.146522 0.31296 3.23406 -0.143619 0.39436 2.85777 -0.156468 0.740073 3.00625 
-0.209267 -0.337048 3.06007 -0.232585 -0.128854 3.21022 -0.398297 -0.13894 3.19723 -0.47623 0.113129 3.14987 -0.302054 0.0463736 3.05701 -0.0743801 -0.127155 3.22766 -0.00508977 0.134078 3.17494 -0.155444 0.0626784 3.05183 -0.239902 0.321336 3.25925 -0.353016 0.337763 3.28541 -0.383351 0.731744 3.21832 -0.341804 0.697675 3.61031 -0.147108 0.301384 3.23076 -0.145336 0.396593 2.86488 -0.156348 0.742443 3.02092 
-0.201919 -0.358119 3.06123 -0.229618 -0.152481 3.20766 -0.396982 -0.163184 3.20022 -0.481811 0.0822583 3.14803 -0.310128 0.0236979 3.05588 -0.069358 -0.148673 3.22259 -0.00442317 0.114593 3.16323 -0.157555 0.0457687 3.04682 -0.239959 0.300751 3.25904 -0.353027 0.313268 3.28538 -0.379745 0.696569 3.20905 -0.340133 0.686267 3.59427 -0.148006 0.283544 3.2306 -0.146453 0.403577 2.88038 -0.154779 0.743675 3.04757 
-0.194022 -0.391618 3.06771 -0.227367 -0.187585 3.20694 -0.396236 -0.202849 3.20368 -0.49083 0.0368289 3.14328 -0.319419 -0.00837948 3.05572 -0.0658329 -0.180919 3.22035 -0.00481598 0.0802648 3.15167 -0.160549 0.0131024 3.04231 -0.239986 0.270876 3.25795 -0.354449 0.280441 3.2843 -0.371165 0.631148 3.18201 -0.348103 0.677063 3.55308 -0.148071 0.256882 3.23634 -0.14843 0.423646 2.9116 -0.150501 0.749993 3.1023 
-0.188842 -0.435662 3.07713 -0.227242 -0.234991 3.20857 -0.395612 -0.250612 3.20913 -0.497731 -0.0199445 3.1352 -0.325235 -0.054721 3.05557 -0.0643638 -0.222443 3.22078 -0.00518828 0.0354066 3.14335 -0.163819 -0.0370389 3.03872 -0.241327 0.231205 3.25293 -0.355846 0.239384 3.2855 -0.381847 0.621347 3.23108 -0.359441 0.682018 3.61892 -0.151331 0.219879 3.22373 -0.144394 0.400814 2.89151 -0.154216 0.743029 3.05112 
-0.185717 -0.488228 3.08934 -0.226528 -0.290836 3.21394 -0.394487 -0.309879 3.219 -0.503481 -0.0915668 3.12167 -0.326313 -0.12074 3.05405 -0.0637265 -0.278028 3.22245 -0.00454473 -0.0203958 3.1378 -0.16519 -0.0992838 3.03598 -0.244152 0.184558 3.24584 -0.357998 0.189574 3.28474 -0.384208 0.581789 3.26131 -0.365573 0.680953 3.64642 -0.153486 0.175291 3.21264 -0.142077 0.387709 2.8898 -0.155097 0.736687 3.02793 
-0.183879 -0.554805 3.10244 -0.227437 -0.367004 3.22165 -0.392853 -0.385295 3.22895 -0.506639 -0.185093 3.11051 -0.326564 -0.204285 3.052 -0.0638601 -0.355189 3.22625 -0.00234789 -0.0940519 3.13566 -0.163601 -0.177058 3.03457 -0.246398 0.123196 3.23688 -0.358692 0.123981 3.28073 -0.382134 0.517007 3.28295 -0.370014 0.676523 3.64664 -0.152429 0.118265 3.20326 -0.140056 0.373301 2.90423 -0.154029 0.729644 3.02081 
-0.184538 -0.624755 3.11143 -0.229528 -0.445438 3.2306 -0.394739 -0.463464 3.23428 -0.507761 -0.271736 3.10951 -0.327577 -0.278634 3.05061 -0.0658355 -0.433594 3.23432 -0.00151209 -0.177348 3.13752 -0.162943 -0.259387 3.03598 -0.247698 0.0552143 3.23085 -0.359136 0.0530118 3.27234 -0.380757 0.447373 3.29384 -0.373436 0.663271 3.62244 -0.150776 0.0539193 3.19592 -0.138776 0.349317 2.93368 -0.150391 0.719721 3.02496 
-0.187278 -0.697603 3.11474 -0.231783 -0.526067 3.23722 -0.396502 -0.544406 3.23589 -0.510643 -0.34672 3.10291 -0.3259 -0.357335 3.05514 -0.067752 -0.514967 3.24002 -0.000652081 -0.258398 3.14446 -0.164477 -0.340739 3.03828 -0.250763 -0.0202707 3.22868 -0.360653 -0.0227886 3.26119 -0.378684 0.370166 3.29153 -0.376564 0.639466 3.57932 -0.149928 -0.0187347 3.19822 -0.136655 0.317228 2.98459 -0.142526 0.698435 3.04325 
-0.193405 -0.779309 3.11108 -0.234826 -0.62459 3.24181 -0.399924 -0.638409 3.23851 -0.510226 -0.42737 3.10425 -0.323005 -0.435247 3.058 -0.0705701 -0.613653 3.24526 0.000473674 -0.344447 3.1558 -0.164967 -0.42013 3.04246 -0.255356 -0.109099 3.22991 -0.361089 -0.11289 3.25118 -0.377266 0.28244 3.27173 -0.377885 0.604228 3.5027 -0.150044 -0.102803 3.20747 -0.132411 0.264688 3.05381 -0.127145 0.653701 3.08741 
-0.202062 -0.846367 3.10786 -0.238515 -0.698762 3.24648 -0.406817 -0.708479 3.24441 -0.512387 -0.473388 3.1121 -0.32403 -0.486916 3.06073 -0.0739657 -0.691896 3.24837 0.00060526 -0.412604 3.17026 -0.165093 -0.478307 3.04618 -0.259792 -0.177374 3.23147 -0.363308 -0.180234 3.24313 -0.378503 0.218625 3.23642 -0.37461 0.575279 3.39964 -0.150466 -0.170584 3.21661 -0.130007 0.217121 3.11881 -0.124201 0.606105 3.17505 
-0.21026 -0.893035 3.10268 -0.241827 -0.748126 3.24889 -0.413633 -0.75412 3.2521 -0.514427 -0.500136 3.12594 -0.327522 -0.517679 3.06514 -0.0762189 -0.742427 3.24663 0.00116372 -0.456642 3.18076 -0.164078 -0.50894 3.04862 -0.255864 -0.226061 3.23576 -0.360897 -0.229096 3.23824 -0.37616 0.172716 3.19101 -0.374952 0.558705 3.27644 -0.146957 -0.218412 3.22913 -0.12864 0.178851 3.17732 -0.129102 0.554733 3.294 
-0.21834 -0.911312 3.09691 -0.247149 -0.763828 3.24887 -0.418932 -0.768771 3.25544 -0.515318 -0.499507 3.14252 -0.330813 -0.51347 3.06694 -0.0814318 -0.760539 3.24408 0.000598023 -0.473037 3.18887 -0.164087 -0.515964 3.05008 -0.250672 -0.241856 3.24205 -0.358473 -0.244344 3.23452 -0.372344 0.154422 3.15405 -0.375954 0.553934 3.17103 -0.14246 -0.235415 3.24228 -0.128829 0.163638 3.2318 -0.135395 0.533451 3.39004 
-0.226648 -0.903471 3.08827 -0.25509 -0.74998 3.24591 -0.423106 -0.752893 3.25375 -0.51613 -0.472928 3.1602 -0.334876 -0.485567 3.06944 -0.0907641 -0.750201 3.24055 0.000172381 -0.46393 3.19553 -0.163587 -0.493407 3.05251 -0.245898 -0.234315 3.24883 -0.356515 -0.234074 3.23199 -0.361445 0.156136 3.11555 -0.372354 0.558507 3.07074 -0.138639 -0.229123 3.25694 -0.13041 0.1756 3.28398 -0.146808 0.53724 3.47009 
-0.235466 -0.867652 3.07768 -0.260811 -0.70872 3.24001 -0.426113 -0.70961 3.24594 -0.517783 -0.425197 3.17662 -0.338825 -0.435317 3.07415 -0.100321 -0.714532 3.23682 -7.42242e-05 -0.4307 3.2031 -0.163053 -0.446408 3.05665 -0.243223 -0.199039 3.25332 -0.354028 -0.197502 3.22733 -0.35101 0.180491 3.07247 -0.359952 0.581072 2.99956 -0.136095 -0.196323 3.27233 -0.133286 0.216312 3.32898 -0.165821 0.564862 3.53223 
-0.245313 -0.810695 3.06876 -0.267342 -0.643296 3.23387 -0.429437 -0.642452 3.23309 -0.519626 -0.357345 3.18449 -0.341563 -0.367579 3.08214 -0.108514 -0.650717 3.23796 -0.000904221 -0.377849 3.21329 -0.161157 -0.380367 3.06343 -0.241722 -0.13672 3.25834 -0.350926 -0.136429 3.22028 -0.339526 0.224799 3.0287 -0.336445 0.621353 2.9825 -0.134742 -0.136897 3.29078 -0.134823 0.281797 3.3459 -0.193482 0.608959 3.57461 
-0.253985 -0.740989 3.06037 -0.27198 -0.567501 3.227 -0.432471 -0.561283 3.21507 -0.520278 -0.285058 3.18267 -0.341951 -0.29881 3.09045 -0.112665 -0.577707 3.2412 -0.00212987 -0.310779 3.22625 -0.159732 -0.306103 3.07258 -0.241264 -0.0675517 3.26529 -0.34942 -0.0674291 3.21669 -0.326446 0.270416 2.98862 -0.319484 0.663019 2.99476 -0.134235 -0.0688707 3.3098 -0.12817 0.353809 3.33858 -0.213287 0.645888 3.60415 
-0.261111 -0.661697 3.05238 -0.276165 -0.481533 3.22104 -0.435769 -0.472764 3.20022 -0.520395 -0.203384 3.17351 -0.337815 -0.221591 3.09506 -0.115697 -0.495185 3.24334 -0.0046899 -0.234866 3.241 -0.158796 -0.226237 3.08169 -0.239994 0.0126557 3.27293 -0.347179 0.010853 3.21641 -0.314078 0.316215 2.95315 -0.304661 0.699809 3.00877 -0.134865 0.012144 3.32403 -0.117108 0.430885 3.32278 -0.226364 0.670614 3.62218 
-0.269196 -0.578595 3.04567 -0.280797 -0.389411 3.21527 -0.440649 -0.37954 3.19017 -0.518507 -0.111737 3.16632 -0.33028 -0.140028 3.09504 -0.119303 -0.404563 3.23947 -0.0101645 -0.158253 3.25042 -0.158942 -0.149554 3.08675 -0.241791 0.0943407 3.27999 -0.347446 0.0898332 3.22109 -0.306378 0.346345 2.92392 -0.289936 0.716038 3.01297 -0.136636 0.0965126 3.33294 -0.0986453 0.508479 3.29636 -0.231057 0.681721 3.62475 
-0.277255 -0.504021 3.0396 -0.284631 -0.312505 3.21013 -0.446426 -0.298562 3.1805 -0.513991 -0.0330546 3.16061 -0.320279 -0.0723155 3.09309 -0.121858 -0.329596 3.23883 -0.0135695 -0.0897492 3.25482 -0.160412 -0.0821201 3.08795 -0.240318 0.1609 3.28299 -0.345104 0.157066 3.22631 -0.302582 0.364941 2.90192 -0.285118 0.726023 3.01844 -0.13543 0.165918 3.33656 -0.0791305 0.572883 3.26883 -0.228615 0.680009 3.61731 
-0.287376 -0.436247 3.03466 -0.28848 -0.243488 3.20676 -0.452294 -0.225609 3.17422 -0.508529 0.0419143 3.15545 -0.311859 -0.0141954 3.08861 -0.125938 -0.258135 3.23618 -0.0153734 -0.0309174 3.25487 -0.159994 -0.0212346 3.08607 -0.238214 0.221239 3.28389 -0.343822 0.215831 3.23425 -0.302421 0.38527 2.88972 -0.284973 0.733749 3.02542 -0.134594 0.224637 3.33448 -0.0724228 0.630361 3.24575 -0.225709 0.679441 3.60702 
-0.297559 -0.382192 3.03069 -0.291623 -0.189739 3.20329 -0.456585 -0.170124 3.17557 -0.502567 0.0989329 3.14987 -0.303859 0.0295304 3.08433 -0.130674 -0.208442 3.23195 -0.0148782 0.0169321 3.25074 -0.159453 0.0249562 3.08064 -0.235558 0.266339 3.28494 -0.341919 0.259644 3.24113 -0.303562 0.40309 2.88614 -0.28676 0.737339 3.03677 -0.134142 0.271756 3.32904 -0.0722848 0.67489 3.22168 -0.220546 0.68332 3.58931 
-0.305145 -0.34258 3.02725 -0.293119 -0.150562 3.2016 -0.458927 -0.130937 3.17951 -0.498961 0.138835 3.14618 -0.299237 0.0643848 3.07869 -0.134034 -0.173076 3.22534 -0.0143693 0.0495903 3.24458 -0.158359 0.0604057 3.0751 -0.233146 0.302174 3.28433 -0.339495 0.294665 3.25029 -0.304389 0.419974 2.89161 -0.290402 0.737811 3.05641 -0.13399 0.306328 3.3199 -0.077837 0.700179 3.19129 -0.215907 0.686909 3.55462 
-0.310249 -0.315452 3.02403 -0.294044 -0.122726 3.20083 -0.459882 -0.102877 3.18257 -0.49506 0.166108 3.1433 -0.296288 0.0913033 3.06969 -0.135821 -0.145919 3.22122 -0.0144927 0.0764501 3.23836 -0.157429 0.0854621 3.06817 -0.231125 0.328192 3.28415 -0.337609 0.323049 3.25782 -0.304513 0.449333 2.9117 -0.295437 0.737866 3.09736 -0.133134 0.332447 3.31029 -0.0922867 0.699963 3.15282 -0.212835 0.689393 3.50007 
-0.312586 -0.298444 3.0215 -0.294363 -0.10379 3.19921 -0.45942 -0.0869842 3.17859 -0.492064 0.182851 3.13812 -0.293697 0.110433 3.06159 -0.136496 -0.126469 3.21888 -0.015352 0.0949256 3.22982 -0.156614 0.104089 3.05928 -0.230653 0.344726 3.27676 -0.335234 0.338555 3.24806 -0.306201 0.428792 2.87907 -0.291066 0.740901 3.05586 -0.130947 0.351425 3.30485 -0.0959899 0.746828 3.17171 -0.214192 0.685415 3.53223 
-0.313311 -0.289531 3.01886 -0.2928 -0.091615 3.19543 -0.458405 -0.078765 3.17401 -0.489903 0.191993 3.13241 -0.291898 0.121361 3.05412 -0.134953 -0.114636 3.21623 -0.0154655 0.104454 3.22091 -0.154041 0.115381 3.05107 -0.230683 0.351229 3.2706 -0.334694 0.346055 3.23517 -0.306071 0.417899 2.86139 -0.288189 0.739665 3.0317 -0.130652 0.359489 3.29865 -0.0998063 0.768688 3.18037 -0.212488 0.685792 3.54763 
-0.31218 -0.289361 3.01536 -0.290907 -0.088828 3.18977 -0.45741 -0.0762793 3.16796 -0.488245 0.193974 3.12525 -0.290882 0.123306 3.04891 -0.132351 -0.111305 3.21171 -0.0154435 0.107 3.21293 -0.152497 0.117456 3.04227 -0.230589 0.350959 3.26312 -0.335617 0.34654 3.22168 -0.304267 0.414814 2.8518 -0.284207 0.740363 3.01858 -0.131566 0.360035 3.2943 -0.101689 0.774545 3.18698 -0.213503 0.686384 3.55792 
-0.310181 -0.29799 3.01347 -0.289738 -0.0966475 3.18288 -0.456181 -0.0826176 3.16021 -0.485616 0.18689 3.11511 -0.28902 0.113695 3.04425 -0.129237 -0.118926 3.20847 -0.0144935 0.101247 3.20623 -0.151012 0.107288 3.03541 -0.231087 0.343795 3.25725 -0.336793 0.338889 3.21131 -0.302381 0.413525 2.84703 -0.281427 0.740996 3.01166 -0.131985 0.353314 3.29198 -0.10555 0.76905 3.19275 -0.220723 0.684217 3.56792 
-0.307333 -0.315946 3.01262 -0.288148 -0.118527 3.17543 -0.453251 -0.100213 3.14964 -0.481131 0.165801 3.10079 -0.286481 0.0907456 3.03849 -0.125865 -0.140755 3.20462 -0.00941114 0.0838609 3.20024 -0.146023 0.0835362 3.0295 -0.229954 0.327197 3.24986 -0.335182 0.320038 3.20352 -0.299915 0.410695 2.84487 -0.278915 0.741527 3.00764 -0.132331 0.335651 3.28776 -0.110635 0.747268 3.1983 -0.230746 0.680524 3.57986 
-0.303296 -0.343136 3.01273 -0.286159 -0.145225 3.17073 -0.449683 -0.12595 3.14105 -0.476037 0.136106 3.08887 -0.281249 0.0599419 3.03157 -0.123827 -0.166285 3.20473 -0.00294386 0.0571492 3.19435 -0.136499 0.0539669 3.02653 -0.229476 0.303095 3.24185 -0.333706 0.293842 3.1931 -0.298347 0.407525 2.84392 -0.278042 0.741064 3.00616 -0.132514 0.310463 3.28588 -0.115226 0.720974 3.20537 -0.236231 0.678261 3.59231 
-0.296588 -0.379207 3.01627 -0.282008 -0.182508 3.16899 -0.444083 -0.163169 3.13473 -0.470222 0.0967344 3.07762 -0.276005 0.0178203 3.0244 -0.121299 -0.202867 3.20661 0.0044684 0.0207299 3.18759 -0.130578 0.0127163 3.02158 -0.228689 0.267877 3.23608 -0.331688 0.260767 3.18521 -0.296843 0.399565 2.84694 -0.278227 0.738605 3.0067 -0.131631 0.275381 3.28482 -0.118028 0.688074 3.21599 -0.241308 0.679861 3.60477 
-0.285882 -0.431375 3.02249 -0.276527 -0.235448 3.16965 -0.43816 -0.215468 3.1346 -0.463367 0.0398543 3.06563 -0.272692 -0.0407942 3.01502 -0.117406 -0.251932 3.20913 0.0127799 -0.02871 3.17951 -0.121702 -0.0409213 3.01441 -0.227246 0.222634 3.23081 -0.329085 0.214793 3.1784 -0.296082 0.390801 2.85576 -0.278947 0.733724 3.00813 -0.129902 0.22749 3.28375 -0.120503 0.638042 3.23343 -0.245929 0.683083 3.61387 
-0.274747 -0.491667 3.02891 -0.269289 -0.294911 3.17213 -0.430881 -0.27858 3.13835 -0.458468 -0.0263738 3.05848 -0.270455 -0.108646 3.00878 -0.112316 -0.311599 3.21314 0.0205009 -0.0897946 3.1709 -0.114334 -0.110051 3.01142 -0.225404 0.172794 3.22489 -0.32666 0.165352 3.17024 -0.296076 0.381296 2.87071 -0.280425 0.72389 3.01106 -0.128718 0.176872 3.2814 -0.122816 0.586077 3.24768 -0.246371 0.681566 3.61429 
-0.262086 -0.572468 3.0353 -0.25701 -0.379331 3.17793 -0.41701 -0.364778 3.14378 -0.455858 -0.118024 3.05464 -0.270935 -0.1902 3.0046 -0.102801 -0.394526 3.21644 0.0277541 -0.170232 3.1626 -0.109989 -0.195262 3.00808 -0.222465 0.0976616 3.21917 -0.32329 0.0943665 3.16216 -0.297561 0.363341 2.89747 -0.283077 0.716207 3.01765 -0.126261 0.101425 3.27612 -0.123875 0.507515 3.26186 -0.237979 0.672045 3.60319 
-0.248835 -0.65683 3.03829 -0.245835 -0.469416 3.18203 -0.406598 -0.454851 3.14689 -0.454301 -0.207488 3.05527 -0.268776 -0.274033 3.00347 -0.0912582 -0.483769 3.21902 0.0330171 -0.253955 3.15971 -0.107449 -0.281536 3.00774 -0.220529 0.0188532 3.21192 -0.320605 0.0203801 3.15478 -0.299633 0.331672 2.94474 -0.289082 0.699845 3.03091 -0.124543 0.0195446 3.26989 -0.124611 0.420884 3.26997 -0.220325 0.651889 3.57435 
-0.231775 -0.752064 3.03631 -0.235742 -0.574924 3.18189 -0.396856 -0.563128 3.14744 -0.452325 -0.310218 3.06031 -0.263123 -0.372043 3.00373 -0.0773635 -0.585887 3.21814 0.0373021 -0.340278 3.1612 -0.107541 -0.365882 3.01009 -0.216607 -0.0741734 3.20474 -0.315955 -0.0683618 3.15311 -0.295939 0.282651 3.0117 -0.301853 0.669227 3.05793 -0.120288 -0.0750897 3.26159 -0.121395 0.319968 3.27264 -0.191813 0.61609 3.5207 
-0.217867 -0.824799 3.03339 -0.226861 -0.657584 3.18107 -0.389992 -0.650307 3.14766 -0.45131 -0.387283 3.06729 -0.25859 -0.441192 3.0048 -0.0662088 -0.665884 3.21696 0.0402903 -0.40486 3.16895 -0.105556 -0.425874 3.01285 -0.211889 -0.149795 3.20154 -0.309986 -0.141783 3.16062 -0.295425 0.234354 3.07764 -0.312507 0.623026 3.12048 -0.115415 -0.151318 3.25282 -0.113588 0.248688 3.25774 -0.162982 0.58179 3.44749 
-0.204382 -0.87866 3.02901 -0.218941 -0.71974 3.18016 -0.383247 -0.715875 3.14796 -0.448691 -0.44665 3.07613 -0.252306 -0.486902 3.00846 -0.0586868 -0.724288 3.21512 0.0435906 -0.443444 3.1809 -0.100449 -0.459513 3.02052 -0.204977 -0.207689 3.20086 -0.303569 -0.201483 3.16999 -0.293995 0.187973 3.13845 -0.316603 0.572997 3.23525 -0.107224 -0.207883 3.24222 -0.0998637 0.198039 3.2281 -0.131611 0.560019 3.35221 
-0.191142 -0.905073 3.02507 -0.212228 -0.745264 3.18145 -0.375534 -0.744877 3.14648 -0.445727 -0.473787 3.08349 -0.245224 -0.501044 3.01277 -0.0525813 -0.74822 3.21422 0.0463822 -0.460421 3.19507 -0.0933764 -0.470113 3.02754 -0.200728 -0.231442 3.20293 -0.299604 -0.227258 3.18298 -0.29458 0.168778 3.19362 -0.32554 0.536546 3.34697 -0.0995568 -0.229678 3.23177 -0.0849832 0.179036 3.19078 -0.10083 0.559175 3.26497 
-0.179559 -0.905043 3.02077 -0.203092 -0.744788 3.18267 -0.367189 -0.74633 3.14399 -0.441085 -0.474748 3.08944 -0.239134 -0.493258 3.01652 -0.0462557 -0.746667 3.21576 0.051128 -0.455875 3.20688 -0.0863126 -0.462415 3.03309 -0.195879 -0.230688 3.20606 -0.29704 -0.227034 3.19462 -0.297144 0.167659 3.23936 -0.330246 0.517393 3.43714 -0.0926236 -0.22733 3.22567 -0.0713295 0.178161 3.1582 -0.0696896 0.571179 3.19077 
-0.170165 -0.875938 3.01696 -0.195167 -0.719414 3.18489 -0.358581 -0.720258 3.14511 -0.434245 -0.44839 3.09562 -0.233818 -0.460865 3.02078 -0.0383954 -0.719832 3.21622 0.0569524 -0.431843 3.21818 -0.078729 -0.432551 3.03797 -0.191952 -0.202897 3.21009 -0.296304 -0.200099 3.20927 -0.297571 0.192407 3.28678 -0.33084 0.527101 3.5193 -0.0849437 -0.198923 3.22057 -0.057897 0.195129 3.11676 -0.0469532 0.598687 3.12819 
-0.163096 -0.827773 3.01343 -0.188529 -0.663653 3.18445 -0.352145 -0.66407 3.14294 -0.42444 -0.393992 3.0996 -0.229113 -0.408051 3.02441 -0.0307505 -0.663164 3.21441 0.0635193 -0.385658 3.22396 -0.0707298 -0.383587 3.04092 -0.188026 -0.152412 3.21789 -0.293326 -0.149104 3.21987 -0.29568 0.243993 3.31501 -0.326658 0.560697 3.5683 -0.0763675 -0.150661 3.22256 -0.0460425 0.231897 3.08159 -0.0378663 0.638147 3.10832 
-0.158281 -0.761686 3.00927 -0.182001 -0.590569 3.1823 -0.347707 -0.592127 3.14547 -0.414569 -0.324116 3.10358 -0.224944 -0.339442 3.02665 -0.0231355 -0.590669 3.20661 0.0702939 -0.322409 3.2222 -0.0632325 -0.318583 3.04201 -0.181987 -0.0862006 3.22829 -0.288219 -0.0826815 3.23046 -0.290474 0.313511 3.30958 -0.317444 0.605397 3.58021 -0.0702995 -0.0866136 3.22856 -0.035378 0.2806 3.05787 -0.0434573 0.674674 3.12873 
-0.155292 -0.678186 3.00504 -0.175526 -0.497881 3.18006 -0.342999 -0.500315 3.15138 -0.40665 -0.233104 3.10877 -0.226323 -0.250923 3.02916 -0.0118817 -0.496541 3.19716 0.0772839 -0.239265 3.21829 -0.0580126 -0.236364 3.0418 -0.172905 -0.000609474 3.23875 -0.280835 0.00216215 3.24329 -0.28141 0.401211 3.26276 -0.307623 0.657865 3.55381 -0.0647034 -0.00601021 3.23904 -0.031998 0.335126 3.06027 -0.058852 0.698421 3.18557 
-0.153858 -0.581396 3.00023 -0.172683 -0.395874 3.1773 -0.33962 -0.393797 3.157 -0.400296 -0.13311 3.11914 -0.232685 -0.152895 3.03306 -0.00835853 -0.396306 3.1867 0.0825396 -0.149177 3.21486 -0.0534215 -0.152204 3.04067 -0.165096 0.0888466 3.25164 -0.273239 0.093593 3.26537 -0.278572 0.481399 3.25459 -0.312318 0.677027 3.57287 -0.0611243 0.0794405 3.25031 -0.0280195 0.386474 3.01685 -0.0591317 0.726604 3.18548 
-0.153608 -0.499012 2.99501 -0.169944 -0.309335 3.17764 -0.336851 -0.305346 3.16084 -0.396273 -0.0440693 3.12672 -0.224757 -0.0783605 3.03424 -0.00616253 -0.312139 3.18324 0.0854402 -0.0729507 3.2134 -0.0524621 -0.0802823 3.04288 -0.160687 0.164346 3.26396 -0.26713 0.169106 3.27387 -0.272957 0.520036 3.20899 -0.315792 0.681656 3.51563 -0.0597476 0.152856 3.26377 -0.0260846 0.447856 3.03307 -0.0555898 0.748236 3.25768 
-0.153112 -0.434704 2.99189 -0.167143 -0.2392 3.17829 -0.334924 -0.237617 3.16178 -0.393507 0.0260463 3.13144 -0.210684 -0.025538 3.03254 -0.00288111 -0.244019 3.187 0.0872333 -0.00553677 3.21182 -0.0535582 -0.0206253 3.04336 -0.157448 0.225865 3.27155 -0.262662 0.230997 3.27722 -0.272344 0.583209 3.20763 -0.31152 0.686722 3.52031 -0.0591032 0.21197 3.27273 -0.0249083 0.472798 3.02561 -0.0549873 0.756904 3.27077 
-0.152095 -0.382199 2.98974 -0.16565 -0.184969 3.17808 -0.333292 -0.182096 3.16101 -0.392146 0.0831547 3.13521 -0.201725 0.0218083 3.0325 -0.00122332 -0.190729 3.18863 0.0876027 0.0506351 3.20973 -0.0539969 0.0330138 3.04361 -0.156263 0.276186 3.28136 -0.258539 0.283492 3.28671 -0.281931 0.673751 3.25833 -0.298182 0.689742 3.59425 -0.0586045 0.258037 3.27819 -0.0279184 0.459482 2.97877 -0.0574428 0.751639 3.20951 
-0.150866 -0.336896 2.98906 -0.164027 -0.138449 3.17794 -0.330995 -0.137033 3.15938 -0.391213 0.128074 3.13816 -0.195834 0.0604558 3.03204 -0.001169 -0.144818 3.19141 0.0881402 0.0944112 3.20883 -0.0528612 0.0736942 3.04527 -0.156725 0.313873 3.29003 -0.255258 0.32468 3.29741 -0.289426 0.720945 3.27352 -0.285007 0.688046 3.63276 -0.0586329 0.293792 3.2812 -0.0312438 0.436489 2.92933 -0.0598113 0.746905 3.13641 
-0.150198 -0.305252 2.98922 -0.164974 -0.109213 3.17837 -0.329849 -0.107764 3.15884 -0.3906 0.156581 3.13948 -0.192784 0.0873168 3.03193 -0.00194145 -0.120153 3.19058 0.0880329 0.122066 3.20901 -0.0519216 0.100098 3.0489 -0.156712 0.338516 3.29778 -0.250616 0.348422 3.30848 -0.296158 0.741352 3.2795 -0.276708 0.689337 3.65558 -0.0585208 0.313887 3.28379 -0.0368878 0.425235 2.90659 -0.0603809 0.744164 3.10259 
-0.150616 -0.286998 2.98907 -0.166192 -0.094733 3.17824 -0.330492 -0.0916665 3.15869 -0.391254 0.175058 3.14178 -0.193739 0.105129 3.0322 -0.00385337 -0.106008 3.18849 0.0868079 0.136835 3.20926 -0.0515629 0.114016 3.05114 -0.15587 0.347468 3.3028 -0.246531 0.357077 3.31786 -0.301621 0.746382 3.28007 -0.273348 0.690264 3.67146 -0.0583632 0.323088 3.28752 -0.0465022 0.416519 2.89731 -0.0624564 0.743508 3.08597 
-0.151696 -0.280957 2.98897 -0.168595 -0.0900589 3.17736 -0.332773 -0.0881186 3.15991 -0.391191 0.179901 3.14566 -0.19497 0.110941 3.03409 -0.00525482 -0.100825 3.18674 0.0860489 0.140289 3.20811 -0.0516037 0.117398 3.05234 -0.155356 0.348035 3.30757 -0.24437 0.357341 3.32586 -0.302638 0.747584 3.28702 -0.274479 0.694988 3.6848 -0.0588512 0.324043 3.29351 -0.0547991 0.411664 2.89562 -0.0629665 0.744146 3.07846 
-0.152767 -0.28531 2.99175 -0.171057 -0.0946841 3.17799 -0.335489 -0.0941494 3.1611 -0.39189 0.175163 3.15069 -0.200822 0.106838 3.0351 -0.0062747 -0.105394 3.18679 0.0868707 0.133587 3.20763 -0.051943 0.111899 3.05269 -0.155025 0.340721 3.30803 -0.243907 0.351536 3.32977 -0.302255 0.744168 3.29349 -0.27518 0.692432 3.69373 -0.0589348 0.317156 3.29215 -0.057455 0.408219 2.89533 -0.0641768 0.743205 3.07545 
-0.154499 -0.30097 2.99673 -0.172227 -0.110961 3.1807 -0.337586 -0.109783 3.1626 -0.392141 0.1576 3.15656 -0.206213 0.0916303 3.03778 -0.00821955 -0.120209 3.19105 0.0883868 0.115194 3.20546 -0.0525442 0.0960826 3.05221 -0.154909 0.324878 3.30627 -0.244068 0.338467 3.32942 -0.300065 0.734541 3.29853 -0.277582 0.692778 3.70074 -0.0599509 0.302317 3.28251 -0.0559361 0.405752 2.89596 -0.0669365 0.741633 3.07527 
-0.157119 -0.333374 3.00373 -0.175395 -0.143751 3.18419 -0.341736 -0.137883 3.16473 -0.392517 0.130696 3.15838 -0.21175 0.0665816 3.04052 -0.0119508 -0.148825 3.19714 0.0898508 0.0839288 3.20414 -0.0540176 0.0651974 3.0508 -0.154911 0.296829 3.30338 -0.245146 0.313177 3.32635 -0.297091 0.713253 3.30445 -0.285112 0.697227 3.7073 -0.0610932 0.276928 3.27372 -0.0559946 0.402997 2.89771 -0.068772 0.739528 3.07483 
-0.160785 -0.379188 3.01313 -0.177271 -0.185222 3.18718 -0.344932 -0.178531 3.16881 -0.392865 0.0889306 3.15483 -0.217108 0.0286221 3.04077 -0.0158543 -0.192742 3.1999 0.0906196 0.0392807 3.20173 -0.0548931 0.0235969 3.04827 -0.154817 0.261513 3.29779 -0.246968 0.275288 3.31933 -0.295429 0.67401 3.31538 -0.295965 0.700375 3.7135 -0.060651 0.24363 3.26692 -0.0552782 0.396958 2.90207 -0.0679232 0.73704 3.07414 
-0.164214 -0.432617 3.02349 -0.178964 -0.238014 3.18977 -0.346867 -0.229625 3.17331 -0.394634 0.0359545 3.14628 -0.223852 -0.0193749 3.03996 -0.020121 -0.247613 3.20241 0.0913492 -0.0174387 3.19758 -0.0560437 -0.031569 3.04519 -0.154918 0.215052 3.28866 -0.252308 0.228168 3.31015 -0.294242 0.6265 3.32882 -0.30488 0.705773 3.71644 -0.0596868 0.203313 3.26006 -0.0554395 0.387918 2.91159 -0.0661082 0.733504 3.07261 
-0.165883 -0.508639 3.03554 -0.181307 -0.314025 3.19252 -0.347826 -0.304496 3.18023 -0.397986 -0.0382311 3.13456 -0.234794 -0.0865515 3.04006 -0.0217286 -0.326624 3.20219 0.0883333 -0.0918918 3.19096 -0.0603014 -0.10951 3.0409 -0.157939 0.152348 3.26986 -0.259948 0.164018 3.30363 -0.296681 0.551413 3.35017 -0.30611 0.699045 3.71758 -0.0616128 0.145059 3.23495 -0.0533635 0.375496 2.92791 -0.0633941 0.731059 3.07601 
-0.166349 -0.589826 3.04594 -0.181522 -0.395903 3.19407 -0.349856 -0.390765 3.18239 -0.403505 -0.12464 3.1242 -0.241156 -0.168878 3.0391 -0.0207353 -0.409286 3.20347 0.0867222 -0.17172 3.18701 -0.0639963 -0.194071 3.03934 -0.162678 0.0819552 3.25668 -0.271125 0.0892911 3.29022 -0.300155 0.46928 3.35926 -0.30714 0.677109 3.69449 -0.0626366 0.0778649 3.21936 -0.0516343 0.359085 2.95812 -0.0615551 0.724737 3.08258 
-0.166229 -0.681178 3.05448 -0.180619 -0.491331 3.19521 -0.349709 -0.487069 3.18314 -0.409762 -0.222859 3.11455 -0.240885 -0.267192 3.03732 -0.0191953 -0.500441 3.20657 0.083528 -0.253103 3.18581 -0.0707857 -0.279291 3.03764 -0.166849 0.00247797 3.24409 -0.278546 0.00413243 3.27325 -0.301041 0.381678 3.3545 -0.306879 0.642766 3.64431 -0.0621093 0.00297097 3.20691 -0.0529086 0.329208 3.01159 -0.0595259 0.71103 3.09391 
-0.166808 -0.768227 3.05702 -0.181327 -0.591342 3.19506 -0.350989 -0.585038 3.18217 -0.417871 -0.32356 3.11167 -0.233318 -0.37425 3.03386 -0.0187752 -0.595055 3.20672 0.0798667 -0.332724 3.18492 -0.0802328 -0.36385 3.03215 -0.169566 -0.0824534 3.23483 -0.282832 -0.0837764 3.25521 -0.299427 0.294522 3.32853 -0.303525 0.601383 3.57662 -0.0614745 -0.0815705 3.20718 -0.054348 0.283989 3.07697 -0.0555526 0.678233 3.11736 
-0.169787 -0.840128 3.05515 -0.182421 -0.669029 3.19509 -0.352472 -0.664334 3.18359 -0.428079 -0.397277 3.11343 -0.232766 -0.451495 3.03005 -0.0202324 -0.670358 3.20438 0.0740657 -0.397094 3.18354 -0.0864137 -0.424672 3.02809 -0.173404 -0.153828 3.22484 -0.285682 -0.155211 3.24147 -0.297853 0.229702 3.29138 -0.295926 0.570886 3.4961 -0.0624633 -0.152351 3.20819 -0.0554125 0.23815 3.13062 -0.0541973 0.63384 3.17124 
-0.174422 -0.893198 3.05067 -0.185999 -0.729623 3.19702 -0.354534 -0.727047 3.18713 -0.434985 -0.448555 3.12093 -0.23862 -0.501562 3.02611 -0.0241884 -0.730559 3.20145 0.0668517 -0.445977 3.18142 -0.0916156 -0.468652 3.02256 -0.176118 -0.20959 3.21494 -0.286941 -0.210185 3.23043 -0.295819 0.186547 3.24199 -0.29138 0.554285 3.3907 -0.0632546 -0.207236 3.21017 -0.0586114 0.19314 3.17367 -0.0577587 0.584966 3.26197 
-0.180742 -0.921731 3.04762 -0.190278 -0.756823 3.19794 -0.356822 -0.754723 3.18818 -0.439759 -0.471965 3.1272 -0.248431 -0.518901 3.02289 -0.0304512 -0.759434 3.19895 0.0605934 -0.472434 3.1805 -0.0965862 -0.488328 3.02023 -0.177582 -0.235361 3.20999 -0.287745 -0.235831 3.21963 -0.293553 0.16499 3.19948 -0.294579 0.55442 3.28899 -0.0640949 -0.232226 3.21493 -0.0596987 0.165541 3.21268 -0.0614215 0.544705 3.3483 
-0.188039 -0.924697 3.04517 -0.195276 -0.760516 3.19761 -0.36042 -0.755774 3.18952 -0.441939 -0.468762 3.13291 -0.25765 -0.510209 3.02152 -0.0376256 -0.765013 3.19737 0.055198 -0.475082 3.17991 -0.100257 -0.488712 3.01822 -0.17904 -0.237331 3.20642 -0.287116 -0.235151 3.20685 -0.291782 0.161817 3.14634 -0.299234 0.564395 3.17477 -0.0660337 -0.235715 3.22106 -0.0616593 0.160247 3.25386 -0.0652715 0.526993 3.43875 
-0.195667 -0.902711 3.04385 -0.201327 -0.735954 3.19673 -0.364926 -0.729535 3.18952 -0.444189 -0.44102 3.13521 -0.263766 -0.476632 3.0229 -0.0452854 -0.74084 3.19567 0.0523128 -0.452556 3.18161 -0.101283 -0.462706 3.01607 -0.179569 -0.214587 3.20427 -0.286569 -0.210426 3.19725 -0.290085 0.179987 3.09429 -0.304849 0.589377 3.08788 -0.0682241 -0.214825 3.22618 -0.0628969 0.181294 3.28353 -0.0736278 0.533869 3.50271 
-0.201234 -0.853469 3.04163 -0.207645 -0.67797 3.19409 -0.371098 -0.669318 3.18521 -0.446442 -0.387978 3.13404 -0.268278 -0.421782 3.02347 -0.0511663 -0.68552 3.19544 0.0509534 -0.405277 3.18822 -0.0994023 -0.407689 3.01893 -0.181669 -0.162799 3.20344 -0.285604 -0.158824 3.18322 -0.289479 0.219127 3.03672 -0.299535 0.628166 3.02078 -0.0722314 -0.163969 3.23358 -0.0637522 0.237405 3.3074 -0.0886688 0.567086 3.55672 
-0.206067 -0.78449 3.0392 -0.215081 -0.599835 3.19375 -0.377999 -0.590582 3.17653 -0.449056 -0.312479 3.12978 -0.268615 -0.346615 3.02614 -0.0556472 -0.607056 3.20168 0.0491559 -0.340344 3.19814 -0.0962293 -0.33859 3.02707 -0.184762 -0.0924662 3.20664 -0.285409 -0.0897386 3.17149 -0.289309 0.267125 2.98749 -0.286179 0.667864 2.99735 -0.0781064 -0.0931838 3.24571 -0.0641188 0.315029 3.30497 -0.108431 0.604082 3.58793 
-0.209855 -0.687924 3.03474 -0.220148 -0.491926 3.19058 -0.38441 -0.484199 3.16086 -0.452853 -0.210436 3.12077 -0.264586 -0.251251 3.03227 -0.0593829 -0.500165 3.21305 0.0465052 -0.255329 3.2113 -0.0896149 -0.250602 3.03761 -0.189732 0.00271746 3.21196 -0.28723 0.0034367 3.16538 -0.283583 0.321255 2.93284 -0.274925 0.703632 2.99454 -0.0868364 0.00413187 3.26044 -0.0636451 0.424481 3.2783 -0.127198 0.648138 3.60865 
-0.211878 -0.600138 3.02836 -0.223495 -0.399659 3.18636 -0.386226 -0.390957 3.15022 -0.453491 -0.120662 3.11629 -0.25783 -0.163525 3.03619 -0.0648038 -0.408638 3.21725 0.0423787 -0.174805 3.22509 -0.0853899 -0.165968 3.04681 -0.191283 0.0846741 3.21639 -0.287859 0.0819211 3.16616 -0.278187 0.353736 2.89316 -0.264552 0.722989 2.99287 -0.0927587 0.0893529 3.27005 -0.0616619 0.512596 3.25734 -0.137215 0.67166 3.61567 
-0.212368 -0.513283 3.02048 -0.224375 -0.311264 3.18184 -0.387379 -0.299046 3.13999 -0.451953 -0.0331113 3.11688 -0.248268 -0.0770631 3.04041 -0.0669748 -0.321164 3.21709 0.0392535 -0.094667 3.23849 -0.0828183 -0.0843403 3.05402 -0.191256 0.162962 3.22056 -0.287554 0.157101 3.17066 -0.273259 0.374294 2.86789 -0.258445 0.733768 2.99206 -0.0939425 0.169016 3.27792 -0.057353 0.588741 3.23356 -0.139091 0.680927 3.61317 
-0.21137 -0.443215 3.01104 -0.222657 -0.237213 3.17618 -0.384895 -0.220762 3.12947 -0.448516 0.042225 3.11983 -0.239641 -0.00333027 3.04448 -0.0645095 -0.249587 3.2132 0.0381751 -0.0249863 3.24513 -0.0792226 -0.0144524 3.05818 -0.190723 0.226606 3.22542 -0.286682 0.221281 3.17664 -0.266554 0.388649 2.85537 -0.255785 0.739773 2.99183 -0.0940698 0.234606 3.28342 -0.05414 0.654268 3.21439 -0.138493 0.681553 3.60712 
-0.208634 -0.383909 3.0002 -0.220591 -0.177943 3.1689 -0.381642 -0.162096 3.12219 -0.447184 0.0994508 3.12462 -0.237128 0.0560497 3.04798 -0.0608849 -0.190325 3.2082 0.0384005 0.0338258 3.24659 -0.0784014 0.0452622 3.06071 -0.190325 0.278314 3.23555 -0.286135 0.270626 3.18633 -0.261938 0.397766 2.85024 -0.254766 0.743117 2.99218 -0.0941256 0.286572 3.28975 -0.0520726 0.702722 3.20247 -0.136318 0.683875 3.59667 
-0.205619 -0.342401 2.98886 -0.217995 -0.138566 3.15928 -0.378528 -0.126241 3.11786 -0.446344 0.135518 3.12638 -0.237704 0.0993421 3.0499 -0.0573411 -0.150029 3.2004 0.0384488 0.076406 3.24456 -0.0827499 0.0861322 3.05877 -0.190605 0.31211 3.24246 -0.286674 0.303013 3.19173 -0.261283 0.39932 2.84873 -0.254489 0.7439 2.99316 -0.0948022 0.321026 3.29231 -0.0506641 0.731705 3.19637 -0.129856 0.686793 3.58584 
-0.201874 -0.310661 2.97961 -0.214692 -0.109238 3.15007 -0.373372 -0.0975963 3.11119 -0.447287 0.161786 3.12548 -0.23718 0.126355 3.04933 -0.0532745 -0.120239 3.19528 0.0382016 0.108855 3.24031 -0.0858353 0.117286 3.05511 -0.190471 0.338696 3.24788 -0.286917 0.324136 3.1943 -0.263008 0.397311 2.84745 -0.254386 0.74421 2.99548 -0.0957834 0.346887 3.29334 -0.0469439 0.751381 3.19241 -0.121528 0.686594 3.57618 
-0.196876 -0.289833 2.97381 -0.212983 -0.0923038 3.14331 -0.371533 -0.0826756 3.10698 -0.447703 0.176155 3.12268 -0.238129 0.140758 3.04692 -0.0520198 -0.100722 3.1886 0.0369673 0.130842 3.23596 -0.0920078 0.136673 3.05019 -0.190246 0.352371 3.24649 -0.287236 0.337144 3.19441 -0.265425 0.397679 2.84727 -0.254415 0.743536 2.99981 -0.0974128 0.36076 3.29121 -0.0448966 0.762339 3.18817 -0.115009 0.688806 3.56539 
-0.192804 -0.278639 2.97006 -0.212542 -0.0826865 3.13799 -0.370393 -0.0750376 3.10341 -0.448369 0.182316 3.11737 -0.24087 0.146298 3.04239 -0.0521957 -0.0890056 3.17983 0.0358866 0.142794 3.22984 -0.0955231 0.148253 3.04398 -0.190265 0.360125 3.23792 -0.28781 0.345062 3.19106 -0.267879 0.401517 2.8478 -0.254408 0.743949 3.00916 -0.0982389 0.368197 3.28494 -0.043588 0.764529 3.18083 -0.105385 0.695175 3.55312 
-0.190838 -0.276714 2.96866 -0.212841 -0.0813851 3.1341 -0.371365 -0.0754372 3.10167 -0.449163 0.181516 3.10882 -0.243489 0.144462 3.03706 -0.0535429 -0.0861671 3.17293 0.033319 0.146264 3.22237 -0.0988736 0.15147 3.03686 -0.191066 0.360662 3.23157 -0.289427 0.346167 3.18862 -0.271547 0.414426 2.85627 -0.256583 0.741625 3.02962 -0.0994142 0.369722 3.27821 -0.0427136 0.75491 3.16772 -0.0988724 0.697491 3.53379 
-0.192436 -0.284446 2.96915 -0.214028 -0.0898239 3.13225 -0.374985 -0.0847927 3.10132 -0.450133 0.170529 3.09636 -0.244409 0.132709 3.03123 -0.0549492 -0.0958063 3.16847 0.0300917 0.135906 3.21511 -0.0997147 0.13824 3.03214 -0.192549 0.354303 3.23122 -0.290292 0.341773 3.19213 -0.273389 0.443336 2.88007 -0.263528 0.73939 3.07482 -0.101968 0.361372 3.27101 -0.0527413 0.719838 3.1412 -0.0949439 0.702905 3.50003 
-0.196821 -0.303133 2.97265 -0.21681 -0.107633 3.133 -0.378875 -0.103397 3.1006 -0.448973 0.150155 3.08336 -0.244291 0.108681 3.0257 -0.0573016 -0.11713 3.16932 0.0281181 0.114757 3.20924 -0.0984202 0.10834 3.0299 -0.192917 0.33766 3.22426 -0.290617 0.322699 3.18029 -0.278875 0.420182 2.84947 -0.259375 0.741422 3.02726 -0.1048 0.345659 3.26875 -0.0554561 0.730832 3.16941 -0.0991306 0.704164 3.54263 
-0.20315 -0.337261 2.97976 -0.218292 -0.142702 3.13602 -0.380516 -0.135971 3.10187 -0.44656 0.120275 3.06991 -0.243714 0.0680378 3.0185 -0.0604731 -0.154023 3.17562 0.0265106 0.0759557 3.20174 -0.0949884 0.0640969 3.02495 -0.195222 0.305133 3.21892 -0.290819 0.292154 3.16667 -0.284423 0.409661 2.83592 -0.256861 0.742036 3.0054 -0.108582 0.314566 3.2674 -0.0591329 0.715046 3.18973 -0.111526 0.707453 3.57233 
-0.207873 -0.383123 2.99142 -0.220416 -0.186318 3.1411 -0.382729 -0.177593 3.10568 -0.44323 0.0779054 3.05613 -0.247285 0.0200124 3.00951 -0.0619947 -0.198015 3.18457 0.0291797 0.0281263 3.19405 -0.0900147 0.0122085 3.01748 -0.196282 0.266022 3.21618 -0.290631 0.25709 3.1585 -0.287133 0.400925 2.8347 -0.255832 0.740335 2.99772 -0.109748 0.275526 3.26782 -0.0626935 0.680975 3.21064 -0.119928 0.707472 3.59729 
-0.209537 -0.439448 3.00681 -0.221926 -0.239922 3.14872 -0.383708 -0.229765 3.11152 -0.43972 0.0227289 3.04977 -0.255661 -0.0338532 3.00761 -0.0632907 -0.250229 3.1955 0.0352911 -0.0294723 3.1856 -0.0833827 -0.049216 3.00975 -0.197307 0.220708 3.21339 -0.290864 0.215223 3.15433 -0.289815 0.390394 2.84332 -0.255633 0.736487 2.99471 -0.109992 0.227484 3.27046 -0.065258 0.634245 3.23185 -0.126058 0.698444 3.61159 
-0.208365 -0.505671 3.02626 -0.22369 -0.305981 3.16384 -0.383778 -0.296249 3.12266 -0.437654 -0.0484052 3.04939 -0.25788 -0.106583 3.0127 -0.0645313 -0.318071 3.20767 0.0424025 -0.0989163 3.17655 -0.0787975 -0.127661 3.01123 -0.19879 0.163275 3.21429 -0.29093 0.160049 3.15163 -0.291504 0.377087 2.86246 -0.256361 0.730604 2.99951 -0.109227 0.169784 3.27165 -0.0676923 0.574481 3.25313 -0.130411 0.691149 3.6197 
-0.20411 -0.581259 3.04161 -0.220833 -0.389324 3.17818 -0.381996 -0.37938 3.13877 -0.436504 -0.136738 3.05533 -0.262233 -0.191781 3.02059 -0.0615273 -0.401158 3.21664 0.0499508 -0.179587 3.17189 -0.0761161 -0.213056 3.01684 -0.19984 0.0944328 3.2154 -0.290873 0.090129 3.1537 -0.29202 0.356163 2.89886 -0.258346 0.719011 3.00998 -0.107392 0.09924 3.27066 -0.0712169 0.497057 3.27623 -0.13006 0.678201 3.61095 
-0.196874 -0.671134 3.05569 -0.216271 -0.494641 3.19416 -0.378546 -0.485153 3.16093 -0.437571 -0.241803 3.06902 -0.259688 -0.293658 3.03127 -0.0579569 -0.506997 3.22396 0.0553131 -0.264399 3.17534 -0.0781207 -0.302839 3.02801 -0.198101 0.00304065 3.21639 -0.290482 0.00288843 3.15977 -0.289959 0.317249 2.96854 -0.262085 0.698656 3.03255 -0.10302 0.00583648 3.2692 -0.0735405 0.397254 3.30089 -0.122269 0.650871 3.5739 
-0.185387 -0.763406 3.06336 -0.209248 -0.605805 3.20521 -0.37127 -0.600876 3.1781 -0.441956 -0.351694 3.08937 -0.255218 -0.398966 3.04069 -0.0530456 -0.614021 3.22992 0.0582403 -0.350064 3.18808 -0.0837156 -0.381362 3.04113 -0.195324 -0.0953616 3.22217 -0.290297 -0.0932003 3.17214 -0.284732 0.261723 3.05 -0.271999 0.658543 3.08245 -0.0983009 -0.0937911 3.27041 -0.0725852 0.296765 3.30523 -0.107188 0.605505 3.51144 
-0.177179 -0.829338 3.06756 -0.203334 -0.682304 3.21546 -0.36626 -0.680325 3.19257 -0.445807 -0.422585 3.10903 -0.252143 -0.462843 3.05182 -0.0488014 -0.688023 3.23811 0.0576432 -0.408852 3.20778 -0.0866409 -0.437406 3.05324 -0.193886 -0.166907 3.232 -0.291076 -0.162652 3.19064 -0.28465 0.218121 3.12291 -0.280899 0.612448 3.17604 -0.0946266 -0.165583 3.27131 -0.0717388 0.229944 3.28652 -0.0943523 0.576925 3.43885 
-0.170252 -0.875193 3.06959 -0.198866 -0.732119 3.22407 -0.362871 -0.732119 3.19735 -0.447089 -0.468273 3.12867 -0.246154 -0.496741 3.06235 -0.0446921 -0.736452 3.24893 0.0542619 -0.441679 3.2322 -0.0905394 -0.461726 3.06823 -0.19317 -0.215427 3.24405 -0.292149 -0.210853 3.21115 -0.287067 0.179351 3.18915 -0.28869 0.55763 3.32278 -0.0907309 -0.213117 3.27354 -0.0676933 0.185784 3.25134 -0.0783726 0.562995 3.3457 
-0.164678 -0.890478 3.07182 -0.19563 -0.75013 3.23247 -0.360211 -0.753189 3.20062 -0.446649 -0.483639 3.14547 -0.239443 -0.499607 3.0724 -0.0403747 -0.751184 3.26346 0.0517753 -0.450796 3.25804 -0.0882093 -0.459158 3.08464 -0.192658 -0.233772 3.25366 -0.293974 -0.23044 3.23099 -0.291071 0.164654 3.25496 -0.301982 0.517538 3.4471 -0.0871463 -0.229418 3.27499 -0.0635223 0.171847 3.20977 -0.0622677 0.567752 3.2649 
-0.160462 -0.879245 3.07471 -0.193601 -0.739117 3.24299 -0.358873 -0.743165 3.20246 -0.444398 -0.471145 3.16258 -0.233068 -0.474935 3.08243 -0.0382618 -0.735907 3.27876 0.0502032 -0.436173 3.28046 -0.0843931 -0.435632 3.09945 -0.192695 -0.220898 3.2619 -0.29573 -0.217661 3.25016 -0.294386 0.17619 3.32359 -0.307731 0.513892 3.552 -0.0859346 -0.217122 3.27396 -0.0587341 0.179033 3.16798 -0.0526787 0.581928 3.19277 
-0.157926 -0.841278 3.07769 -0.193416 -0.699261 3.25233 -0.357409 -0.704484 3.20895 -0.441373 -0.429152 3.18048 -0.228488 -0.432596 3.09443 -0.0392773 -0.694696 3.28493 0.0489609 -0.401943 3.29899 -0.0801262 -0.391585 3.11114 -0.193049 -0.182821 3.2723 -0.29738 -0.180259 3.27118 -0.299528 0.213468 3.37429 -0.307942 0.537367 3.62743 -0.0854134 -0.17879 3.27596 -0.0544535 0.203195 3.13098 -0.0476878 0.610874 3.15922 
-0.157485 -0.774311 3.07945 -0.192609 -0.626959 3.25887 -0.356863 -0.630713 3.22269 -0.437112 -0.358666 3.20318 -0.229914 -0.362355 3.1067 -0.0366214 -0.620838 3.28539 0.0490812 -0.345677 3.31448 -0.0768752 -0.324459 3.12083 -0.193058 -0.114506 3.28874 -0.297487 -0.112264 3.29849 -0.302504 0.287606 3.41399 -0.305205 0.581922 3.69236 -0.0827348 -0.111686 3.28054 -0.0531356 0.252502 3.08928 -0.0545916 0.651399 3.14812 
-0.158815 -0.683936 3.08099 -0.193197 -0.51833 3.26244 -0.358438 -0.521557 3.23636 -0.433497 -0.253795 3.22495 -0.235253 -0.262807 3.11985 -0.0341906 -0.515807 3.28305 0.0497672 -0.252877 3.31328 -0.0747916 -0.236652 3.12762 -0.193196 -0.0177613 3.30943 -0.296767 -0.0151225 3.32779 -0.303621 0.392717 3.42922 -0.302721 0.636124 3.74307 -0.0820694 -0.019118 3.28498 -0.0569541 0.318347 3.05488 -0.0643717 0.698671 3.15659 
-0.161822 -0.587479 3.07889 -0.194418 -0.411047 3.26342 -0.360169 -0.410822 3.24596 -0.432097 -0.147728 3.24671 -0.237541 -0.165923 3.13325 -0.0367094 -0.408525 3.27943 0.051356 -0.159632 3.30962 -0.073339 -0.145108 3.13284 -0.193157 0.0798771 3.32852 -0.29608 0.0841327 3.35317 -0.302804 0.49459 3.42892 -0.300764 0.672306 3.78606 -0.080549 0.0749206 3.2977 -0.0633222 0.359916 3.02422 -0.0757295 0.723938 3.1602 
-0.164821 -0.489759 3.07541 -0.196296 -0.304257 3.26314 -0.361216 -0.302424 3.24593 -0.431207 -0.0412935 3.26483 -0.239294 -0.0707508 3.14317 -0.0400471 -0.303741 3.2781 0.0519484 -0.0662452 3.30757 -0.0801853 -0.0543706 3.13986 -0.192279 0.169525 3.35259 -0.293655 0.176737 3.37101 -0.302041 0.588222 3.42619 -0.295959 0.693451 3.81123 -0.0795288 0.159538 3.32734 -0.0738885 0.384353 2.99685 -0.0866055 0.731774 3.15824 
-0.167676 -0.410601 3.06936 -0.198777 -0.22192 3.26087 -0.361597 -0.217061 3.2446 -0.429819 0.0397678 3.27563 -0.24154 0.00669255 3.15015 -0.0435246 -0.220038 3.27495 0.0511782 0.010221 3.3081 -0.0848093 0.0202394 3.1467 -0.190071 0.239013 3.36663 -0.28944 0.249837 3.38751 -0.301909 0.660322 3.42034 -0.281017 0.694078 3.82096 -0.0796803 0.224618 3.34105 -0.0821714 0.397943 2.98109 -0.0915891 0.7373 3.15897 
-0.171215 -0.347458 3.06277 -0.202482 -0.16042 3.25556 -0.362441 -0.154691 3.23814 -0.430048 0.104181 3.27757 -0.243532 0.0652322 3.15358 -0.047974 -0.161669 3.26989 0.0497664 0.0639666 3.31244 -0.0859676 0.0763395 3.15214 -0.188006 0.285405 3.37503 -0.287228 0.301073 3.40034 -0.30676 0.706108 3.40779 -0.276828 0.697892 3.81447 -0.0815697 0.267707 3.34222 -0.0885111 0.402273 2.97362 -0.0934284 0.740647 3.16023 
-0.176186 -0.299923 3.05564 -0.207383 -0.117183 3.24958 -0.364775 -0.112354 3.23318 -0.430497 0.147539 3.2744 -0.244875 0.107906 3.15547 -0.0509394 -0.123302 3.26333 0.0467177 0.102333 3.3166 -0.0849179 0.114278 3.1548 -0.186818 0.317891 3.38114 -0.285976 0.333944 3.41331 -0.312454 0.73266 3.3965 -0.274822 0.703138 3.80929 -0.0813101 0.296235 3.34644 -0.0917486 0.404295 2.9721 -0.0941089 0.741611 3.16119 
-0.181997 -0.264296 3.04774 -0.214175 -0.0849465 3.24018 -0.368529 -0.0794705 3.22703 -0.432714 0.183425 3.26906 -0.249384 0.143798 3.15703 -0.0545841 -0.0932158 3.25166 0.0436364 0.131442 3.31759 -0.086538 0.141627 3.15382 -0.186293 0.341769 3.38804 -0.287093 0.357442 3.42836 -0.318232 0.749082 3.38984 -0.274749 0.705775 3.80593 -0.0808582 0.315566 3.35075 -0.092995 0.403628 2.9744 -0.0965455 0.74066 3.16198 
-0.187277 -0.24481 3.04188 -0.218183 -0.0679089 3.23151 -0.373026 -0.0609022 3.21965 -0.433732 0.201249 3.26573 -0.253162 0.165255 3.15586 -0.0569238 -0.0771248 3.24118 0.0402501 0.149112 3.3175 -0.0925732 0.160385 3.14909 -0.187627 0.350731 3.39348 -0.288052 0.366284 3.43621 -0.323398 0.756046 3.38704 -0.276724 0.710764 3.80495 -0.0810811 0.323516 3.35598 -0.0931447 0.401504 2.97926 -0.097547 0.740376 3.16336 
-0.1911 -0.23757 3.03956 -0.221272 -0.0640699 3.22795 -0.377867 -0.053585 3.21279 -0.434787 0.208102 3.26324 -0.254607 0.173122 3.15276 -0.0604611 -0.0740224 3.23844 0.0387261 0.155097 3.31559 -0.0948 0.168397 3.146 -0.188923 0.35192 3.39372 -0.288507 0.368341 3.43599 -0.326336 0.758428 3.38585 -0.278059 0.71185 3.80493 -0.0827568 0.324464 3.35963 -0.0899757 0.400415 2.98191 -0.0975028 0.740689 3.16359 
-0.192242 -0.238958 3.04145 -0.223153 -0.0686393 3.2274 -0.378607 -0.0585818 3.20774 -0.436255 0.206294 3.26108 -0.253488 0.16692 3.14941 -0.0622716 -0.0792546 3.24439 0.0390833 0.15206 3.31197 -0.0926642 0.161377 3.14664 -0.190856 0.349477 3.39052 -0.288605 0.367016 3.42758 -0.328905 0.759615 3.38518 -0.280081 0.710669 3.80344 -0.0850112 0.322399 3.36266 -0.084569 0.39768 2.981 -0.0964535 0.74003 3.16252 
-0.191745 -0.24837 3.04808 -0.222922 -0.0777401 3.23165 -0.378236 -0.0708178 3.2102 -0.436498 0.196757 3.25755 -0.249388 0.153552 3.14587 -0.0625446 -0.0880031 3.25186 0.0412722 0.144166 3.30735 -0.0906087 0.150153 3.14446 -0.192265 0.344856 3.38507 -0.289751 0.362874 3.4157 -0.328229 0.759182 3.38453 -0.282442 0.712187 3.80214 -0.0865432 0.319498 3.36663 -0.0767897 0.398586 2.97701 -0.096148 0.738241 3.16208 
-0.189638 -0.267293 3.05864 -0.220709 -0.0915791 3.24048 -0.377794 -0.0861621 3.21576 -0.43526 0.179486 3.2542 -0.243538 0.131813 3.14118 -0.0605807 -0.101838 3.2631 0.0456797 0.130679 3.30226 -0.0897184 0.13511 3.14302 -0.194317 0.339181 3.37711 -0.291792 0.357352 3.39911 -0.323296 0.756605 3.38366 -0.282746 0.710704 3.8006 -0.0887733 0.316126 3.36486 -0.0664954 0.403745 2.97286 -0.0958662 0.737408 3.16275 
-0.187584 -0.286543 3.07359 -0.218642 -0.10877 3.25062 -0.374873 -0.105366 3.22663 -0.433455 0.159052 3.25091 -0.237972 0.106096 3.13609 -0.0581364 -0.119483 3.27262 0.0511951 0.115334 3.29341 -0.0874555 0.116473 3.13778 -0.195324 0.331722 3.36848 -0.293725 0.349844 3.38867 -0.315812 0.751116 3.38502 -0.282563 0.708322 3.80053 -0.0912568 0.310058 3.35652 -0.0625222 0.410915 2.96855 -0.0959333 0.738539 3.16436 
-0.185845 -0.30979 3.08452 -0.215373 -0.129821 3.25679 -0.372386 -0.127785 3.23476 -0.433052 0.136956 3.24711 -0.234625 0.081208 3.13172 -0.0548999 -0.137795 3.27671 0.059927 0.0979051 3.28314 -0.0849609 0.0918201 3.12949 -0.196788 0.319712 3.36357 -0.295641 0.339301 3.38357 -0.307569 0.741592 3.38698 -0.279488 0.70222 3.79744 -0.0949136 0.300114 3.35169 -0.0672666 0.419862 2.96962 -0.0962742 0.740829 3.16818 
-0.185431 -0.337812 3.09197 -0.213835 -0.154465 3.26024 -0.371159 -0.152977 3.24162 -0.43419 0.111207 3.24197 -0.234803 0.0533951 3.12725 -0.0539922 -0.159876 3.27719 0.0660391 0.0737631 3.27104 -0.0810163 0.0654368 3.12039 -0.197454 0.300653 3.362 -0.296795 0.321301 3.38057 -0.296657 0.721069 3.38579 -0.277471 0.697691 3.78987 -0.0979864 0.28242 3.34672 -0.0767256 0.42441 2.97768 -0.0969756 0.742749 3.17617 
-0.18564 -0.374166 3.09785 -0.215183 -0.187727 3.26081 -0.371077 -0.187176 3.24595 -0.436652 0.0768373 3.23472 -0.237623 0.022308 3.12176 -0.0539306 -0.19403 3.27502 0.0693272 0.0386484 3.26057 -0.0804207 0.0326448 3.11247 -0.197367 0.271904 3.36316 -0.297057 0.289732 3.37852 -0.286463 0.681864 3.37562 -0.282508 0.703555 3.77312 -0.0979463 0.254701 3.34711 -0.0848943 0.426065 2.99834 -0.0980459 0.744262 3.19602 
-0.187977 -0.422792 3.10191 -0.217177 -0.234672 3.26062 -0.372503 -0.229948 3.25009 -0.440771 0.0333901 3.22916 -0.242982 -0.0160114 3.11648 -0.0550878 -0.238932 3.27163 0.0670346 -0.0107097 3.25189 -0.0821783 -0.0125345 3.10633 -0.197342 0.227222 3.36189 -0.297275 0.242408 3.37418 -0.28189 0.608082 3.3435 -0.294092 0.697762 3.73141 -0.0980707 0.21315 3.34474 -0.0930984 0.433094 3.04365 -0.0971052 0.747719 3.23868 
-0.190242 -0.487819 3.10524 -0.218154 -0.298639 3.26011 -0.37431 -0.292527 3.24945 -0.445124 -0.0279787 3.22427 -0.24959 -0.0668046 3.11248 -0.0561984 -0.301301 3.26555 0.0620183 -0.0728618 3.2454 -0.08425 -0.0716499 3.10014 -0.199007 0.168333 3.35446 -0.300731 0.180097 3.37767 -0.293454 0.564294 3.40592 -0.302292 0.700765 3.78411 -0.101294 0.152925 3.33079 -0.095994 0.398585 3.02742 -0.0999135 0.740982 3.19867 
-0.192188 -0.5628 3.10743 -0.219299 -0.376653 3.25906 -0.37635 -0.369539 3.25069 -0.451875 -0.103753 3.22286 -0.257593 -0.136525 3.11086 -0.0571093 -0.379452 3.26031 0.0577213 -0.146888 3.24506 -0.089021 -0.142982 3.09626 -0.202616 0.0993611 3.34487 -0.304558 0.10897 3.377 -0.304305 0.497897 3.4376 -0.307233 0.685102 3.79326 -0.104783 0.088648 3.314 -0.0978251 0.374044 3.04242 -0.099813 0.733622 3.18364 
-0.194271 -0.651005 3.10946 -0.220397 -0.475104 3.25968 -0.379579 -0.470273 3.25432 -0.458918 -0.197462 3.22566 -0.267448 -0.223017 3.11234 -0.0579803 -0.476543 3.25735 0.0522307 -0.231302 3.24897 -0.0924823 -0.223589 3.09701 -0.208195 0.0163081 3.33309 -0.310795 0.0216675 3.37031 -0.317305 0.406987 3.45134 -0.310177 0.652544 3.76493 -0.111223 0.012842 3.29372 -0.0999535 0.344583 3.08227 -0.0970855 0.719631 3.18216 
-0.197475 -0.734793 3.11141 -0.221864 -0.567471 3.26406 -0.383953 -0.5665 3.2587 -0.464521 -0.287188 3.2335 -0.276638 -0.305764 3.11364 -0.0591857 -0.568954 3.26085 0.0445632 -0.308039 3.25612 -0.10253 -0.300209 3.10326 -0.214191 -0.0625114 3.32541 -0.320191 -0.0611295 3.36033 -0.327029 0.323904 3.44192 -0.311915 0.613443 3.70682 -0.11655 -0.0602893 3.2872 -0.103802 0.305217 3.14474 -0.0923685 0.692243 3.19111 
-0.201212 -0.806195 3.11156 -0.226175 -0.644805 3.26692 -0.390423 -0.645051 3.26582 -0.470834 -0.360776 3.24185 -0.283815 -0.374076 3.11524 -0.062498 -0.643675 3.26028 0.0374408 -0.368195 3.26184 -0.113336 -0.356973 3.1067 -0.221762 -0.127793 3.32108 -0.330055 -0.128608 3.35307 -0.333111 0.262138 3.42322 -0.31564 0.589829 3.6386 -0.121184 -0.122827 3.28356 -0.106978 0.267134 3.19902 -0.0873535 0.660352 3.21843 
-0.204811 -0.853989 3.11269 -0.230118 -0.697055 3.27076 -0.397617 -0.69776 3.27209 -0.480298 -0.410935 3.25055 -0.290999 -0.419132 3.11618 -0.0668913 -0.695099 3.26425 0.02909 -0.409526 3.26616 -0.125542 -0.399963 3.10821 -0.2277 -0.174962 3.31738 -0.339381 -0.176982 3.34352 -0.339783 0.221118 3.39507 -0.326486 0.579791 3.5662 -0.124325 -0.167761 3.28203 -0.113579 0.232642 3.23397 -0.0886429 0.629624 3.26873 
-0.210271 -0.877727 3.11282 -0.236362 -0.719406 3.27341 -0.404275 -0.720264 3.2728 -0.491417 -0.434443 3.25619 -0.30124 -0.436689 3.11837 -0.073235 -0.71679 3.27052 0.0187888 -0.426348 3.26944 -0.137237 -0.420638 3.10927 -0.233015 -0.195747 3.31394 -0.347104 -0.198183 3.33237 -0.349814 0.204922 3.36876 -0.347494 0.589573 3.49945 -0.127346 -0.189347 3.28384 -0.118183 0.219249 3.25929 -0.0934073 0.616627 3.3166 
-0.214786 -0.876741 3.1146 -0.243924 -0.715342 3.27568 -0.412664 -0.715136 3.27201 -0.500902 -0.432366 3.25893 -0.309786 -0.428295 3.11852 -0.080197 -0.713448 3.2803 0.00814611 -0.422931 3.2726 -0.149752 -0.417615 3.11051 -0.237775 -0.192141 3.31509 -0.353289 -0.194539 3.3202 -0.357191 0.210537 3.34076 -0.370915 0.616943 3.42883 -0.129315 -0.18808 3.29308 -0.122217 0.219727 3.28572 -0.0998967 0.624487 3.35195 
-0.219124 -0.856627 3.11775 -0.250206 -0.690805 3.27761 -0.416541 -0.691807 3.27082 -0.508734 -0.410451 3.25952 -0.317181 -0.405749 3.12086 -0.0896684 -0.688781 3.28709 -0.00223921 -0.400055 3.27695 -0.158615 -0.392732 3.11164 -0.24282 -0.167181 3.31666 -0.356746 -0.168185 3.31178 -0.363641 0.239186 3.31667 -0.389912 0.651465 3.38038 -0.132032 -0.163775 3.30468 -0.123198 0.245633 3.30447 -0.104932 0.645944 3.36983 
-0.222875 -0.822299 3.1202 -0.253998 -0.648605 3.27908 -0.419995 -0.65117 3.27033 -0.51423 -0.374783 3.25889 -0.322425 -0.369097 3.12271 -0.0972537 -0.645028 3.29204 -0.011558 -0.36401 3.2827 -0.162785 -0.348761 3.11299 -0.248443 -0.127528 3.31971 -0.359108 -0.127676 3.30678 -0.372768 0.283137 3.28943 -0.40632 0.687565 3.34931 -0.136499 -0.124322 3.31984 -0.122059 0.283633 3.31436 -0.113646 0.677938 3.38431 
-0.226565 -0.778423 3.1228 -0.257787 -0.590102 3.28194 -0.422244 -0.59517 3.26739 -0.518724 -0.32882 3.25792 -0.325305 -0.320521 3.1245 -0.105602 -0.586845 3.29879 -0.0196695 -0.318483 3.28924 -0.165183 -0.296384 3.1159 -0.254732 -0.0708063 3.32296 -0.361274 -0.0739995 3.30278 -0.391119 0.327614 3.2548 -0.417388 0.715305 3.33847 -0.141824 -0.0710638 3.33456 -0.119111 0.327915 3.30715 -0.126069 0.711909 3.40049 
-0.229534 -0.74883 3.12372 -0.261455 -0.556006 3.28447 -0.424746 -0.560414 3.26382 -0.520526 -0.296745 3.25565 -0.323421 -0.289029 3.12475 -0.109562 -0.555611 3.3055 -0.0263317 -0.290113 3.29531 -0.166717 -0.268082 3.11796 -0.258137 -0.0447521 3.32352 -0.361714 -0.045724 3.29767 -0.401587 0.349834 3.22936 -0.422291 0.727316 3.33151 -0.145209 -0.0442609 3.34284 -0.114632 0.349911 3.29407 -0.13168 0.72643 3.40679 
-0.232034 -0.735848 3.12482 -0.264085 -0.545897 3.2894 -0.426641 -0.549528 3.26456 -0.519536 -0.290323 3.2571 -0.31875 -0.28275 3.12584 -0.113005 -0.546315 3.31468 -0.0321403 -0.282046 3.30321 -0.167659 -0.263127 3.12242 -0.260531 -0.039027 3.32218 -0.362231 -0.0399747 3.29131 -0.405959 0.35741 3.22555 -0.423696 0.729491 3.32999 -0.149012 -0.0398124 3.34543 -0.111481 0.354685 3.29195 -0.134085 0.730498 3.40985 
-0.234175 -0.735723 3.12817 -0.26677 -0.554249 3.29627 -0.428771 -0.556333 3.2677 -0.517604 -0.299179 3.25401 -0.310236 -0.298417 3.12491 -0.115393 -0.555617 3.32428 -0.0339004 -0.28924 3.30641 -0.168136 -0.27932 3.12794 -0.262948 -0.0469187 3.31978 -0.362565 -0.0462407 3.28451 -0.403617 0.35367 3.23017 -0.423969 0.729463 3.32964 -0.152399 -0.049214 3.34606 -0.119235 0.35241 3.29703 -0.135353 0.731341 3.41115 
-0.236339 -0.741525 3.1354 -0.266833 -0.569608 3.30722 -0.43023 -0.57104 3.27502 -0.515654 -0.312144 3.24832 -0.303971 -0.321205 3.12401 -0.115764 -0.570092 3.33819 -0.0322908 -0.301557 3.30406 -0.166754 -0.306865 3.12725 -0.264019 -0.0594397 3.31716 -0.363019 -0.0564016 3.28026 -0.3961 0.347469 3.24079 -0.423212 0.728963 3.33012 -0.15323 -0.0615286 3.34467 -0.127402 0.34453 3.30908 -0.13622 0.729654 3.4116 
-0.237767 -0.746501 3.14549 -0.266643 -0.576031 3.3162 -0.431391 -0.577906 3.28252 -0.514335 -0.319397 3.24004 -0.300589 -0.338756 3.12136 -0.115575 -0.577486 3.34694 -0.0288425 -0.3081 3.29488 -0.167036 -0.332296 3.12084 -0.264761 -0.0648308 3.31569 -0.363639 -0.0610551 3.28151 -0.387804 0.343861 3.25854 -0.422792 0.72975 3.33154 -0.154274 -0.0666702 3.34061 -0.131645 0.339999 3.3209 -0.136333 0.729654 3.41175 
-0.238042 -0.75035 3.15657 -0.265748 -0.576641 3.32585 -0.430758 -0.578355 3.29387 -0.511374 -0.321802 3.23241 -0.300019 -0.35139 3.11848 -0.116017 -0.578377 3.35149 -0.0257714 -0.31054 3.28521 -0.166399 -0.347842 3.11503 -0.264099 -0.0638711 3.31433 -0.363096 -0.0602347 3.28165 -0.378406 0.342297 3.27278 -0.422695 0.730849 3.33205 -0.154417 -0.0652696 3.33794 -0.134872 0.340855 3.33211 -0.136588 0.731273 3.41208 
-0.237588 -0.753562 3.16638 -0.265927 -0.574929 3.33178 -0.43055 -0.575508 3.30083 -0.505614 -0.321326 3.22713 -0.300658 -0.356602 3.11427 -0.117321 -0.577232 3.35442 -0.0258422 -0.310091 3.27879 -0.166041 -0.356223 3.11176 -0.263143 -0.0609572 3.3121 -0.362656 -0.0580878 3.28046 -0.372604 0.342602 3.28082 -0.4228 0.731266 3.33244 -0.153506 -0.0625648 3.33553 -0.138018 0.341759 3.33601 -0.136762 0.732194 3.41226 
-0.237517 -0.757503 3.17382 -0.264943 -0.574514 3.33519 -0.430445 -0.575606 3.30431 -0.496549 -0.32113 3.22433 -0.300786 -0.359926 3.11026 -0.117233 -0.577228 3.35836 -0.0291478 -0.309287 3.27594 -0.165644 -0.358522 3.11015 -0.261532 -0.0618997 3.31005 -0.362393 -0.059317 3.27963 -0.36883 0.340284 3.28345 -0.422964 0.731052 3.3334 -0.15262 -0.063014 3.33263 -0.139926 0.339357 3.33269 -0.136987 0.731254 3.41194 
-0.237323 -0.761168 3.18021 -0.264694 -0.574852 3.33694 -0.430539 -0.577488 3.30539 -0.489242 -0.320501 3.22369 -0.303349 -0.355711 3.10606 -0.116163 -0.577771 3.36031 -0.0313948 -0.309141 3.27531 -0.162912 -0.352142 3.10994 -0.26078 -0.064305 3.30727 -0.362192 -0.0602064 3.2765 -0.36705 0.338816 3.28223 -0.423235 0.730115 3.33552 -0.151277 -0.0654052 3.33023 -0.139977 0.335631 3.32911 -0.137247 0.727803 3.41139 
-0.23697 -0.76355 3.18606 -0.264698 -0.574383 3.33875 -0.430677 -0.57847 3.30767 -0.486822 -0.320576 3.22347 -0.309823 -0.33925 3.10122 -0.115651 -0.577306 3.36157 -0.0332119 -0.308183 3.27619 -0.156184 -0.336606 3.11155 -0.260544 -0.0654074 3.30758 -0.362215 -0.0616666 3.27692 -0.366465 0.337356 3.28098 -0.423348 0.729799 3.33708 -0.151203 -0.0668301 3.3294 -0.13821 0.333089 3.32554 -0.137132 0.724593 3.411 
-0.236497 -0.762904 3.19219 -0.264857 -0.572638 3.33975 -0.431152 -0.577364 3.31005 -0.486292 -0.319773 3.2231 -0.324706 -0.309117 3.0938 -0.115532 -0.573531 3.36291 -0.0351931 -0.305938 3.27875 -0.143821 -0.308216 3.11493 -0.260566 -0.0644353 3.30875 -0.362352 -0.0616733 3.27872 -0.366523 0.3367 3.2833 -0.423226 0.730066 3.3364 -0.152334 -0.0653748 3.32978 -0.138648 0.33358 3.32662 -0.137083 0.724414 3.411 
-0.235715 -0.760003 3.19817 -0.265145 -0.568054 3.3408 -0.432153 -0.573055 3.31632 -0.4875 -0.317507 3.22241 -0.351539 -0.256849 3.08624 -0.115563 -0.568535 3.36242 -0.0380857 -0.301229 3.28369 -0.123194 -0.251952 3.12226 -0.261074 -0.0588592 3.31151 -0.362558 -0.0586816 3.28299 -0.367605 0.339701 3.29071 -0.423001 0.731052 3.33548 -0.155607 -0.0584096 3.33134 -0.141398 0.339355 3.33275 -0.13706 0.727108 3.41141 
-0.235673 -0.7581 3.204 -0.265458 -0.563488 3.34085 -0.432525 -0.567514 3.3211 -0.484867 -0.31101 3.22447 -0.383972 -0.195862 3.08878 -0.115901 -0.565644 3.36288 -0.0416438 -0.296066 3.29217 -0.0944396 -0.190255 3.14677 -0.261677 -0.0526495 3.31188 -0.362892 -0.054751 3.28228 -0.369586 0.34658 3.30074 -0.422964 0.731498 3.33674 -0.157605 -0.0518506 3.33321 -0.145939 0.347518 3.3431 -0.137042 0.732978 3.4122 
-0.236569 -0.757343 3.20779 -0.265687 -0.560096 3.34134 -0.432638 -0.562416 3.32574 -0.483637 -0.302614 3.23052 -0.42566 -0.137746 3.10607 -0.116343 -0.563135 3.36278 -0.0451579 -0.291777 3.30407 -0.0611753 -0.135071 3.18718 -0.262777 -0.0491985 3.31529 -0.363236 -0.0526573 3.28737 -0.371529 0.348174 3.31036 -0.422953 0.731796 3.33833 -0.158629 -0.0468347 3.33588 -0.15203 0.350113 3.35039 -0.136676 0.735819 3.41264 
-0.237096 -0.758461 3.21064 -0.26571 -0.556944 3.34304 -0.432093 -0.558956 3.33059 -0.486937 -0.291936 3.25161 -0.474996 -0.0911028 3.1501 -0.117052 -0.560811 3.36251 -0.0463833 -0.287244 3.31928 -0.0281083 -0.0927563 3.24103 -0.264703 -0.0474058 3.32147 -0.36364 -0.0506359 3.2982 -0.37242 0.34735 3.31859 -0.423138 0.731801 3.34165 -0.157755 -0.0445576 3.33894 -0.157299 0.349212 3.35959 -0.136697 0.738034 3.41374 
-0.237436 -0.761954 3.2109 -0.265783 -0.556871 3.34307 -0.431667 -0.558471 3.33104 -0.49478 -0.290101 3.27443 -0.516143 -0.0654945 3.19876 -0.116214 -0.560233 3.36001 -0.0431832 -0.285993 3.33975 -0.00432504 -0.068898 3.2947 -0.26656 -0.0460576 3.32444 -0.364123 -0.0494926 3.30598 -0.373821 0.350948 3.32357 -0.423296 0.731871 3.34324 -0.158555 -0.0437283 3.3418 -0.162013 0.353011 3.36523 -0.136656 0.739612 3.41524 
-0.23771 -0.769483 3.20962 -0.265912 -0.559799 3.34166 -0.431101 -0.560493 3.32741 -0.507463 -0.292728 3.29939 -0.551661 -0.0574456 3.25261 -0.115584 -0.561019 3.35867 -0.0345773 -0.288227 3.36346 0.0153519 -0.0569232 3.34988 -0.268637 -0.0440308 3.32557 -0.364443 -0.0471354 3.31083 -0.375734 0.35499 3.32808 -0.423415 0.731969 3.34416 -0.16113 -0.0419147 3.34317 -0.165554 0.356203 3.37054 -0.136616 0.741639 3.41566 
-0.238129 -0.774379 3.20667 -0.266142 -0.561243 3.34032 -0.431367 -0.563452 3.3237 -0.518348 -0.299163 3.32382 -0.574315 -0.059813 3.30295 -0.115225 -0.560991 3.35638 -0.029166 -0.293602 3.38824 0.0248855 -0.0571206 3.4004 -0.270349 -0.0475393 3.32376 -0.36534 -0.0486335 3.30865 -0.376518 0.356522 3.32911 -0.423565 0.73216 3.34498 -0.163631 -0.0443069 3.34406 -0.169533 0.357645 3.37423 -0.136628 0.742339 3.4153 
-0.238931 -0.774328 3.20235 -0.266953 -0.562602 3.33979 -0.432995 -0.565209 3.32117 -0.524518 -0.309241 3.34845 -0.589837 -0.063558 3.34994 -0.115062 -0.56209 3.35665 -0.0287875 -0.30379 3.41056 0.0283754 -0.0658143 3.44724 -0.272629 -0.0466307 3.32244 -0.367769 -0.0466916 3.30857 -0.376221 0.355957 3.33122 -0.423668 0.732515 3.34638 -0.166831 -0.0442866 3.34173 -0.173646 0.357008 3.37637 -0.136659 0.742309 3.414 
-0.239891 -0.773161 3.19831 -0.268682 -0.565361 3.33949 -0.434344 -0.566791 3.32115 -0.524993 -0.314348 3.36581 -0.595127 -0.0696348 3.38919 -0.115336 -0.563342 3.35642 -0.0340403 -0.31 3.42267 0.0242261 -0.0740237 3.46989 -0.274852 -0.0470505 3.32182 -0.37002 -0.0479133 3.31162 -0.376754 0.354637 3.33225 -0.423805 0.733186 3.34702 -0.169472 -0.0448539 3.33632 -0.177344 0.355735 3.37753 -0.136642 0.741704 3.41332 
-0.240597 -0.771794 3.1966 -0.27006 -0.566219 3.33973 -0.433971 -0.567286 3.32232 -0.522145 -0.313833 3.37669 -0.593947 -0.0725194 3.41683 -0.116246 -0.563878 3.35553 -0.0415701 -0.311809 3.42403 0.0180128 -0.0790976 3.47767 -0.276176 -0.0475198 3.32164 -0.371299 -0.0499077 3.31475 -0.377691 0.351323 3.33338 -0.42404 0.733045 3.34765 -0.171686 -0.0458742 3.33173 -0.179987 0.355058 3.37823 -0.136615 0.741764 3.41297 
-0.241248 -0.770886 3.19677 -0.271802 -0.56585 3.34069 -0.433668 -0.566682 3.32512 -0.516935 -0.310042 3.38233 -0.586606 -0.0713439 3.42428 -0.118122 -0.564219 3.35591 -0.0506703 -0.30915 3.42005 0.00866212 -0.0763765 3.47267 -0.277534 -0.0468769 3.32172 -0.372853 -0.0492891 3.31909 -0.379219 0.35206 3.33554 -0.424442 0.733666 3.34842 -0.173915 -0.0452052 3.33056 -0.182698 0.356215 3.38083 -0.13651 0.742519 3.41285 
-0.24171 -0.769892 3.20003 -0.274824 -0.565796 3.34275 -0.435422 -0.565045 3.32885 -0.511233 -0.301342 3.38438 -0.572704 -0.06527 3.40887 -0.119623 -0.564751 3.35806 -0.0592022 -0.301846 3.41142 -0.00402342 -0.0695478 3.45191 -0.279558 -0.0445952 3.32216 -0.375587 -0.045594 3.32283 -0.38192 0.354348 3.33928 -0.424725 0.733921 3.34974 -0.17739 -0.0422684 3.33105 -0.185714 0.358307 3.38377 -0.136258 0.742862 3.41272 
-0.242458 -0.76822 3.20469 -0.27844 -0.56433 3.34471 -0.438222 -0.562092 3.33486 -0.507559 -0.294565 3.3803 -0.557492 -0.0599121 3.38437 -0.121079 -0.564237 3.35903 -0.0638709 -0.294357 3.39697 -0.0161423 -0.0662921 3.41033 -0.282296 -0.0435485 3.3256 -0.380578 -0.0438812 3.32773 -0.383214 0.356776 3.34168 -0.424815 0.734181 3.34979 -0.181036 -0.0404306 3.33639 -0.187543 0.358493 3.38767 -0.136146 0.743007 3.41266 
-0.243371 -0.768535 3.21197 -0.282354 -0.562126 3.34946 -0.441147 -0.560971 3.34409 -0.504638 -0.289156 3.37117 -0.540109 -0.0545618 3.34883 -0.122823 -0.562744 3.36252 -0.0655399 -0.287833 3.37865 -0.0276606 -0.0614979 3.35183 -0.285382 -0.0415986 3.33166 -0.386697 -0.0428323 3.33345 -0.3862 0.35781 3.34411 -0.424747 0.734591 3.34864 -0.184765 -0.0381826 3.3443 -0.189276 0.358522 3.38994 -0.136102 0.743047 3.41263 
-0.244964 -0.768382 3.21947 -0.286131 -0.56163 3.35616 -0.443638 -0.560337 3.35435 -0.503103 -0.28573 3.3608 -0.523594 -0.055675 3.30973 -0.125918 -0.563053 3.36613 -0.0669305 -0.28774 3.359 -0.0395076 -0.062832 3.29465 -0.287083 -0.0419377 3.34086 -0.39099 -0.0450126 3.34005 -0.388192 0.357099 3.34736 -0.424669 0.735325 3.34819 -0.186459 -0.0378912 3.35114 -0.190031 0.358064 3.39165 -0.136091 0.74307 3.4126 
-0.247392 -0.76976 3.22679 -0.289044 -0.560927 3.36662 -0.446188 -0.561372 3.36739 -0.501461 -0.28366 3.3487 -0.507268 -0.0634523 3.26898 -0.127662 -0.561566 3.37123 -0.0684002 -0.286703 3.33904 -0.0489643 -0.06735 3.23846 -0.28907 -0.0414634 3.34616 -0.392273 -0.0453526 3.34528 -0.390253 0.356249 3.35013 -0.424636 0.735343 3.34838 -0.187454 -0.0378386 3.3544 -0.190054 0.358588 3.39158 -0.136116 0.743098 3.41257 
-0.249239 -0.771912 3.234 -0.289335 -0.561155 3.37802 -0.447243 -0.562572 3.37542 -0.499929 -0.28549 3.33707 -0.493978 -0.0752418 3.22992 -0.128466 -0.560788 3.37856 -0.0685926 -0.289946 3.32299 -0.0553793 -0.0723789 3.20456 -0.28994 -0.0432527 3.35158 -0.392556 -0.0458073 3.34845 -0.391163 0.354548 3.34937 -0.424673 0.734657 3.34919 -0.188157 -0.0397769 3.35676 -0.190081 0.356788 3.3896 -0.136146 0.743104 3.41258 
-0.25023 -0.771881 3.24085 -0.289397 -0.562011 3.38788 -0.446626 -0.562897 3.38136 -0.498089 -0.289943 3.32635 -0.484218 -0.0924549 3.19526 -0.128934 -0.561146 3.38784 -0.068937 -0.295965 3.30879 -0.0618855 -0.080906 3.17292 -0.289928 -0.0454247 3.35572 -0.393139 -0.0472496 3.35181 -0.391586 0.353605 3.35009 -0.42466 0.734432 3.35097 -0.188405 -0.0415268 3.35925 -0.189976 0.356544 3.38896 -0.136168 0.743122 3.41279 
-0.250355 -0.770575 3.2466 -0.289244 -0.562416 3.39415 -0.44628 -0.56263 3.38399 -0.497229 -0.292532 3.31733 -0.477194 -0.106218 3.17256 -0.129138 -0.560923 3.39728 -0.0694751 -0.300223 3.29721 -0.0680449 -0.0894476 3.14698 -0.290923 -0.0461096 3.35783 -0.394594 -0.048744 3.35451 -0.391667 0.352922 3.34998 -0.424763 0.734309 3.35232 -0.188402 -0.0428021 3.36114 -0.189979 0.355997 3.3895 -0.136169 0.743093 3.41331 
-0.250913 -0.769646 3.25171 -0.289006 -0.562951 3.39755 -0.445942 -0.563607 3.38474 -0.498177 -0.289975 3.30751 -0.472232 -0.115307 3.15727 -0.129264 -0.562767 3.40273 -0.0701076 -0.30276 3.28989 -0.0758734 -0.0965678 3.12951 -0.291397 -0.0458522 3.35904 -0.394973 -0.0484601 3.35397 -0.391818 0.353523 3.3491 -0.424963 0.734216 3.35406 -0.18811 -0.0428933 3.36311 -0.190085 0.3547 3.39153 -0.136161 0.742951 3.41449 
-0.250697 -0.768582 3.25547 -0.28863 -0.563692 3.39996 -0.445627 -0.564607 3.38603 -0.498374 -0.28874 3.30392 -0.471036 -0.116237 3.15064 -0.129286 -0.563298 3.40497 -0.0709054 -0.300842 3.28664 -0.083618 -0.0998182 3.12023 -0.29155 -0.0460196 3.35973 -0.395106 -0.0490275 3.35378 -0.391668 0.354122 3.34702 -0.425163 0.734164 3.3547 -0.189356 -0.0434966 3.36407 -0.190136 0.353328 3.39393 -0.136237 0.742682 3.41682 
-0.249781 -0.767921 3.25785 -0.28765 -0.563285 3.40103 -0.444945 -0.564446 3.38676 -0.497958 -0.287024 3.3075 -0.471899 -0.11102 3.15579 -0.129149 -0.562916 3.40552 -0.0721014 -0.297245 3.28713 -0.0892432 -0.100015 3.11835 -0.291385 -0.0451022 3.36024 -0.394758 -0.0479279 3.35386 -0.39122 0.354977 3.34543 -0.425282 0.734125 3.35497 -0.188911 -0.0420442 3.36463 -0.189868 0.354207 3.39574 -0.136342 0.742246 3.41909 
-0.249371 -0.768366 3.25827 -0.285512 -0.561415 3.40134 -0.443663 -0.563099 3.38719 -0.497069 -0.283541 3.31508 -0.475225 -0.0969439 3.17267 -0.128807 -0.562939 3.4046 -0.0724756 -0.292911 3.29051 -0.0918697 -0.0943374 3.12228 -0.291071 -0.0440653 3.36058 -0.393995 -0.0457627 3.35411 -0.390682 0.355138 3.34314 -0.425339 0.734086 3.35506 -0.188542 -0.0405359 3.36473 -0.189132 0.354619 3.39772 -0.136199 0.742986 3.42016 
-0.249418 -0.770088 3.25683 -0.283186 -0.559832 3.40108 -0.44308 -0.562968 3.38734 -0.496897 -0.2799 3.32272 -0.480724 -0.0810215 3.19871 -0.128221 -0.561639 3.40138 -0.0726719 -0.28754 3.29521 -0.0880363 -0.0845531 3.13547 -0.290615 -0.0421449 3.36078 -0.39426 -0.0425682 3.35446 -0.390719 0.356542 3.3437 -0.425341 0.734073 3.35508 -0.188195 -0.039375 3.36417 -0.187993 0.356254 3.39885 -0.136137 0.743591 3.4207 
-0.249701 -0.772843 3.2543 -0.281733 -0.55914 3.39985 -0.442845 -0.562265 3.38754 -0.495938 -0.275654 3.33104 -0.489362 -0.0644544 3.22928 -0.127268 -0.559635 3.39648 -0.0721449 -0.281902 3.30175 -0.0770504 -0.0709334 3.15907 -0.289706 -0.0411215 3.36106 -0.395468 -0.0410748 3.35538 -0.390645 0.356794 3.34518 -0.425309 0.734089 3.35506 -0.187699 -0.0393987 3.36265 -0.18761 0.357415 3.39972 -0.136113 0.744573 3.42103 
-0.250178 -0.775543 3.25101 -0.280475 -0.558533 3.39744 -0.442771 -0.561798 3.38808 -0.495315 -0.274371 3.33904 -0.496995 -0.0532146 3.25794 -0.125846 -0.558917 3.39016 -0.0713079 -0.277434 3.30925 -0.0685737 -0.0593492 3.18067 -0.289037 -0.0400251 3.36238 -0.395395 -0.0418622 3.35758 -0.389995 0.356317 3.34546 -0.425283 0.734103 3.35487 -0.186147 -0.0372685 3.36177 -0.188009 0.357176 3.40104 -0.136091 0.744971 3.42121 
-0.250916 -0.777193 3.24838 -0.278847 -0.557524 3.39494 -0.442774 -0.561116 3.38942 -0.49414 -0.274125 3.34842 -0.503542 -0.041194 3.28513 -0.12319 -0.557704 3.38425 -0.070503 -0.270555 3.31755 -0.0611015 -0.0440898 3.20357 -0.288762 -0.0380875 3.36561 -0.394424 -0.040754 3.36249 -0.388871 0.356256 3.34747 -0.425233 0.734113 3.35441 -0.184997 -0.0347137 3.36123 -0.189304 0.357056 3.40112 -0.13609 0.745141 3.42128 
-0.250606 -0.777144 3.2469 -0.278088 -0.55709 3.39376 -0.442734 -0.561384 3.39004 -0.493756 -0.274079 3.35511 -0.507673 -0.0352182 3.30621 -0.121944 -0.557131 3.3803 -0.0699719 -0.266589 3.32354 -0.0545159 -0.0361178 3.22117 -0.288511 -0.0369703 3.36563 -0.392806 -0.040167 3.36463 -0.388594 0.35722 3.34904 -0.425192 0.734124 3.35334 -0.183803 -0.0331737 3.36118 -0.190083 0.358352 3.39981 -0.136111 0.745223 3.42127 
-0.250459 -0.778078 3.24629 -0.277856 -0.556842 3.3931 -0.442679 -0.56286 3.39029 -0.493986 -0.274428 3.35895 -0.509897 -0.0336434 3.31707 -0.12152 -0.556796 3.37607 -0.0696798 -0.264035 3.32691 -0.0477142 -0.0307987 3.23207 -0.288295 -0.0359455 3.36193 -0.391901 -0.0384544 3.36335 -0.388593 0.358223 3.34877 -0.42516 0.734134 3.35104 -0.182454 -0.0318575 3.35952 -0.190398 0.358855 3.3992 -0.136121 0.745263 3.42127 
