15 220 4
0.0684906 0.0893124 0.00804603 -0.23647 0.185567 -0.11661
0.140063 -1.55205 -0.137077 3.80558 0.233998 3.30569
-0.00407381 3.01232 0.0613647 -0.779146 0.0720986 7.20803
0.105028 1.563 0.108475 -3.6215 0.428799 3.42071
-0.253371 -0.736605 3.15346 -0.392865 -0.572026 3.07229 -0.336372 -0.567071 2.9074 -0.294848 -0.277376 2.85651 -0.214825 -0.0641028 2.87061 -0.456931 -0.578622 3.22712 -0.447571 -0.289538 3.2989 -0.367594 -0.063343 3.35117 -0.378431 -0.0432174 3.05922 -0.3403 -0.0399191 2.95636 -0.378123 0.346173 2.95851 -0.394149 0.738874 2.93065 -0.41876 -0.0465672 3.16653 -0.41964 0.337086 3.15567 -0.462512 0.745338 3.15996 
-0.250666 -0.732064 3.15248 -0.394717 -0.571748 3.07222 -0.336955 -0.566937 2.90732 -0.298837 -0.276559 2.8563 -0.22164 -0.0611803 2.86838 -0.457068 -0.578581 3.22732 -0.447887 -0.290814 3.29825 -0.368832 -0.0642633 3.35152 -0.380523 -0.0433451 3.06014 -0.341187 -0.0401009 2.95732 -0.375647 0.345365 2.96028 -0.394016 0.738889 2.93147 -0.42052 -0.0475965 3.16713 -0.420755 0.33512 3.15577 -0.462673 0.745436 3.15913 
-0.24772 -0.728002 3.1495 -0.39535 -0.57089 3.07226 -0.338136 -0.564692 2.90728 -0.304089 -0.272182 2.85604 -0.229706 -0.0554876 2.86516 -0.457217 -0.578177 3.22798 -0.449438 -0.291246 3.29817 -0.371471 -0.0640416 3.35113 -0.381961 -0.0451294 3.06045 -0.341594 -0.0407052 2.95786 -0.373513 0.344787 2.96201 -0.393954 0.738791 2.93121 -0.421341 -0.0484529 3.16852 -0.421691 0.334353 3.15557 -0.462844 0.745911 3.15926 
-0.244054 -0.723951 3.14538 -0.397101 -0.568892 3.07227 -0.338014 -0.562132 2.907 -0.310256 -0.270749 2.85462 -0.239993 -0.050728 2.85931 -0.457653 -0.577249 3.22943 -0.452375 -0.290053 3.29866 -0.376556 -0.063073 3.34874 -0.383346 -0.0452953 3.06011 -0.341681 -0.0405746 2.95814 -0.372416 0.345435 2.96261 -0.393603 0.738684 2.93215 -0.426406 -0.0488121 3.16924 -0.42266 0.336259 3.15522 -0.463129 0.747123 3.16042 
-0.241011 -0.72016 3.13893 -0.398989 -0.567536 3.07233 -0.338902 -0.560722 2.90655 -0.316153 -0.272944 2.85296 -0.252029 -0.0480165 2.85349 -0.458463 -0.576291 3.23239 -0.456615 -0.290566 3.29828 -0.382363 -0.0630682 3.34466 -0.383102 -0.0458421 3.06117 -0.341391 -0.0412435 2.96011 -0.371709 0.344739 2.9629 -0.392957 0.738162 2.93259 -0.427015 -0.0498284 3.16976 -0.423962 0.337416 3.15494 -0.463275 0.747961 3.16104 
-0.238362 -0.717465 3.13418 -0.399914 -0.566988 3.07243 -0.339107 -0.559145 2.90588 -0.319918 -0.275695 2.85356 -0.261467 -0.0456538 2.84926 -0.458422 -0.576133 3.23394 -0.461245 -0.290444 3.29824 -0.389068 -0.0616279 3.34118 -0.381209 -0.0457071 3.06222 -0.340613 -0.0401774 2.96244 -0.371482 0.344058 2.96305 -0.392114 0.738498 2.93288 -0.423135 -0.0490915 3.17036 -0.424437 0.338539 3.15482 -0.463322 0.749013 3.16143 
-0.236283 -0.714841 3.13067 -0.400272 -0.566777 3.07262 -0.340702 -0.557985 2.90673 -0.322308 -0.278067 2.85492 -0.268903 -0.0435971 2.84634 -0.457364 -0.576627 3.23492 -0.462962 -0.290766 3.29793 -0.394049 -0.0613623 3.33805 -0.378385 -0.0460295 3.06378 -0.339309 -0.0397408 2.96437 -0.371286 0.344494 2.96312 -0.392086 0.738562 2.93299 -0.415073 -0.0490252 3.17144 -0.424286 0.340609 3.15476 -0.463337 0.749475 3.16162 
-0.235126 -0.712167 3.12809 -0.400504 -0.566916 3.07292 -0.342622 -0.557992 2.90717 -0.323731 -0.277161 2.8559 -0.272944 -0.043378 2.84513 -0.456788 -0.577063 3.23562 -0.463672 -0.291079 3.29742 -0.396818 -0.0611605 3.33557 -0.376898 -0.0469601 3.0645 -0.338103 -0.0396484 2.96445 -0.370439 0.344625 2.96321 -0.392844 0.738383 2.933 -0.409782 -0.0498018 3.17282 -0.424783 0.34165 3.1547 -0.463309 0.749667 3.16171 
-0.23371 -0.70957 3.12601 -0.400452 -0.567359 3.07354 -0.343443 -0.557346 2.90744 -0.325366 -0.275591 2.85632 -0.273739 -0.043409 2.84523 -0.456314 -0.577763 3.23652 -0.463375 -0.291513 3.29657 -0.398056 -0.0620857 3.33415 -0.376375 -0.0475405 3.06495 -0.338902 -0.0398591 2.96497 -0.370477 0.344688 2.96325 -0.393414 0.739257 2.93306 -0.407065 -0.0503107 3.1736 -0.424004 0.342485 3.15474 -0.463281 0.749724 3.16175 
-0.233682 -0.708147 3.12391 -0.400189 -0.567093 3.07498 -0.343676 -0.557255 2.90755 -0.326321 -0.275266 2.85639 -0.272755 -0.0437134 2.8464 -0.455929 -0.578014 3.23819 -0.463199 -0.292213 3.29632 -0.398155 -0.0630786 3.33333 -0.376516 -0.0484117 3.06525 -0.339958 -0.0405507 2.96626 -0.371403 0.344698 2.96326 -0.393588 0.740211 2.93319 -0.407086 -0.0512179 3.17396 -0.423613 0.342163 3.15466 -0.463238 0.749705 3.16176 
-0.232766 -0.707387 3.12161 -0.399903 -0.567379 3.07559 -0.343664 -0.557515 2.90759 -0.326821 -0.276007 2.8561 -0.269728 -0.0458558 2.8478 -0.455684 -0.57814 3.23893 -0.463097 -0.292508 3.29661 -0.397086 -0.0645127 3.33283 -0.377323 -0.0486076 3.06564 -0.341568 -0.0422509 2.96666 -0.371757 0.344532 2.96329 -0.393486 0.740304 2.93325 -0.408591 -0.0517263 3.17429 -0.423475 0.34225 3.1546 -0.463189 0.749624 3.16175 
-0.23087 -0.70694 3.12007 -0.399489 -0.567011 3.07587 -0.343581 -0.558234 2.90771 -0.327001 -0.276841 2.85542 -0.264178 -0.0483271 2.84999 -0.455481 -0.578256 3.23924 -0.462966 -0.292476 3.2964 -0.394412 -0.0658488 3.33246 -0.379089 -0.048082 3.06643 -0.342429 -0.0429952 2.96662 -0.371788 0.344138 2.96335 -0.393076 0.739646 2.93328 -0.410848 -0.05095 3.17488 -0.423586 0.342875 3.15457 -0.463107 0.749429 3.16174 
-0.228755 -0.706716 3.11886 -0.398679 -0.567088 3.07594 -0.343492 -0.55802 2.90774 -0.326053 -0.27482 2.85589 -0.257938 -0.0484099 2.85199 -0.455155 -0.578389 3.23936 -0.462819 -0.292211 3.29671 -0.390158 -0.066356 3.33208 -0.38029 -0.0480061 3.06587 -0.342857 -0.0433258 2.96608 -0.37151 0.343192 2.96346 -0.392673 0.739402 2.93328 -0.410232 -0.0508643 3.17466 -0.423324 0.342721 3.15462 -0.46295 0.748997 3.16169 
-0.226723 -0.706652 3.11789 -0.396849 -0.567596 3.07589 -0.343087 -0.558796 2.90772 -0.323528 -0.272911 2.85641 -0.249271 -0.0487551 2.8547 -0.454514 -0.578591 3.23934 -0.461526 -0.292437 3.29621 -0.384815 -0.067252 3.33161 -0.379834 -0.0470304 3.06361 -0.343129 -0.0420448 2.96466 -0.370631 0.342545 2.96345 -0.392034 0.739374 2.93324 -0.409908 -0.0502064 3.17344 -0.422663 0.341524 3.15481 -0.462602 0.747974 3.16162 
-0.224306 -0.706846 3.11702 -0.395009 -0.567454 3.07573 -0.342344 -0.559191 2.9076 -0.321824 -0.271624 2.8569 -0.243233 -0.0486935 2.85703 -0.453011 -0.578691 3.23922 -0.45879 -0.292252 3.296 -0.37808 -0.0676678 3.33094 -0.379298 -0.0473323 3.06252 -0.342926 -0.0409867 2.96392 -0.371169 0.342103 2.96341 -0.392766 0.739732 2.93297 -0.408141 -0.0502213 3.17245 -0.422101 0.340297 3.15482 -0.462461 0.747272 3.16154 
-0.221718 -0.707414 3.11621 -0.392232 -0.568134 3.07534 -0.340713 -0.559786 2.90733 -0.319992 -0.271674 2.85772 -0.239046 -0.0506321 2.85973 -0.449979 -0.578957 3.23903 -0.454258 -0.292521 3.29606 -0.371876 -0.0688341 3.33018 -0.378691 -0.0475248 3.06204 -0.34203 -0.0408574 2.96359 -0.371397 0.341317 2.96346 -0.393337 0.740553 2.93246 -0.405134 -0.0517816 3.17083 -0.421396 0.339707 3.15488 -0.462417 0.746324 3.16142 
-0.219142 -0.707314 3.11566 -0.39097 -0.568823 3.0744 -0.339563 -0.561118 2.90692 -0.317606 -0.271564 2.85798 -0.235471 -0.051704 2.86205 -0.448331 -0.578813 3.23889 -0.450617 -0.292744 3.29594 -0.36729 -0.0704531 3.32943 -0.377778 -0.0478781 3.0617 -0.340556 -0.041729 2.96327 -0.371388 0.341144 2.96343 -0.393561 0.740803 2.9314 -0.403604 -0.0522293 3.16981 -0.420219 0.339181 3.15496 -0.462386 0.746054 3.16138 
-0.217127 -0.706544 3.11512 -0.388638 -0.568595 3.07266 -0.338198 -0.560653 2.90643 -0.314342 -0.271353 2.85785 -0.233288 -0.0523917 2.86336 -0.447028 -0.579192 3.23869 -0.447129 -0.292711 3.29549 -0.363482 -0.0721962 3.32848 -0.376051 -0.0485829 3.0614 -0.339608 -0.0425844 2.96284 -0.371154 0.341306 2.96336 -0.393364 0.740927 2.93142 -0.401336 -0.0518953 3.16912 -0.419842 0.338459 3.15498 -0.462335 0.746241 3.16142 
-0.215089 -0.70599 3.1145 -0.385678 -0.568782 3.0713 -0.335849 -0.559882 2.90549 -0.310591 -0.270861 2.85741 -0.231518 -0.0516344 2.86427 -0.445449 -0.579079 3.2386 -0.443953 -0.291342 3.29477 -0.360323 -0.0724812 3.32709 -0.375015 -0.0487438 3.06115 -0.338962 -0.042549 2.96216 -0.370553 0.341942 2.96318 -0.392621 0.741019 2.93252 -0.399367 -0.0518526 3.16874 -0.420522 0.338798 3.15501 -0.46223 0.747051 3.16159 
-0.212379 -0.706352 3.11381 -0.382499 -0.569548 3.06941 -0.3336 -0.560076 2.90376 -0.30678 -0.271237 2.85653 -0.230161 -0.0515715 2.86397 -0.443055 -0.578758 3.23843 -0.441435 -0.291446 3.29374 -0.358058 -0.072861 3.3261 -0.374238 -0.0485168 3.06099 -0.338286 -0.0431458 2.96104 -0.369289 0.341933 2.96305 -0.393117 0.741125 2.93288 -0.398446 -0.0533302 3.16849 -0.420904 0.338576 3.15502 -0.462082 0.747404 3.16174 
-0.209065 -0.706536 3.11303 -0.379608 -0.569996 3.06834 -0.330606 -0.559405 2.90298 -0.303466 -0.270122 2.85626 -0.230163 -0.0509874 2.86279 -0.440539 -0.578331 3.23805 -0.439648 -0.291694 3.29311 -0.357009 -0.0733199 3.32528 -0.373655 -0.0494498 3.06084 -0.337212 -0.043239 2.95897 -0.368632 0.341575 2.96274 -0.393154 0.741152 2.93288 -0.398481 -0.054387 3.16828 -0.421214 0.337692 3.155 -0.461816 0.7476 3.16194 
-0.205445 -0.706556 3.11186 -0.377848 -0.570338 3.06773 -0.327687 -0.560819 2.90251 -0.300035 -0.269709 2.85531 -0.230365 -0.0494161 2.8611 -0.43821 -0.578583 3.23722 -0.438553 -0.293285 3.29271 -0.357028 -0.0740647 3.32433 -0.372668 -0.0505201 3.06064 -0.335482 -0.0444553 2.95724 -0.368183 0.342183 2.96191 -0.392776 0.74111 2.93251 -0.399467 -0.0560055 3.16794 -0.421257 0.337232 3.15496 -0.461262 0.747731 3.16236 
-0.201896 -0.706361 3.11116 -0.376171 -0.57061 3.06733 -0.32536 -0.561965 2.90203 -0.297602 -0.26814 2.85467 -0.230469 -0.0474929 2.8598 -0.433011 -0.579385 3.23571 -0.437539 -0.294719 3.29236 -0.357621 -0.0741415 3.32296 -0.370646 -0.0509482 3.06032 -0.334539 -0.0447875 2.95493 -0.367757 0.342626 2.96041 -0.391754 0.740974 2.9316 -0.398778 -0.0567306 3.16757 -0.421063 0.336777 3.15494 -0.461995 0.748136 3.16307 
-0.197523 -0.706103 3.11075 -0.373626 -0.570867 3.06703 -0.321936 -0.561997 2.90157 -0.295384 -0.267677 2.8528 -0.231657 -0.0467492 2.85656 -0.426311 -0.579797 3.23519 -0.436445 -0.295687 3.29191 -0.358659 -0.074453 3.32205 -0.368604 -0.0512527 3.05999 -0.334031 -0.0444809 2.9534 -0.367427 0.343271 2.95956 -0.391492 0.740856 2.92945 -0.39816 -0.0575084 3.16717 -0.420584 0.335965 3.15496 -0.462553 0.748981 3.16463 
-0.192279 -0.705668 3.11039 -0.370788 -0.571263 3.06657 -0.31786 -0.563067 2.90071 -0.294232 -0.267972 2.85164 -0.23396 -0.0458449 2.854 -0.416771 -0.580021 3.23312 -0.435293 -0.295763 3.29111 -0.360249 -0.0741994 3.3214 -0.365442 -0.0532269 3.0594 -0.333702 -0.044894 2.95188 -0.36706 0.344726 2.95882 -0.391613 0.740874 2.92719 -0.395748 -0.0589507 3.16665 -0.419943 0.335982 3.15495 -0.462399 0.749303 3.16539 
-0.186972 -0.70488 3.10992 -0.368423 -0.572069 3.06604 -0.312939 -0.56413 2.89905 -0.29299 -0.269258 2.85112 -0.235343 -0.0453043 2.85228 -0.408557 -0.580251 3.23136 -0.434063 -0.295906 3.28966 -0.361728 -0.0741742 3.32059 -0.364356 -0.0540953 3.05861 -0.333274 -0.0447725 2.94915 -0.366898 0.346343 2.95784 -0.392578 0.740971 2.92605 -0.394406 -0.05899 3.16601 -0.418913 0.336778 3.15496 -0.461429 0.749371 3.1658 
-0.181362 -0.703396 3.10915 -0.362894 -0.572264 3.06518 -0.308516 -0.564643 2.89782 -0.291283 -0.270959 2.84975 -0.236561 -0.0432173 2.85047 -0.400791 -0.580136 3.23117 -0.432765 -0.29622 3.28712 -0.36353 -0.0745388 3.31941 -0.364628 -0.0546977 3.05729 -0.332678 -0.0455572 2.94615 -0.366464 0.34591 2.9563 -0.393016 0.741014 2.92554 -0.393334 -0.0592862 3.16507 -0.419222 0.337293 3.1549 -0.460984 0.749388 3.16597 
-0.174996 -0.701825 3.10759 -0.355835 -0.572062 3.06405 -0.304396 -0.563302 2.89682 -0.290112 -0.271984 2.84681 -0.238548 -0.0414506 2.84753 -0.394705 -0.580004 3.23075 -0.431181 -0.296748 3.28407 -0.365837 -0.0744603 3.31761 -0.364269 -0.0552905 3.05644 -0.331738 -0.046348 2.94342 -0.366072 0.344925 2.95322 -0.39324 0.741072 2.92535 -0.392033 -0.0601299 3.16334 -0.419125 0.337847 3.15473 -0.460801 0.749324 3.16604 
-0.167093 -0.699583 3.10511 -0.347851 -0.571644 3.06231 -0.298448 -0.560769 2.89316 -0.289665 -0.272889 2.84256 -0.241545 -0.0417566 2.84486 -0.38916 -0.579855 3.22994 -0.429198 -0.297955 3.28054 -0.368343 -0.0740482 3.31467 -0.363268 -0.0580053 3.0558 -0.329935 -0.049257 2.9398 -0.365926 0.344288 2.94947 -0.393354 0.741129 2.92535 -0.390443 -0.0618125 3.16215 -0.418682 0.337418 3.15454 -0.46074 0.749234 3.16605 
-0.157597 -0.695825 3.10127 -0.337319 -0.57073 3.05929 -0.292383 -0.558689 2.88734 -0.290002 -0.275386 2.83693 -0.247401 -0.0419926 2.84174 -0.38348 -0.579467 3.22863 -0.42638 -0.29939 3.27542 -0.37105 -0.0744453 3.30969 -0.361116 -0.0599739 3.05507 -0.329046 -0.0518235 2.93549 -0.365783 0.343592 2.94525 -0.393388 0.741181 2.92562 -0.387661 -0.0640826 3.16097 -0.417541 0.337041 3.15417 -0.460755 0.749055 3.16604 
-0.145109 -0.691181 3.09677 -0.326028 -0.570814 3.05604 -0.284279 -0.559004 2.88376 -0.291242 -0.278132 2.83193 -0.256016 -0.0448257 2.83714 -0.374992 -0.578762 3.22631 -0.423577 -0.300644 3.26955 -0.374525 -0.0744829 3.30365 -0.359039 -0.0625478 3.05387 -0.3291 -0.0544935 2.93264 -0.367663 0.341895 2.94093 -0.393317 0.741208 2.92629 -0.383127 -0.0657245 3.15942 -0.417383 0.336402 3.15355 -0.460858 0.748541 3.16601 
-0.132327 -0.685779 3.0911 -0.316598 -0.570705 3.05318 -0.278942 -0.560433 2.88094 -0.29269 -0.280042 2.82618 -0.265371 -0.0449335 2.83094 -0.364248 -0.579179 3.22405 -0.420193 -0.301984 3.26286 -0.377123 -0.0742413 3.2986 -0.356315 -0.0632768 3.05159 -0.328226 -0.0546687 2.92929 -0.36847 0.341603 2.93619 -0.393425 0.741119 2.92544 -0.379297 -0.0663914 3.1584 -0.417644 0.336957 3.15213 -0.461069 0.74905 3.16608 
-0.119244 -0.680976 3.08537 -0.308721 -0.569918 3.04951 -0.270595 -0.560748 2.8774 -0.294655 -0.283383 2.81906 -0.275264 -0.0436218 2.82106 -0.352472 -0.579003 3.22078 -0.416509 -0.303308 3.25677 -0.379558 -0.0734115 3.29435 -0.354025 -0.0643679 3.0496 -0.326187 -0.0556275 2.92622 -0.368509 0.340661 2.93312 -0.393493 0.741081 2.92498 -0.374529 -0.066755 3.15754 -0.417942 0.335609 3.1515 -0.461547 0.749303 3.16609 
-0.106101 -0.676228 3.07951 -0.300785 -0.569979 3.04573 -0.259427 -0.560542 2.87453 -0.29584 -0.284597 2.81121 -0.28662 -0.0398895 2.80915 -0.340644 -0.578355 3.21664 -0.412774 -0.305208 3.25058 -0.381859 -0.0739233 3.29054 -0.350763 -0.0636795 3.04662 -0.322445 -0.0550871 2.92417 -0.370486 0.340461 2.92965 -0.393546 0.741027 2.92471 -0.371397 -0.0654587 3.15615 -0.418623 0.335058 3.15105 -0.462567 0.749481 3.16603 
-0.0916828 -0.673564 3.07341 -0.291018 -0.567296 3.04216 -0.24824 -0.559214 2.87079 -0.295834 -0.285683 2.80514 -0.297739 -0.0367735 2.79569 -0.326064 -0.576527 3.21222 -0.406694 -0.306404 3.24531 -0.38253 -0.0736414 3.28713 -0.346765 -0.0617835 3.04088 -0.317137 -0.0540678 2.92169 -0.371598 0.340348 2.9241 -0.393587 0.740915 2.92459 -0.368697 -0.0641718 3.15379 -0.417921 0.334884 3.15059 -0.46284 0.749493 3.166 
-0.077981 -0.671323 3.06645 -0.276662 -0.563445 3.03735 -0.240358 -0.55761 2.86666 -0.293958 -0.285916 2.79919 -0.306693 -0.0336674 2.78282 -0.310215 -0.573406 3.20594 -0.397884 -0.306829 3.24087 -0.379558 -0.0739716 3.28294 -0.33833 -0.0589556 3.0341 -0.312528 -0.0531823 2.91918 -0.370877 0.340672 2.92024 -0.393654 0.740656 2.92438 -0.359849 -0.0616882 3.1501 -0.414876 0.336537 3.15025 -0.462506 0.749372 3.16597 
-0.0671886 -0.67109 3.05957 -0.262819 -0.560498 3.03084 -0.233437 -0.554687 2.85995 -0.289949 -0.286774 2.79395 -0.311734 -0.0341916 2.76928 -0.299848 -0.570893 3.19935 -0.385086 -0.30671 3.23726 -0.37296 -0.0736518 3.27881 -0.327378 -0.0559556 3.02734 -0.306485 -0.05165 2.91561 -0.368053 0.341887 2.91589 -0.393681 0.74009 2.92414 -0.350512 -0.0592521 3.14511 -0.408405 0.337589 3.14996 -0.461361 0.749063 3.16592 
-0.0598821 -0.674012 3.05274 -0.253673 -0.558315 3.02237 -0.228028 -0.552303 2.85213 -0.282789 -0.283519 2.7883 -0.309172 -0.0341666 2.75777 -0.290875 -0.567879 3.18938 -0.372163 -0.30617 3.23392 -0.359625 -0.0737944 3.27367 -0.316971 -0.0539358 3.02034 -0.299962 -0.0499773 2.91171 -0.36202 0.343285 2.91344 -0.39362 0.740466 2.92392 -0.339802 -0.0577177 3.13869 -0.39679 0.340565 3.1497 -0.458757 0.748262 3.1659 
-0.0555116 -0.676551 3.04651 -0.249015 -0.557237 3.01228 -0.224036 -0.550487 2.84151 -0.271195 -0.281304 2.78332 -0.295562 -0.0335468 2.74966 -0.28686 -0.566925 3.18191 -0.359438 -0.304012 3.2313 -0.341315 -0.0737996 3.26863 -0.30832 -0.0526999 3.01657 -0.291504 -0.0481522 2.90774 -0.351776 0.344754 2.91178 -0.394112 0.741857 2.92343 -0.326743 -0.0565946 3.13176 -0.376084 0.34381 3.15242 -0.453129 0.746241 3.16593 
-0.0534978 -0.681547 3.03954 -0.245759 -0.556741 3.00227 -0.219842 -0.548038 2.82953 -0.254627 -0.278929 2.77921 -0.27187 -0.0321278 2.74503 -0.285767 -0.566497 3.17533 -0.345831 -0.300151 3.22872 -0.31656 -0.0713604 3.26374 -0.299713 -0.0516956 3.01473 -0.281886 -0.046618 2.90419 -0.33567 0.343969 2.91069 -0.395056 0.742043 2.92219 -0.312054 -0.0555584 3.12731 -0.343828 0.345674 3.15829 -0.442895 0.741397 3.16625 
-0.0523718 -0.686174 3.03493 -0.242861 -0.556604 2.9938 -0.213961 -0.546787 2.82166 -0.235116 -0.275577 2.77599 -0.238008 -0.0308852 2.74688 -0.287175 -0.566444 3.17022 -0.328493 -0.295811 3.22824 -0.280106 -0.0691766 3.25911 -0.290394 -0.0504336 3.01364 -0.272373 -0.0443387 2.90158 -0.318064 0.344566 2.90985 -0.394544 0.741093 2.92219 -0.299551 -0.0544122 3.12356 -0.303696 0.343196 3.16918 -0.421984 0.732792 3.16742 
-0.0521517 -0.690376 3.03181 -0.241333 -0.555414 2.98691 -0.205127 -0.544479 2.81596 -0.210539 -0.270655 2.77355 -0.195487 -0.0322006 2.75765 -0.288962 -0.567101 3.16612 -0.30983 -0.290476 3.22872 -0.237336 -0.0725157 3.2537 -0.283809 -0.0495286 3.01304 -0.265037 -0.0419588 2.89971 -0.302468 0.344418 2.90963 -0.394263 0.740281 2.92334 -0.290293 -0.0539776 3.12376 -0.260769 0.33353 3.18225 -0.380331 0.722728 3.17386 
-0.051592 -0.693697 3.03216 -0.239945 -0.554859 2.98275 -0.195081 -0.543195 2.81397 -0.18206 -0.267192 2.77156 -0.142221 -0.0393662 2.77871 -0.288729 -0.567478 3.16314 -0.290726 -0.286808 3.23088 -0.190051 -0.0829223 3.24554 -0.272815 -0.0500271 3.01339 -0.255632 -0.0413417 2.89847 -0.296337 0.344172 2.91105 -0.39189 0.741807 2.92427 -0.281538 -0.0551964 3.12612 -0.213515 0.323874 3.19394 -0.320524 0.714885 3.1889 
-0.0501966 -0.69504 3.03492 -0.235638 -0.553819 2.98159 -0.181099 -0.54187 2.81455 -0.154459 -0.265502 2.77212 -0.0871446 -0.0507818 2.80908 -0.287161 -0.565979 3.16192 -0.270285 -0.283408 3.23577 -0.140311 -0.100145 3.23435 -0.252025 -0.0477605 3.01454 -0.235532 -0.0400092 2.89903 -0.283773 0.347668 2.91515 -0.389192 0.742115 2.92476 -0.267147 -0.0525164 3.12972 -0.170836 0.321707 3.20424 -0.241507 0.71586 3.20589 
-0.047472 -0.69488 3.04049 -0.229015 -0.549839 2.98297 -0.170055 -0.540741 2.81934 -0.120629 -0.265525 2.7783 -0.0250343 -0.0695545 2.85615 -0.283497 -0.559217 3.16187 -0.24902 -0.278928 3.24391 -0.0922375 -0.12439 3.21841 -0.232375 -0.0431716 3.01576 -0.215889 -0.0369045 2.90247 -0.259712 0.353771 2.92063 -0.386151 0.743272 2.9258 -0.246545 -0.0481888 3.13244 -0.124637 0.32073 3.21259 -0.147746 0.720045 3.22816 
-0.0420715 -0.691518 3.04725 -0.216074 -0.544471 2.98802 -0.158381 -0.536152 2.82469 -0.083499 -0.265832 2.78475 0.0317619 -0.0985834 2.90384 -0.270325 -0.552709 3.16331 -0.222793 -0.267273 3.2557 -0.0419415 -0.151963 3.20332 -0.208938 -0.0376492 3.02032 -0.192552 -0.0317012 2.90875 -0.228156 0.363001 2.92399 -0.383078 0.74282 2.92728 -0.218755 -0.0424213 3.13618 -0.0791183 0.322069 3.21923 -0.0579636 0.72153 3.24835 
-0.0333451 -0.682065 3.05628 -0.199159 -0.534291 2.99758 -0.14363 -0.523281 2.83215 -0.0479309 -0.260298 2.79378 0.0832906 -0.136861 2.9491 -0.252792 -0.541542 3.16726 -0.193291 -0.256527 3.2685 0.00575902 -0.177906 3.18855 -0.18588 -0.027221 3.02704 -0.170527 -0.0212277 2.91825 -0.186487 0.377203 2.92622 -0.378696 0.741742 2.92788 -0.190921 -0.0326776 3.14369 -0.0262458 0.321502 3.22756 0.0276549 0.720263 3.26167 
-0.0209663 -0.666738 3.06628 -0.180357 -0.515253 3.01306 -0.126122 -0.504521 2.84393 -0.0184386 -0.252294 2.8094 0.117546 -0.16701 2.98644 -0.231234 -0.522909 3.17643 -0.163675 -0.242089 3.28427 0.0449754 -0.201538 3.18496 -0.155633 -0.00781575 3.03774 -0.147587 -0.00140452 2.93001 -0.140295 0.399495 2.92952 -0.371793 0.739173 2.92735 -0.160909 -0.0142337 3.15466 0.0285311 0.325065 3.24245 0.0956827 0.722811 3.27063 
-0.00361128 -0.641752 3.07792 -0.152944 -0.481855 3.02746 -0.103704 -0.473186 2.86107 0.0146764 -0.230246 2.82698 0.141938 -0.183854 3.01659 -0.202965 -0.489429 3.19034 -0.130684 -0.21744 3.30277 0.0759924 -0.204355 3.19283 -0.12223 0.0223226 3.04982 -0.116852 0.0293981 2.94126 -0.0896074 0.433508 2.93978 -0.36309 0.736578 2.9282 -0.123635 0.0139223 3.1665 0.094559 0.331514 3.2611 0.14857 0.730639 3.27385 
0.0157426 -0.606792 3.0926 -0.126623 -0.439248 3.04562 -0.0802095 -0.433726 2.88092 0.0462115 -0.188647 2.84489 0.16173 -0.184356 3.04022 -0.172483 -0.445072 3.2066 -0.0969707 -0.179995 3.31946 0.0987906 -0.189313 3.2082 -0.0849468 0.0644323 3.06431 -0.0840064 0.0716999 2.95719 -0.0370445 0.474819 2.95343 -0.349327 0.729507 2.92899 -0.0834653 0.0546809 3.17819 0.166845 0.341871 3.28037 0.185913 0.740743 3.27781 
0.0376406 -0.565366 3.10951 -0.0946867 -0.389086 3.06275 -0.0525918 -0.384447 2.90146 0.0736293 -0.14023 2.86086 0.179982 -0.166783 3.05805 -0.140625 -0.392997 3.22792 -0.0648845 -0.135049 3.33746 0.121263 -0.163649 3.22592 -0.0510582 0.111595 3.08393 -0.0550545 0.12278 2.97161 0.00364125 0.51468 2.97204 -0.335866 0.723579 2.9307 -0.0490876 0.0989935 3.19245 0.227408 0.352812 3.29917 0.206558 0.744418 3.28028 
0.0650542 -0.520342 3.12602 -0.0616408 -0.334457 3.08053 -0.0183192 -0.328922 2.91913 0.104612 -0.0838008 2.87261 0.196655 -0.135978 3.07069 -0.109451 -0.33826 3.24405 -0.0353384 -0.0896137 3.35017 0.144622 -0.132134 3.23826 -0.0180551 0.160647 3.09663 -0.0218717 0.172956 2.98703 0.0414376 0.571428 2.98479 -0.324148 0.716207 2.93681 -0.0178634 0.147331 3.20664 0.286009 0.35996 3.31246 0.221094 0.745737 3.28008 
0.0947606 -0.475374 3.14163 -0.02977 -0.280022 3.10085 0.0126491 -0.275725 2.9413 0.130405 -0.0265097 2.88832 0.213772 -0.0966617 3.08077 -0.0755445 -0.284717 3.26045 -0.00877378 -0.0374949 3.36157 0.166343 -0.0935202 3.24356 0.00396682 0.209356 3.10817 0.00335039 0.223275 3.00647 0.0700382 0.627646 2.99804 -0.311234 0.700849 2.95153 0.00837147 0.19452 3.22273 0.33165 0.370726 3.32354 0.22908 0.746506 3.28015 
0.12195 -0.43648 3.15672 4.74501e-05 -0.238193 3.11683 0.0407781 -0.235972 2.95931 0.151852 0.0196198 2.90112 0.229817 -0.0589985 3.08969 -0.0471802 -0.243168 3.27808 0.0113647 0.0079639 3.37377 0.186088 -0.0562717 3.24829 0.0197596 0.246625 3.11914 0.0178831 0.260291 3.02059 0.0895041 0.669084 3.01171 -0.298854 0.691821 2.96358 0.027331 0.232206 3.23417 0.359568 0.378445 3.3319 0.233567 0.747892 3.2806 
0.149783 -0.399779 3.1723 0.0294226 -0.194692 3.1346 0.0709472 -0.19347 2.97822 0.169668 0.0662623 2.91226 0.244171 -0.0201841 3.09662 -0.0164541 -0.198795 3.29635 0.0272397 0.053357 3.38884 0.204163 -0.0145932 3.25415 0.0343116 0.284006 3.12958 0.0282917 0.29929 3.03317 0.105633 0.708691 3.02405 -0.282913 0.685655 2.97376 0.0451363 0.269133 3.24537 0.379674 0.390626 3.33984 0.236873 0.748629 3.28165 
0.174183 -0.368536 3.1862 0.0606105 -0.16128 3.14779 0.0970813 -0.161766 2.9922 0.181151 0.100105 2.91856 0.25399 0.016233 3.10104 0.0113641 -0.162589 3.31418 0.0391158 0.0880667 3.39878 0.215962 0.02583 3.26352 0.0436756 0.311888 3.13562 0.0368296 0.329043 3.04229 0.117112 0.743444 3.0289 -0.266364 0.685042 2.97844 0.0569663 0.294213 3.25377 0.396432 0.400234 3.3419 0.23879 0.747852 3.28108 
0.196642 -0.342499 3.19926 0.0836146 -0.134421 3.16037 0.126345 -0.136097 3.0005 0.189452 0.120304 2.92182 0.260713 0.0476528 3.10461 0.0340191 -0.136099 3.32825 0.048547 0.114047 3.40579 0.223273 0.0538011 3.27123 0.0510731 0.332039 3.1389 0.047567 0.350794 3.04625 0.1246 0.764386 3.02787 -0.254936 0.684325 2.98314 0.0655589 0.313876 3.25714 0.407218 0.403415 3.33934 0.240745 0.747098 3.28097 
0.213601 -0.322745 3.21022 0.101692 -0.114682 3.17547 0.148567 -0.118014 3.00627 0.197709 0.132375 2.92333 0.265405 0.0672348 3.10888 0.0491897 -0.114371 3.33961 0.0561872 0.135819 3.41198 0.230033 0.0738872 3.27807 0.056735 0.348522 3.13951 0.0557327 0.365011 3.04828 0.130569 0.778068 3.02156 -0.24887 0.683429 2.98893 0.0696185 0.332769 3.2577 0.414675 0.405827 3.33552 0.241473 0.747997 3.28074 
0.225949 -0.312951 3.21904 0.114875 -0.107184 3.1843 0.164422 -0.110816 3.01074 0.204678 0.136322 2.92535 0.269104 0.0762332 3.11342 0.0610124 -0.105355 3.34512 0.0644034 0.14639 3.4172 0.234718 0.0850077 3.28462 0.0606029 0.355442 3.14009 0.0619186 0.371235 3.04958 0.133536 0.782149 3.01781 -0.246526 0.683184 2.99078 0.0706822 0.342038 3.25817 0.419013 0.406246 3.33066 0.241938 0.747813 3.28071 
0.2353 -0.31111 3.22577 0.120958 -0.10711 3.19013 0.171844 -0.112542 3.01429 0.20956 0.134607 2.92812 0.272205 0.0759748 3.11696 0.0665094 -0.103472 3.34829 0.0724105 0.147557 3.42185 0.238385 0.0875968 3.28969 0.0623016 0.355923 3.14096 0.0652403 0.370846 3.05067 0.132826 0.780587 3.01689 -0.248451 0.683271 2.98976 0.0714296 0.341943 3.25865 0.420158 0.406877 3.3295 0.241946 0.748089 3.28075 
0.239875 -0.315921 3.23148 0.123812 -0.114526 3.19663 0.175223 -0.123134 3.0191 0.214074 0.124914 2.93272 0.275404 0.0662918 3.11984 0.0714083 -0.109204 3.3511 0.080445 0.139935 3.4275 0.240911 0.0803056 3.2934 0.062807 0.348955 3.14275 0.0674325 0.363515 3.05219 0.12832 0.772278 3.02076 -0.252373 0.684964 2.98794 0.0727822 0.331386 3.26154 0.419018 0.404676 3.32961 0.241991 0.747334 3.28103 
0.240872 -0.329493 3.23559 0.12561 -0.131896 3.19968 0.176639 -0.141914 3.02264 0.218805 0.107525 2.93653 0.277802 0.0477046 3.12222 0.0763464 -0.123388 3.35247 0.0885211 0.124231 3.43079 0.242838 0.0625495 3.29636 0.0621439 0.334388 3.14401 0.0671016 0.346963 3.05293 0.12468 0.755335 3.02346 -0.259247 0.685694 2.98723 0.0727672 0.315435 3.26391 0.415484 0.401489 3.33306 0.241628 0.746592 3.28163 
0.237614 -0.35418 3.23601 0.125292 -0.159284 3.20107 0.176245 -0.166918 3.02411 0.224712 0.0817871 2.94059 0.280663 0.0200567 3.12294 0.0789491 -0.151048 3.35318 0.0962539 0.0972502 3.43297 0.246219 0.0308566 3.29832 0.0622361 0.310977 3.14526 0.0660968 0.322624 3.05282 0.118568 0.73076 3.02233 -0.269649 0.684782 2.98281 0.0735222 0.293129 3.26477 0.412041 0.403121 3.33712 0.240667 0.747075 3.28252 
0.22981 -0.391776 3.23423 0.120109 -0.19536 3.20133 0.173575 -0.202905 3.02384 0.233045 0.04476 2.94485 0.281506 -0.023635 3.12754 0.0754459 -0.190443 3.35338 0.103575 0.0564033 3.43316 0.249004 -0.0165791 3.30037 0.0647626 0.277759 3.14727 0.0668401 0.288244 3.05359 0.107825 0.694352 3.01736 -0.284827 0.683303 2.97672 0.077098 0.262429 3.26644 0.407234 0.403943 3.33842 0.238285 0.747263 3.28206 
0.218581 -0.441083 3.23252 0.113894 -0.243562 3.20034 0.169522 -0.248381 3.02373 0.245225 -0.00788316 2.94942 0.279784 -0.0793437 3.13163 0.0673524 -0.240235 3.35301 0.108398 0.00694691 3.43276 0.249486 -0.0757409 3.30347 0.0689203 0.237318 3.14891 0.0726219 0.245998 3.05599 0.0955697 0.647304 3.01436 -0.293204 0.686794 2.96502 0.0777568 0.223423 3.2683 0.398371 0.400296 3.3363 0.235364 0.746775 3.28072 
0.205297 -0.50413 3.23042 0.107768 -0.307614 3.19615 0.161358 -0.313051 3.02267 0.255833 -0.0788473 2.95326 0.273918 -0.148131 3.1351 0.0595709 -0.302966 3.35087 0.110293 -0.0581887 3.43288 0.246703 -0.146168 3.30828 0.0728984 0.181446 3.15057 0.0743461 0.188591 3.05818 0.0830916 0.587341 3.01206 -0.294684 0.689686 2.9528 0.0806218 0.172687 3.27064 0.379446 0.386981 3.32835 0.232461 0.744774 3.28016 
0.190939 -0.576858 3.22823 0.0995811 -0.393362 3.18513 0.149834 -0.396929 3.02126 0.262855 -0.167664 2.95473 0.269186 -0.227235 3.13588 0.0509135 -0.388652 3.34534 0.111276 -0.140499 3.43196 0.243359 -0.231158 3.31362 0.0788884 0.105268 3.15153 0.0771516 0.110325 3.05986 0.066981 0.497588 3.00833 -0.286593 0.685636 2.94325 0.08478 0.10188 3.27147 0.348659 0.367717 3.32051 0.225822 0.740074 3.27986 
0.18045 -0.646047 3.2257 0.0911595 -0.473588 3.17748 0.140967 -0.476057 3.01966 0.264096 -0.252718 2.95098 0.264249 -0.307804 3.13527 0.0416602 -0.470518 3.34218 0.107025 -0.220201 3.43326 0.238697 -0.306654 3.31253 0.0823258 0.0346086 3.15119 0.0812002 0.0377813 3.06033 0.0612595 0.422092 3.00314 -0.261469 0.670135 2.94486 0.0836271 0.0330625 3.27261 0.303023 0.342869 3.3089 0.213053 0.730293 3.27972 
0.172985 -0.717252 3.22224 0.0840905 -0.562419 3.17235 0.134588 -0.563559 3.01741 0.258672 -0.337707 2.94166 0.259096 -0.383449 3.13009 0.0321422 -0.559718 3.34113 0.0967484 -0.300509 3.43383 0.230668 -0.372614 3.30681 0.0797952 -0.0485868 3.15074 0.0862817 -0.0452585 3.05881 0.0682036 0.33885 3.00222 -0.207111 0.639122 2.95753 0.0736455 -0.0477202 3.2737 0.245132 0.306591 3.29303 0.185097 0.708369 3.27929 
0.168143 -0.78125 3.21847 0.0794419 -0.6373 3.16977 0.126527 -0.637978 3.01558 0.249709 -0.402901 2.93334 0.254654 -0.446281 3.12247 0.0274812 -0.634461 3.34027 0.0844792 -0.361048 3.43388 0.220848 -0.42438 3.30205 0.0770864 -0.119583 3.15063 0.0909965 -0.117093 3.05732 0.0847498 0.270035 3.00494 -0.124821 0.608738 2.97216 0.0577368 -0.117078 3.2743 0.16979 0.267639 3.27824 0.126214 0.670199 3.26992 
0.166348 -0.824974 3.21475 0.0746174 -0.689215 3.16742 0.114438 -0.688097 3.01231 0.232651 -0.443053 2.92335 0.248822 -0.484731 3.11182 0.0248289 -0.688834 3.33892 0.0723882 -0.401381 3.43261 0.21245 -0.459673 3.29576 0.0705275 -0.165126 3.15047 0.0895602 -0.16304 3.0564 0.106589 0.231185 3.01138 -0.02859 0.593115 2.98947 0.043078 -0.163637 3.27435 0.106175 0.238828 3.2677 0.0282978 0.628945 3.24553 
0.165622 -0.849352 3.20921 0.0692094 -0.721847 3.16538 0.102705 -0.718408 3.00633 0.213534 -0.461301 2.91422 0.243255 -0.501191 3.09937 0.0223324 -0.721237 3.33813 0.063761 -0.423543 3.43158 0.20588 -0.479281 3.28714 0.061031 -0.194376 3.14944 0.0874295 -0.191339 3.05292 0.137966 0.20216 3.02321 0.0725779 0.58334 3.01118 0.0256441 -0.192079 3.27332 0.0450215 0.220195 3.25517 -0.0964238 0.589739 3.20888 
0.165965 -0.848049 3.20323 0.0648955 -0.720911 3.1625 0.0945782 -0.715777 3.00109 0.194491 -0.449373 2.90714 0.238457 -0.490099 3.08849 0.0207422 -0.720347 3.33514 0.0570415 -0.42461 3.42873 0.202572 -0.478657 3.27747 0.0502356 -0.193003 3.14825 0.0837448 -0.189484 3.0488 0.163815 0.196077 3.03366 0.122 0.584318 3.02632 0.0121289 -0.189834 3.27022 -0.00661942 0.225391 3.23948 -0.190125 0.574227 3.17518 
0.167422 -0.816537 3.19767 0.059019 -0.679955 3.15935 0.085453 -0.673794 2.99578 0.173204 -0.408835 2.89926 0.232824 -0.446468 3.07769 0.0212644 -0.681203 3.328 0.0514748 -0.395509 3.42357 0.201599 -0.443595 3.26378 0.036893 -0.158313 3.14613 0.0794426 -0.154921 3.04621 0.218433 0.209534 3.0435 0.219919 0.611756 3.04174 -0.00373551 -0.155276 3.26553 -0.059825 0.255802 3.22086 -0.280114 0.584843 3.14016 
0.169102 -0.761159 3.19509 0.0544612 -0.613598 3.15697 0.0824789 -0.60732 2.99072 0.156846 -0.34584 2.8936 0.230811 -0.378872 3.07041 0.017608 -0.616602 3.32257 0.0432208 -0.338061 3.41738 0.198274 -0.382837 3.25327 0.0231975 -0.0992028 3.1423 0.0719427 -0.0974029 3.04205 0.263498 0.242035 3.05419 0.253782 0.650524 3.05951 -0.0246735 -0.0947844 3.259 -0.0841111 0.319043 3.21144 -0.336166 0.624765 3.10561 
0.172646 -0.696932 3.19461 0.0547844 -0.533819 3.15442 0.0848609 -0.530182 2.99089 0.14934 -0.271244 2.89065 0.224395 -0.304895 3.06857 0.015902 -0.536308 3.31533 0.0339918 -0.260612 3.4124 0.190804 -0.306213 3.24914 0.0119083 -0.0234978 3.13743 0.0672251 -0.0238095 3.03702 0.294896 0.282779 3.0703 0.249427 0.690578 3.06953 -0.0442394 -0.018299 3.24978 -0.0892379 0.403596 3.21034 -0.369939 0.658256 3.0839 
0.178252 -0.621052 3.19494 0.0589496 -0.442504 3.15171 0.0929514 -0.440188 2.99429 0.150172 -0.185956 2.89023 0.222121 -0.224781 3.07242 0.0134294 -0.444118 3.30842 0.0248181 -0.171151 3.40462 0.18571 -0.217968 3.24873 0.000753209 0.0639873 3.13025 0.0600992 0.0607072 3.03197 0.318678 0.325143 3.08542 0.243025 0.716439 3.07588 -0.0593223 0.0731105 3.24238 -0.077796 0.491969 3.22374 -0.391225 0.681582 3.07932 
0.186926 -0.544723 3.19593 0.0646595 -0.361621 3.1496 0.107609 -0.360169 2.99583 0.158171 -0.102451 2.89226 0.22344 -0.150295 3.07804 0.0117163 -0.363065 3.30401 0.0157664 -0.0946363 3.39474 0.181997 -0.139011 3.25125 -0.00943245 0.14043 3.12538 0.0530375 0.1337 3.02795 0.338277 0.354501 3.09528 0.23962 0.729636 3.08012 -0.0705246 0.15066 3.23789 -0.0568274 0.564372 3.24018 -0.392829 0.687121 3.08893 
0.197812 -0.470183 3.19674 0.0704078 -0.2776 3.14769 0.120511 -0.277004 2.99712 0.165858 -0.0220216 2.89382 0.226847 -0.0781132 3.08317 0.0116124 -0.27969 3.30233 0.00553692 -0.0185745 3.38406 0.179495 -0.0626351 3.25369 -0.0145639 0.211707 3.12384 0.0492227 0.201871 3.0266 0.357819 0.382226 3.10208 0.238255 0.740268 3.08408 -0.0758212 0.224306 3.23589 -0.0324211 0.630918 3.25702 -0.38295 0.691476 3.09847 
0.207252 -0.408393 3.1981 0.0755623 -0.213752 3.1464 0.130757 -0.211268 2.99632 0.172867 0.0475519 2.89506 0.231453 -0.0209638 3.08864 0.013883 -0.219285 3.30078 -0.000201942 0.0365912 3.38194 0.178333 -0.00414673 3.25915 -0.0179178 0.269877 3.12237 0.0463423 0.255113 3.02482 0.370382 0.395022 3.11344 0.236585 0.747993 3.08428 -0.0784446 0.280541 3.23494 -0.0130591 0.686198 3.26233 -0.372707 0.69697 3.10378 
0.214332 -0.363151 3.19924 0.0789453 -0.166199 3.14579 0.136591 -0.160552 2.99682 0.176043 0.0993009 2.8969 0.233354 0.0249536 3.09523 0.0183519 -0.173924 3.30157 -0.00414588 0.078725 3.3848 0.177608 0.0388105 3.26506 -0.0191514 0.312911 3.12215 0.0451944 0.296794 3.02419 0.376997 0.403054 3.12747 0.23595 0.75124 3.08666 -0.0808221 0.325753 3.23415 -0.00241087 0.731599 3.26348 -0.359475 0.700309 3.10844 
0.218958 -0.333393 3.20178 0.0821087 -0.133636 3.14645 0.14083 -0.127469 2.99749 0.178596 0.132927 2.89885 0.233054 0.0555779 3.10306 0.0224664 -0.143027 3.30602 -0.00376505 0.108015 3.38832 0.178724 0.0681457 3.27039 -0.020369 0.339575 3.12168 0.0428561 0.321687 3.02487 0.380094 0.406693 3.13689 0.235987 0.752401 3.0897 -0.0828085 0.353256 3.23347 0.00360597 0.758322 3.2653 -0.350809 0.704318 3.11175 
0.221061 -0.314255 3.20781 0.0857399 -0.112159 3.14933 0.143719 -0.106329 2.99951 0.180328 0.153864 2.90079 0.233253 0.0754013 3.10783 0.0292441 -0.117804 3.31702 -0.00142188 0.129309 3.39013 0.180129 0.0828973 3.27485 -0.0216176 0.359063 3.12271 0.0416675 0.336978 3.02519 0.38064 0.40644 3.14439 0.235856 0.751739 3.09225 -0.0836373 0.374971 3.2329 0.0047204 0.777681 3.26626 -0.345965 0.70608 3.11439 
0.221653 -0.307943 3.21409 0.0878541 -0.10591 3.15375 0.145883 -0.101702 3.00197 0.183622 0.156148 2.90227 0.23481 0.0827325 3.11021 0.0314596 -0.1093 3.32619 -0.000463227 0.138237 3.38951 0.180431 0.0890093 3.27701 -0.0219818 0.363027 3.12418 0.0424126 0.339571 3.02554 0.380154 0.405201 3.15001 0.235834 0.750434 3.09502 -0.0836957 0.380766 3.23305 0.00533266 0.783011 3.26565 -0.3433 0.706231 3.11485 
0.2208 -0.312267 3.22323 0.0902734 -0.112965 3.15987 0.148554 -0.111129 3.00637 0.189573 0.140485 2.90378 0.236225 0.0763393 3.11249 0.0303996 -0.114534 3.33429 -0.00108766 0.135981 3.38756 0.179808 0.0867223 3.27854 -0.0217904 0.352744 3.12677 0.043013 0.330913 3.026 0.378391 0.403337 3.15234 0.236061 0.7474 3.09985 -0.08296 0.374278 3.23364 0.00338995 0.779406 3.26265 -0.345753 0.703781 3.11135 
0.217376 -0.326253 3.23262 0.0880439 -0.12975 3.16852 0.151653 -0.131439 3.01264 0.199202 0.114182 2.90546 0.238131 0.0580831 3.11658 0.023913 -0.130508 3.34047 -0.00372781 0.122131 3.38596 0.178165 0.0747261 3.2791 -0.0200407 0.335131 3.12924 0.0445258 0.315804 3.02682 0.375839 0.4023 3.15507 0.235709 0.746297 3.10078 -0.0828136 0.358242 3.23463 0.00334047 0.76401 3.25602 -0.352295 0.700275 3.10831 
0.211182 -0.351419 3.24264 0.0834104 -0.159961 3.18214 0.150659 -0.167576 3.02164 0.204981 0.0747589 2.90907 0.238065 0.0312041 3.12014 0.0170172 -0.156061 3.34569 -0.00714607 0.0982639 3.38563 0.175657 0.0500187 3.27897 -0.0179113 0.308298 3.13075 0.0456385 0.287785 3.02793 0.37087 0.395768 3.15246 0.233825 0.744155 3.10123 -0.0826071 0.330266 3.23631 0.00260524 0.73247 3.24776 -0.362231 0.696537 3.1037 
0.203326 -0.385048 3.25356 0.0776408 -0.194649 3.19576 0.148719 -0.208826 3.03547 0.205397 0.0257274 2.91546 0.235824 -0.013395 3.12467 0.00864952 -0.191321 3.35048 -0.00737484 0.0630337 3.38903 0.173242 0.013686 3.28095 -0.016968 0.27097 3.13142 0.048652 0.251459 3.02899 0.360947 0.381705 3.1459 0.231204 0.738053 3.10209 -0.0827527 0.292489 3.23707 -0.00428717 0.695011 3.23473 -0.371674 0.694427 3.09853 
0.191003 -0.434757 3.26574 0.0714221 -0.250594 3.20617 0.141204 -0.266128 3.05111 0.197563 -0.0365362 2.92159 0.230645 -0.068959 3.127 -0.000618788 -0.242812 3.35711 -0.00796802 0.0118306 3.39694 0.16993 -0.0408974 3.28666 -0.0172647 0.219144 3.13333 0.0507307 0.200716 3.0308 0.343717 0.366697 3.13903 0.228012 0.731712 3.10337 -0.0838899 0.238664 3.23908 -0.0201786 0.641012 3.22669 -0.384086 0.695609 3.09373 
0.178404 -0.495018 3.27564 0.061453 -0.313606 3.21365 0.129957 -0.32879 3.06091 0.185917 -0.103135 2.92863 0.223108 -0.131928 3.12816 -0.0112075 -0.303746 3.3638 -0.00808335 -0.0496949 3.40756 0.164402 -0.103761 3.29349 -0.0195007 0.160004 3.13933 0.0488542 0.143222 3.03536 0.31981 0.349512 3.12941 0.223061 0.726179 3.10214 -0.0839866 0.175093 3.24289 -0.0426744 0.583795 3.22292 -0.395018 0.698167 3.09577 
0.165049 -0.573859 3.28488 0.0466686 -0.407596 3.21926 0.109425 -0.424714 3.06984 0.168289 -0.189168 2.93495 0.20987 -0.21053 3.12912 -0.020892 -0.396071 3.37114 -0.0132766 -0.134964 3.41895 0.15601 -0.185139 3.30223 -0.0223164 0.0757356 3.15174 0.0432731 0.0643821 3.0443 0.285252 0.330029 3.11563 0.21489 0.71994 3.0985 -0.0853059 0.0886212 3.24952 -0.065327 0.502756 3.21791 -0.39663 0.687492 3.1041 
0.154742 -0.642171 3.2924 0.0332744 -0.482839 3.22428 0.0925377 -0.499531 3.07505 0.154054 -0.261517 2.93969 0.198589 -0.27873 3.13056 -0.0285233 -0.471557 3.37933 -0.0245058 -0.209105 3.42845 0.145777 -0.255021 3.30903 -0.0253152 0.0046406 3.16393 0.0368149 -0.00176793 3.05386 0.240848 0.308212 3.10388 0.195008 0.704362 3.09073 -0.0850048 0.0165702 3.25917 -0.0800489 0.431104 3.222 -0.37814 0.673314 3.12052 
0.144118 -0.704288 3.29904 0.0224986 -0.555054 3.23043 0.0779101 -0.570515 3.07818 0.141162 -0.326594 2.94338 0.189258 -0.333469 3.13286 -0.03611 -0.542764 3.38986 -0.0353365 -0.275939 3.43753 0.134019 -0.312388 3.31355 -0.0281298 -0.0596197 3.17686 0.0286168 -0.0636897 3.06597 0.182467 0.278736 3.09604 0.147897 0.67855 3.07759 -0.083234 -0.0495918 3.27405 -0.0838771 0.361893 3.23752 -0.336661 0.653409 3.15183 
0.132156 -0.760515 3.30547 0.0121236 -0.632437 3.2377 0.0614191 -0.641754 3.07946 0.128138 -0.388963 2.94621 0.181555 -0.377698 3.1364 -0.0431574 -0.616052 3.40334 -0.0470995 -0.333849 3.44905 0.123144 -0.362147 3.32157 -0.0327526 -0.124901 3.19228 0.0155257 -0.126437 3.08189 0.108987 0.245992 3.08928 0.0412792 0.637511 3.05092 -0.0789139 -0.115345 3.29497 -0.0679341 0.292003 3.26172 -0.260281 0.627361 3.19726 
0.122541 -0.793866 3.31233 0.00620874 -0.674553 3.24495 0.0568946 -0.681555 3.08414 0.119149 -0.420377 2.95584 0.17746 -0.398464 3.14379 -0.0513727 -0.656395 3.41313 -0.0596926 -0.364885 3.4589 0.113845 -0.385754 3.32965 -0.0366876 -0.160556 3.20525 0.00589215 -0.159578 3.09383 0.0488123 0.230411 3.08572 -0.0810054 0.600954 3.02097 -0.0776488 -0.151308 3.3104 -0.0520081 0.254965 3.29373 -0.17776 0.621033 3.25128 
0.114634 -0.803864 3.31959 -0.00144975 -0.685627 3.25317 0.0484225 -0.691602 3.09194 0.112051 -0.422138 2.96867 0.173216 -0.396771 3.15613 -0.0598482 -0.670299 3.41783 -0.0736819 -0.373001 3.46734 0.105176 -0.383239 3.33863 -0.0450888 -0.168976 3.21562 -0.00806741 -0.167439 3.10323 -0.0187487 0.224527 3.08684 -0.216522 0.565939 2.99633 -0.0774975 -0.159748 3.32214 -0.0311966 0.24361 3.32844 -0.0873629 0.63505 3.31308 
0.109742 -0.785241 3.32406 -0.00938808 -0.668078 3.25981 0.0448184 -0.672664 3.10202 0.104093 -0.396974 2.98579 0.166244 -0.376361 3.17175 -0.0684237 -0.652617 3.42233 -0.08475 -0.353855 3.4757 0.0966554 -0.355429 3.34827 -0.0533848 -0.150844 3.22603 -0.0206122 -0.148501 3.1104 -0.0765664 0.236838 3.08659 -0.327597 0.556394 2.9837 -0.0813916 -0.142768 3.33175 -0.0027254 0.252917 3.35694 -0.0186127 0.66059 3.36173 
0.107345 -0.7416 3.32745 -0.017494 -0.615074 3.26646 0.0396181 -0.619962 3.11103 0.0944787 -0.345328 2.99966 0.159445 -0.336882 3.1857 -0.0764904 -0.603259 3.42658 -0.0948045 -0.310151 3.48398 0.0899994 -0.308785 3.3591 -0.0637515 -0.103292 3.23521 -0.0349869 -0.0997163 3.11698 -0.129046 0.277384 3.08335 -0.417853 0.575026 2.98324 -0.0905735 -0.0984569 3.33943 0.031686 0.283173 3.39123 0.022401 0.690078 3.38835 
0.105739 -0.682643 3.32864 -0.0261859 -0.542375 3.27518 0.0296269 -0.547861 3.11752 0.0816227 -0.276079 3.0103 0.15536 -0.27838 3.19702 -0.0816692 -0.534776 3.43049 -0.100456 -0.251441 3.49056 0.085922 -0.252674 3.36961 -0.0770116 -0.0391008 3.24137 -0.0556874 -0.0343991 3.1244 -0.161223 0.346139 3.08404 -0.476056 0.605745 2.99068 -0.0975163 -0.0372061 3.34717 0.0744242 0.311633 3.41575 0.0355802 0.714835 3.39739 
0.104486 -0.600897 3.32979 -0.0341557 -0.434089 3.27953 0.017427 -0.435262 3.11886 0.0618869 -0.175905 3.02237 0.15248 -0.197324 3.2069 -0.0843675 -0.431905 3.4344 -0.102156 -0.170913 3.49819 0.084319 -0.182823 3.37829 -0.0987627 0.0552491 3.2458 -0.0878645 0.0619707 3.13457 -0.174309 0.45735 3.09329 -0.522854 0.64674 3.0005 -0.103558 0.050475 3.35702 0.123585 0.340652 3.44063 0.0433681 0.736107 3.401 
0.104013 -0.526221 3.32755 -0.0424708 -0.350047 3.27954 0.00971148 -0.349079 3.11684 0.0432329 -0.0858641 3.03045 0.141385 -0.124032 3.21478 -0.0902483 -0.351668 3.43535 -0.104133 -0.0985432 3.50472 0.0808919 -0.118684 3.38484 -0.116218 0.132632 3.24793 -0.115782 0.139687 3.14643 -0.166877 0.546297 3.09945 -0.540679 0.663054 3.00998 -0.111056 0.123799 3.36393 0.152442 0.359711 3.45507 0.0487592 0.745656 3.40243 
0.104366 -0.449223 3.32226 -0.0494099 -0.269052 3.27662 0.00437005 -0.2649 3.11463 0.0225982 0.000547426 3.03691 0.127048 -0.0537661 3.22107 -0.0977268 -0.275027 3.43438 -0.10869 -0.0286207 3.51127 0.0752653 -0.0548505 3.38979 -0.132301 0.206221 3.24937 -0.135815 0.216037 3.15251 -0.155416 0.629763 3.10448 -0.539166 0.664809 3.01971 -0.125399 0.193832 3.36739 0.167669 0.373265 3.46276 0.0524401 0.751061 3.40307 
0.104287 -0.388212 3.3157 -0.0543611 -0.20586 3.27315 0.0021566 -0.197204 3.11265 0.0117136 0.0680475 3.04031 0.114082 6.19779e-05 3.2269 -0.108524 -0.21486 3.43178 -0.122273 0.0294694 3.51162 0.061676 0.00656524 3.39179 -0.147431 0.261057 3.25171 -0.146899 0.273997 3.15691 -0.146124 0.68452 3.10725 -0.534684 0.668143 3.02865 -0.141908 0.246069 3.3698 0.174318 0.378126 3.46609 0.0543585 0.75313 3.40345 
0.10325 -0.340698 3.31019 -0.057954 -0.156476 3.27005 0.00126763 -0.144833 3.11113 0.00523945 0.121678 3.04459 0.101499 0.0445439 3.23144 -0.116511 -0.168729 3.42901 -0.137459 0.0736342 3.50935 0.0491295 0.0500986 3.39196 -0.166283 0.302212 3.25332 -0.155371 0.318928 3.15993 -0.137887 0.724481 3.10694 -0.527111 0.671099 3.03436 -0.159969 0.283469 3.37161 0.173787 0.380251 3.46703 0.053393 0.75324 3.40384 
0.102035 -0.308986 3.30615 -0.0602038 -0.12617 3.2662 -0.000667075 -0.113529 3.1102 -0.000227327 0.156094 3.04738 0.0931936 0.0771917 3.2333 -0.120908 -0.138572 3.42716 -0.149409 0.102319 3.50566 0.0390334 0.0792249 3.39175 -0.1786 0.327823 3.25383 -0.162879 0.345865 3.16201 -0.132581 0.745349 3.10433 -0.522317 0.670887 3.03654 -0.171988 0.307729 3.37236 0.170373 0.3801 3.4661 0.0513514 0.753329 3.40407 
0.100579 -0.289145 3.30307 -0.0617358 -0.109972 3.26488 -0.0030742 -0.0937555 3.10954 -0.0026328 0.176206 3.04815 0.088318 0.0986014 3.23456 -0.1248 -0.121213 3.42561 -0.156881 0.120055 3.50219 0.0321783 0.0994038 3.39134 -0.185419 0.342252 3.25382 -0.167305 0.360814 3.16264 -0.131694 0.756023 3.10117 -0.520397 0.670781 3.03609 -0.181244 0.321872 3.37248 0.167214 0.37907 3.46535 0.0494186 0.753708 3.40416 
0.0990082 -0.277696 3.3006 -0.0629306 -0.100673 3.26564 -0.0072866 -0.0828364 3.10917 -0.00405853 0.185496 3.04744 0.0856522 0.110684 3.23498 -0.127584 -0.111052 3.42613 -0.161068 0.130736 3.50045 0.029394 0.109733 3.39128 -0.18949 0.349771 3.25326 -0.171131 0.368531 3.16234 -0.13472 0.761251 3.09837 -0.522025 0.671167 3.03341 -0.188615 0.329741 3.37222 0.163462 0.377826 3.46476 0.0486674 0.753221 3.40439 
0.0967982 -0.276569 3.29974 -0.0644938 -0.0992373 3.2663 -0.0111191 -0.0826558 3.10921 -0.00526577 0.184325 3.0449 0.0835906 0.113376 3.23344 -0.1284 -0.108555 3.42649 -0.161757 0.13438 3.50018 0.0277415 0.114617 3.39012 -0.190901 0.350867 3.25395 -0.172789 0.369704 3.16343 -0.138608 0.763252 3.09654 -0.524273 0.671002 3.03208 -0.191239 0.331586 3.37353 0.163312 0.380943 3.46366 0.0485861 0.753303 3.40459 
0.0933161 -0.2867 3.30037 -0.0650636 -0.104519 3.26731 -0.0167024 -0.0913869 3.10971 -0.00671431 0.173613 3.04146 0.0834005 0.107366 3.22836 -0.127326 -0.113461 3.42694 -0.158585 0.130529 3.50092 0.0296726 0.111147 3.38857 -0.190351 0.346365 3.2562 -0.172407 0.36355 3.16416 -0.143464 0.760012 3.09737 -0.530111 0.670054 3.03164 -0.188906 0.327319 3.37503 0.166466 0.380278 3.46157 0.0491355 0.752329 3.40461 
0.0872906 -0.309058 3.30257 -0.0649169 -0.121203 3.26912 -0.0244952 -0.112707 3.11053 -0.00694528 0.15184 3.03767 0.0863871 0.0891492 3.2206 -0.123845 -0.128269 3.42758 -0.150501 0.116353 3.50274 0.0324654 0.0980547 3.38779 -0.184099 0.331546 3.25723 -0.17169 0.347111 3.16486 -0.151134 0.748636 3.09873 -0.540109 0.669371 3.03039 -0.177649 0.314081 3.37602 0.171574 0.382097 3.45756 0.0502664 0.751246 3.40442 
0.0794351 -0.339976 3.30402 -0.0643158 -0.146907 3.27002 -0.0291526 -0.142335 3.11149 -0.00290475 0.119128 3.03326 0.0928946 0.0605976 3.21332 -0.121193 -0.154121 3.42864 -0.13834 0.0920063 3.50518 0.0413173 0.0726228 3.38779 -0.173217 0.309863 3.25737 -0.165312 0.324671 3.16504 -0.159416 0.726395 3.09866 -0.551178 0.668872 3.03126 -0.164912 0.294937 3.37658 0.17655 0.382458 3.45253 0.0526279 0.750916 3.40413 
0.0701177 -0.381662 3.305 -0.0629875 -0.186047 3.27283 -0.0335647 -0.185116 3.11278 0.00467074 0.0739617 3.02913 0.10237 0.02159 3.20635 -0.117631 -0.188632 3.43032 -0.12024 0.0527669 3.50723 0.0578508 0.0285151 3.38754 -0.158272 0.278125 3.25673 -0.157687 0.290308 3.16475 -0.169961 0.693335 3.09772 -0.560524 0.670525 3.02865 -0.150389 0.266211 3.37675 0.182827 0.384061 3.44595 0.0553459 0.750884 3.40367 
0.0620712 -0.429507 3.30417 -0.0620018 -0.233401 3.27338 -0.0351502 -0.235596 3.11401 0.0159453 0.0184176 3.02477 0.113045 -0.0318618 3.20225 -0.113196 -0.233484 3.43136 -0.107765 0.0104497 3.51003 0.0693987 -0.0190957 3.38893 -0.141243 0.234522 3.25689 -0.148204 0.246298 3.16344 -0.180572 0.64774 3.09416 -0.564752 0.673268 3.02278 -0.133607 0.224404 3.37668 0.187284 0.382264 3.43961 0.0583421 0.74914 3.40299 
0.0560788 -0.487827 3.3016 -0.0616391 -0.292238 3.27393 -0.0356459 -0.292063 3.11508 0.0290423 -0.0465262 3.02116 0.120732 -0.0965295 3.20139 -0.108427 -0.292563 3.43148 -0.0968552 -0.048716 3.51214 0.0795793 -0.0816428 3.39011 -0.126758 0.183967 3.25721 -0.137473 0.191816 3.16188 -0.187609 0.588586 3.09122 -0.559895 0.672933 3.01707 -0.115522 0.173804 3.37569 0.182291 0.378882 3.43167 0.0588217 0.745972 3.40209 
0.051355 -0.563105 3.29775 -0.0617419 -0.374727 3.27401 -0.0325439 -0.374394 3.11559 0.0405685 -0.132281 3.01733 0.126289 -0.181513 3.19888 -0.105884 -0.375928 3.43044 -0.0887951 -0.128997 3.51541 0.0842981 -0.166943 3.38717 -0.112471 0.109097 3.25583 -0.121855 0.114934 3.15648 -0.19067 0.499752 3.09157 -0.544285 0.665801 3.01267 -0.0983918 0.102193 3.37302 0.166416 0.362493 3.41997 0.0541514 0.74029 3.40049 
0.0500597 -0.648486 3.29343 -0.0632212 -0.469709 3.27255 -0.0341654 -0.467683 3.11439 0.0481281 -0.221159 3.01389 0.128971 -0.270496 3.19489 -0.107214 -0.468797 3.42955 -0.081672 -0.218955 3.51854 0.0855841 -0.259213 3.38246 -0.096317 0.0254322 3.25338 -0.101169 0.0293935 3.14984 -0.182107 0.409789 3.08967 -0.499802 0.645796 3.01904 -0.0837286 0.0227734 3.36905 0.12634 0.33605 3.40384 0.0410432 0.727247 3.39727 
0.0525621 -0.735263 3.28658 -0.0626754 -0.57628 3.26895 -0.0358144 -0.573858 3.10782 0.0509998 -0.314147 3.00826 0.130957 -0.354449 3.18836 -0.103498 -0.572622 3.42696 -0.083862 -0.307717 3.51792 0.0863333 -0.344954 3.37544 -0.0776066 -0.0690556 3.25037 -0.0823325 -0.0659408 3.14312 -0.151224 0.315421 3.09168 -0.409869 0.607114 3.04135 -0.0685708 -0.065318 3.36194 0.0580328 0.296302 3.38291 0.013152 0.696316 3.39026 
0.0582228 -0.794429 3.28089 -0.0601295 -0.651896 3.26345 -0.0350356 -0.648975 3.09891 0.0508587 -0.3795 2.99931 0.133275 -0.410723 3.17863 -0.0958972 -0.648349 3.42423 -0.0829426 -0.373537 3.51316 0.0896774 -0.4119 3.36816 -0.0648771 -0.138331 3.24564 -0.0596016 -0.136714 3.135 -0.111218 0.25144 3.09708 -0.308934 0.584918 3.06853 -0.0622797 -0.13261 3.35596 0.0075459 0.254591 3.36324 -0.0413673 0.657955 3.37277 
0.0662862 -0.836477 3.27475 -0.0568953 -0.703895 3.2564 -0.0358427 -0.698655 3.08514 0.0470263 -0.42269 2.98545 0.134887 -0.442172 3.16318 -0.0850595 -0.701139 3.41895 -0.0808876 -0.419855 3.50622 0.0917104 -0.456374 3.36231 -0.0577238 -0.187116 3.24096 -0.0421887 -0.184733 3.12808 -0.060809 0.210189 3.10371 -0.182807 0.577901 3.08996 -0.0638392 -0.181229 3.35228 -0.0334095 0.217099 3.34758 -0.135224 0.611176 3.33551 
0.0756022 -0.854706 3.26849 -0.0533969 -0.725833 3.24801 -0.0319364 -0.719962 3.07479 0.0422996 -0.439038 2.97146 0.138163 -0.449022 3.1507 -0.0783422 -0.722185 3.41091 -0.0765607 -0.43927 3.49818 0.0946406 -0.474426 3.35481 -0.0543798 -0.20412 3.23801 -0.0264731 -0.201129 3.12466 -0.0175507 0.192581 3.1128 -0.0701152 0.579575 3.10149 -0.0700929 -0.200133 3.34922 -0.0646792 0.204796 3.33389 -0.218528 0.580833 3.3024 
0.0866689 -0.848806 3.26101 -0.0499938 -0.719782 3.23767 -0.027536 -0.713308 3.06632 0.0370597 -0.429631 2.9604 0.14149 -0.436271 3.13877 -0.072701 -0.717405 3.40035 -0.0694958 -0.43447 3.49028 0.0974131 -0.466198 3.34553 -0.0531007 -0.197559 3.23496 -0.0128456 -0.193719 3.12329 0.0359875 0.192121 3.12038 0.0503446 0.589654 3.11122 -0.0790338 -0.196205 3.3451 -0.100763 0.210147 3.3182 -0.298526 0.567159 3.26854 
0.0979493 -0.81805 3.25233 -0.0433026 -0.686173 3.22703 -0.0201408 -0.679797 3.05977 0.0349958 -0.399549 2.95303 0.144419 -0.407122 3.13051 -0.0642936 -0.684243 3.39038 -0.0628936 -0.404499 3.48147 0.100303 -0.431729 3.33396 -0.0535349 -0.164381 3.23019 -0.00822878 -0.15995 3.12092 0.0891939 0.210114 3.12358 0.128606 0.61253 3.11594 -0.0865357 -0.163164 3.33978 -0.126291 0.241907 3.30869 -0.350709 0.578479 3.24397 
0.110636 -0.760177 3.24282 -0.0341146 -0.618618 3.21586 -0.00887046 -0.612922 3.05304 0.0376395 -0.339365 2.94863 0.147812 -0.352304 3.12393 -0.0584883 -0.620841 3.37822 -0.0587143 -0.342615 3.4702 0.103265 -0.363138 3.31826 -0.0558839 -0.101417 3.22126 -0.00817162 -0.0983267 3.11422 0.150054 0.246712 3.12321 0.174632 0.655146 3.1193 -0.0981397 -0.101257 3.33254 -0.134984 0.306952 3.30194 -0.390046 0.61443 3.21598 
0.122805 -0.682975 3.23601 -0.0224029 -0.527907 3.20626 0.007012 -0.522646 3.04626 0.0463254 -0.252606 2.94496 0.152933 -0.275359 3.11887 -0.0564324 -0.532554 3.36921 -0.0582025 -0.260787 3.45769 0.105231 -0.278673 3.30744 -0.0600484 -0.0205188 3.21122 -0.0095921 -0.019902 3.10525 0.207467 0.297177 3.12185 0.180166 0.697115 3.12664 -0.109379 -0.0189282 3.32433 -0.114376 0.390615 3.30336 -0.41252 0.65759 3.1913 
0.136452 -0.59148 3.23101 -0.00889665 -0.416434 3.19803 0.0233012 -0.411234 3.04136 0.0569268 -0.148952 2.94167 0.158399 -0.185668 3.12018 -0.0566835 -0.421765 3.36093 -0.0610988 -0.161191 3.44245 0.10519 -0.182127 3.30301 -0.0694597 0.0840346 3.19813 -0.0134683 0.0789206 3.09517 0.251019 0.347583 3.12657 0.179764 0.728388 3.13024 -0.12416 0.0893525 3.31128 -0.08556 0.497732 3.30915 -0.418623 0.683082 3.17375 
0.147337 -0.511897 3.2278 -0.00153497 -0.330756 3.19403 0.0379817 -0.326132 3.03598 0.0657757 -0.0653391 2.93886 0.162444 -0.108718 3.12085 -0.0558098 -0.334245 3.35746 -0.0643316 -0.0812292 3.43139 0.105914 -0.0983839 3.30223 -0.0762404 0.164276 3.1876 -0.0187068 0.156077 3.08815 0.280429 0.373545 3.13291 0.176196 0.752481 3.13152 -0.133252 0.172178 3.29949 -0.0582033 0.5751 3.31845 -0.411962 0.689793 3.17248 
0.15673 -0.434812 3.22506 0.00415638 -0.246839 3.19055 0.0531022 -0.243928 3.02919 0.0733886 0.00935849 2.93549 0.165999 -0.0366698 3.12177 -0.0533449 -0.249562 3.35491 -0.06955 -0.00058708 3.42267 0.106956 -0.0288408 3.2927 -0.0817619 0.237676 3.17903 -0.0239968 0.225285 3.07861 0.300617 0.392728 3.14339 0.179879 0.751072 3.13941 -0.140202 0.246863 3.28521 -0.0286899 0.637438 3.32741 -0.396502 0.691353 3.18004 
0.163055 -0.37474 3.22348 0.00870535 -0.188273 3.18716 0.0650488 -0.184963 3.02154 0.0808662 0.0677624 2.93193 0.170824 0.0198444 3.12244 -0.0504652 -0.192894 3.35264 -0.0722842 0.0578633 3.41623 0.108631 0.0251731 3.28689 -0.0847376 0.289382 3.17306 -0.0270545 0.273155 3.06747 0.309115 0.405482 3.15151 0.181275 0.75234 3.14348 -0.144661 0.29899 3.27358 -0.0108153 0.684693 3.33296 -0.382558 0.696743 3.18324 
0.167958 -0.325951 3.2216 0.0112134 -0.140117 3.18248 0.0725508 -0.136618 3.01483 0.0892197 0.115153 2.92909 0.176974 0.0638297 3.1233 -0.0483042 -0.144848 3.34984 -0.0746225 0.103081 3.41172 0.109296 0.0674338 3.285 -0.0868081 0.330432 3.1669 -0.0310264 0.314291 3.0565 0.311278 0.411429 3.15702 0.180506 0.755083 3.14411 -0.146858 0.341946 3.2611 -1.65388e-05 0.723168 3.33645 -0.367607 0.701453 3.18224 
0.170719 -0.29206 3.21913 0.0139985 -0.107627 3.17705 0.0790145 -0.104996 3.00867 0.0972588 0.150971 2.92712 0.177983 0.0960106 3.12326 -0.0454797 -0.111713 3.34557 -0.0761228 0.135487 3.40919 0.110301 0.0945991 3.28363 -0.0870793 0.359462 3.16247 -0.0324268 0.343692 3.04984 0.312507 0.414271 3.16059 0.178916 0.759941 3.14381 -0.146315 0.369325 3.25314 0.00527874 0.750385 3.3372 -0.358039 0.704231 3.18497 
0.172475 -0.270148 3.2159 0.015613 -0.0903543 3.17084 0.0815045 -0.0854618 3.00513 0.10367 0.171591 2.92631 0.179174 0.113793 3.12363 -0.0425796 -0.0952899 3.34039 -0.0769017 0.152098 3.40648 0.110595 0.109052 3.28266 -0.0866681 0.373188 3.16044 -0.0315651 0.359558 3.04686 0.313775 0.415597 3.16127 0.177971 0.762038 3.14311 -0.144163 0.385008 3.24842 0.0073861 0.767945 3.33642 -0.352854 0.70372 3.18913 
0.172459 -0.261226 3.21132 0.0168809 -0.0804955 3.16297 0.0819775 -0.0733415 3.00245 0.108413 0.181905 2.92609 0.181118 0.124684 3.12421 -0.0405215 -0.0888126 3.33408 -0.0752181 0.158397 3.40432 0.111253 0.114877 3.2817 -0.0852428 0.380461 3.16003 -0.0297471 0.367306 3.04603 0.316786 0.417342 3.16093 0.177088 0.763242 3.14196 -0.141418 0.393653 3.24687 0.00848421 0.779647 3.33524 -0.348027 0.703335 3.18984 
0.170526 -0.263029 3.20612 0.0179712 -0.0804798 3.15683 0.0831649 -0.0711149 2.99944 0.113154 0.184633 2.92635 0.183024 0.121897 3.12489 -0.0403474 -0.090696 3.32792 -0.0714668 0.154255 3.40348 0.112913 0.111222 3.282 -0.0820045 0.381836 3.1612 -0.0262924 0.367635 3.04704 0.320933 0.41915 3.16052 0.175884 0.764352 3.14128 -0.136468 0.395008 3.24763 0.00973519 0.78201 3.33292 -0.346317 0.702228 3.19295 
0.166234 -0.276209 3.20074 0.0190292 -0.0905237 3.1541 0.0835491 -0.0803137 2.99715 0.119176 0.178195 2.92725 0.184474 0.106636 3.12618 -0.0397164 -0.101938 3.3233 -0.0657867 0.139383 3.40373 0.115236 0.0982219 3.28334 -0.0779956 0.374553 3.16227 -0.0214734 0.359372 3.04806 0.326159 0.418607 3.15936 0.175923 0.76549 3.14007 -0.129831 0.388066 3.24903 0.0112554 0.775187 3.32993 -0.348456 0.702206 3.19233 
0.159503 -0.299333 3.19443 0.0178901 -0.110077 3.15287 0.0827404 -0.100032 2.99647 0.127097 0.162108 2.92915 0.187944 0.0815194 3.1282 -0.0411181 -0.121046 3.32212 -0.0601092 0.115283 3.40648 0.117456 0.0724396 3.28675 -0.0752996 0.35876 3.1634 -0.0182447 0.343592 3.04899 0.32843 0.419636 3.15543 0.174997 0.767073 3.13609 -0.125575 0.372582 3.2513 0.010495 0.761443 3.32479 -0.353572 0.701105 3.19157 
0.148323 -0.332453 3.18883 0.0145133 -0.137163 3.15181 0.0803269 -0.12899 2.99644 0.140075 0.132127 2.93322 0.192496 0.0444453 3.13102 -0.0486011 -0.149461 3.31866 -0.053316 0.0818968 3.41122 0.119657 0.0353928 3.29075 -0.0718162 0.3321 3.16488 -0.0130462 0.31829 3.05019 0.329664 0.416857 3.15057 0.175118 0.764328 3.13486 -0.121277 0.345542 3.25344 0.00447213 0.738156 3.31681 -0.362686 0.699172 3.18768 
0.131493 -0.380636 3.18281 0.00966306 -0.181975 3.15293 0.0764882 -0.174135 2.9965 0.15887 0.0825604 2.94079 0.193355 -0.00699702 3.13639 -0.0558407 -0.195779 3.31807 -0.0448665 0.0304301 3.41946 0.123043 -0.0163074 3.29779 -0.0684068 0.293773 3.16754 -0.007954 0.280004 3.05271 0.327206 0.408072 3.1421 0.174287 0.763052 3.13247 -0.119429 0.303782 3.25688 -0.00826676 0.698463 3.30374 -0.377822 0.696464 3.17907 
0.108919 -0.444057 3.1783 0.00173516 -0.247606 3.15314 0.0692767 -0.23839 2.99829 0.17555 0.0111247 2.95226 0.186741 -0.0716033 3.14331 -0.0670442 -0.260485 3.31629 -0.0367441 -0.0394947 3.43118 0.123287 -0.0853755 3.30813 -0.0649486 0.238458 3.17012 -0.00279449 0.228207 3.05721 0.319085 0.393609 3.1312 0.176102 0.749749 3.136 -0.120402 0.24772 3.26079 -0.0320847 0.643852 3.29323 -0.393682 0.694151 3.1661 
0.0875376 -0.510971 3.17694 -0.00861951 -0.317135 3.15399 0.0625421 -0.308013 2.9989 0.186816 -0.0683218 2.95962 0.17687 -0.148161 3.14917 -0.0791559 -0.330249 3.31396 -0.0294473 -0.122123 3.44862 0.120154 -0.16944 3.3194 -0.0631588 0.176595 3.17249 0.000330205 0.168505 3.06207 0.303903 0.375512 3.11889 0.172278 0.737498 3.13485 -0.121931 0.183715 3.26577 -0.0513418 0.586595 3.28409 -0.404509 0.693535 3.15799 
0.0645231 -0.586747 3.17965 -0.0253219 -0.393961 3.15685 0.0463382 -0.388027 2.99955 0.187972 -0.163528 2.96003 0.165164 -0.239067 3.14865 -0.0970374 -0.405196 3.31427 -0.0228275 -0.216011 3.46574 0.117024 -0.263756 3.32784 -0.0622459 0.106221 3.17461 0.000766001 0.103507 3.06462 0.273525 0.3525 3.10923 0.158656 0.725373 3.13029 -0.122748 0.111527 3.26938 -0.0713913 0.516173 3.27978 -0.399148 0.689763 3.16199 
0.0422219 -0.673614 3.18559 -0.0472672 -0.494003 3.16206 0.0172501 -0.489167 3.0008 0.178223 -0.283071 2.95559 0.151291 -0.345931 3.14265 -0.112426 -0.503544 3.31838 -0.0184261 -0.317084 3.47699 0.112126 -0.364607 3.33209 -0.0627372 0.0156315 3.17717 -0.00303493 0.0166813 3.06992 0.212017 0.318045 3.10001 0.125609 0.707566 3.12773 -0.120143 0.0177465 3.27497 -0.0945574 0.424704 3.27259 -0.369302 0.671904 3.17636 
0.0229657 -0.756302 3.19189 -0.068756 -0.592592 3.16505 -0.0111115 -0.584851 3.00059 0.158569 -0.385791 2.94551 0.134861 -0.435827 3.13623 -0.127445 -0.601434 3.32184 -0.0237595 -0.402555 3.47991 0.0988073 -0.453759 3.33201 -0.0630268 -0.0772276 3.18002 -0.0113013 -0.072276 3.07476 0.11496 0.276585 3.09256 0.0531043 0.669807 3.11515 -0.114785 -0.0751683 3.28197 -0.102436 0.332346 3.26909 -0.301763 0.645288 3.20231 
0.0095814 -0.820796 3.19705 -0.0835837 -0.673982 3.16601 -0.0253546 -0.666937 2.99884 0.141311 -0.460394 2.93398 0.120128 -0.502522 3.12867 -0.140489 -0.682297 3.32539 -0.0388498 -0.463181 3.47706 0.0826109 -0.499896 3.32474 -0.0631376 -0.153826 3.18324 -0.0123062 -0.14758 3.08186 0.0604206 0.232 3.0838 0.0143389 0.6255 3.08605 -0.117954 -0.15218 3.29093 -0.117116 0.256584 3.27412 -0.279052 0.607207 3.23548 
0.000244827 -0.867155 3.20024 -0.0960668 -0.73406 3.16553 -0.0363046 -0.728239 2.99927 0.119767 -0.507521 2.924 0.106308 -0.537878 3.12304 -0.15261 -0.738239 3.32716 -0.061564 -0.489843 3.47114 0.0661066 -0.523735 3.31743 -0.0674728 -0.209989 3.18534 -0.0203223 -0.202738 3.08518 0.0024419 0.192038 3.0767 -0.098793 0.580151 3.05272 -0.120847 -0.209344 3.29865 -0.107193 0.20534 3.28921 -0.224833 0.576683 3.2679 
-0.00596284 -0.890544 3.20325 -0.106753 -0.759138 3.16569 -0.0464705 -0.757009 3.00084 0.0992045 -0.523254 2.91879 0.0953024 -0.541579 3.12479 -0.159458 -0.761943 3.32876 -0.0860638 -0.496755 3.46319 0.0494261 -0.523356 3.31394 -0.0747292 -0.234678 3.18664 -0.034052 -0.22948 3.08333 -0.0562711 0.169694 3.07039 -0.226238 0.537262 3.02225 -0.120669 -0.23258 3.30346 -0.0860683 0.182217 3.30553 -0.163505 0.563371 3.29821 
-0.00875916 -0.890813 3.20543 -0.114376 -0.758283 3.1679 -0.0547483 -0.755559 3.00384 0.074276 -0.505466 2.91921 0.0870859 -0.524303 3.12502 -0.165758 -0.759983 3.33073 -0.110792 -0.486472 3.45677 0.0352927 -0.502037 3.30932 -0.0858158 -0.231791 3.18699 -0.052036 -0.226386 3.07937 -0.122348 0.170554 3.06227 -0.342932 0.519478 3.00377 -0.124577 -0.229449 3.30571 -0.0640368 0.179915 3.31841 -0.0947632 0.575643 3.31877 
-0.00772353 -0.864702 3.2073 -0.11848 -0.730161 3.17047 -0.0612677 -0.727146 3.0071 0.0517657 -0.463988 2.9227 0.0809603 -0.480733 3.12364 -0.169483 -0.731347 3.33149 -0.134242 -0.454618 3.45064 0.0230217 -0.464247 3.30317 -0.0984059 -0.202525 3.18643 -0.0685169 -0.197532 3.07282 -0.178477 0.19461 3.05147 -0.429088 0.52652 2.98891 -0.131075 -0.201431 3.3066 -0.0394276 0.199946 3.33252 -0.0485457 0.600102 3.32844 
-0.00490068 -0.813001 3.21046 -0.120974 -0.670545 3.17583 -0.0673381 -0.668699 3.01081 0.0287008 -0.397646 2.92524 0.0769334 -0.414247 3.12152 -0.17312 -0.672684 3.33216 -0.151082 -0.400178 3.44473 0.0126854 -0.402882 3.29908 -0.116695 -0.149992 3.18518 -0.0931714 -0.143735 3.07105 -0.222138 0.245893 3.04098 -0.498823 0.562126 2.98172 -0.141167 -0.1502 3.3069 -0.00165788 0.232932 3.34126 -0.0225357 0.637871 3.329 
0.00170965 -0.74372 3.21483 -0.121234 -0.58791 3.17992 -0.0712428 -0.585935 3.01318 0.0071826 -0.314489 2.92646 0.0717614 -0.336099 3.11898 -0.171324 -0.5911 3.33259 -0.16323 -0.323394 3.44111 0.00466609 -0.326444 3.29461 -0.134802 -0.0727341 3.18244 -0.121881 -0.0661937 3.06899 -0.250807 0.325123 3.03293 -0.550851 0.606807 2.97709 -0.148968 -0.0744766 3.3049 0.0334396 0.277924 3.34564 -0.0212955 0.676793 3.32069 
0.0108876 -0.659274 3.21868 -0.119606 -0.490939 3.18214 -0.0756172 -0.48732 3.01557 -0.0170468 -0.22135 2.92634 0.0624358 -0.245813 3.11762 -0.160458 -0.496432 3.33414 -0.171392 -0.23666 3.43936 -0.00126037 -0.240753 3.29493 -0.154485 0.0163817 3.18012 -0.155038 0.0224442 3.06834 -0.258712 0.415929 3.03054 -0.598135 0.648021 2.97187 -0.154718 0.0124378 3.3005 0.06839 0.327752 3.3447 -0.0362786 0.713549 3.30467 
0.0222739 -0.572131 3.22242 -0.118174 -0.391614 3.18253 -0.0807979 -0.385858 3.01584 -0.0389845 -0.126576 2.92574 0.0487602 -0.151853 3.11515 -0.149878 -0.398796 3.33654 -0.179129 -0.143915 3.43771 -0.00582772 -0.146909 3.29496 -0.173111 0.105512 3.17814 -0.183356 0.111752 3.06864 -0.257468 0.513565 3.02828 -0.625777 0.673695 2.96428 -0.164216 0.0992611 3.29368 0.0947229 0.363666 3.34135 -0.0410925 0.733735 3.28817 
0.033283 -0.487814 3.22539 -0.116394 -0.299121 3.18343 -0.0807607 -0.293891 3.01924 -0.061112 -0.0403585 2.92685 0.0394357 -0.0675859 3.11407 -0.146091 -0.307739 3.34252 -0.187388 -0.0580094 3.4377 -0.0135691 -0.0591071 3.29609 -0.190598 0.187776 3.17612 -0.201932 0.195153 3.06806 -0.248706 0.604709 3.02683 -0.636176 0.676266 2.96882 -0.178099 0.178093 3.28645 0.114843 0.381557 3.33962 -0.0420076 0.743209 3.27916 
0.0408171 -0.421928 3.23016 -0.113951 -0.232526 3.18408 -0.0791324 -0.228172 3.02224 -0.0706844 0.0232881 2.93283 0.0336154 -0.00773085 3.11423 -0.145313 -0.241226 3.34682 -0.196102 0.00786414 3.43602 -0.0234449 0.00612183 3.29707 -0.201728 0.245379 3.17439 -0.212059 0.254926 3.0673 -0.240186 0.664437 3.02624 -0.637172 0.67752 2.979 -0.185551 0.234741 3.28195 0.127026 0.391474 3.33849 -0.0425479 0.747524 3.27496 
0.0461583 -0.370656 3.23384 -0.112964 -0.185221 3.18388 -0.0782926 -0.181404 3.02313 -0.0734185 0.0708886 2.93605 0.0288544 0.0347781 3.11464 -0.145942 -0.195273 3.34783 -0.203886 0.0545879 3.43521 -0.0297231 0.0506398 3.29541 -0.208565 0.286807 3.17431 -0.218557 0.296352 3.06688 -0.228059 0.706156 3.02614 -0.627115 0.677151 2.98711 -0.19085 0.275279 3.28044 0.134902 0.396237 3.33776 -0.0430087 0.750143 3.27307 
0.0486151 -0.336117 3.23688 -0.111843 -0.154471 3.18328 -0.0744303 -0.149807 3.02377 -0.0717647 0.105406 2.93707 0.0254739 0.0645947 3.11502 -0.148055 -0.163944 3.3468 -0.210242 0.0872691 3.43373 -0.0348688 0.0854215 3.29431 -0.212074 0.314949 3.17403 -0.219571 0.324561 3.06695 -0.219413 0.737325 3.02491 -0.615676 0.675946 2.9941 -0.19439 0.303402 3.27967 0.139312 0.398722 3.33743 -0.0432364 0.75146 3.27214 
0.0496038 -0.308733 3.23751 -0.112858 -0.127953 3.18261 -0.0710302 -0.125605 3.02239 -0.0686327 0.130346 2.93645 0.0198481 0.0873864 3.11537 -0.154372 -0.138086 3.34546 -0.215032 0.110482 3.43247 -0.0410084 0.10786 3.29512 -0.214629 0.334429 3.17373 -0.220127 0.345745 3.06777 -0.212372 0.76053 3.0237 -0.604022 0.674898 2.99814 -0.198925 0.323395 3.2795 0.141681 0.401655 3.33738 -0.0433524 0.752689 3.27159 
0.0492509 -0.291257 3.23705 -0.114752 -0.111321 3.18205 -0.0685138 -0.109189 3.02385 -0.0667574 0.14975 2.93711 0.0168962 0.104098 3.11559 -0.158999 -0.118591 3.34365 -0.217822 0.127709 3.43172 -0.044743 0.121524 3.29516 -0.215444 0.34745 3.17358 -0.220697 0.36159 3.06837 -0.207678 0.774437 3.02204 -0.596294 0.674344 3.00184 -0.20217 0.335385 3.27994 0.142194 0.403435 3.33718 -0.0433907 0.753096 3.27135 
0.0481508 -0.282856 3.23552 -0.115674 -0.103756 3.18139 -0.0646043 -0.101051 3.02432 -0.0672023 0.162843 2.93809 0.0149107 0.113345 3.11567 -0.162756 -0.109194 3.34084 -0.219722 0.136525 3.43131 -0.0468499 0.12914 3.29727 -0.216072 0.355105 3.17353 -0.220221 0.369423 3.06892 -0.205476 0.7804 3.0214 -0.592694 0.673426 3.00217 -0.205056 0.341439 3.28095 0.141808 0.40406 3.33625 -0.0434102 0.752961 3.27125 
0.0460874 -0.281024 3.23407 -0.116267 -0.102014 3.18025 -0.0621535 -0.0974421 3.02409 -0.0692044 0.167069 2.93987 0.014537 0.116058 3.11593 -0.164522 -0.107096 3.34023 -0.220111 0.137576 3.43203 -0.0470191 0.130356 3.29803 -0.216602 0.35695 3.17345 -0.222125 0.371747 3.06956 -0.20442 0.78181 3.02108 -0.593439 0.674286 3.00095 -0.204895 0.341902 3.28287 0.140251 0.403998 3.33443 -0.0434217 0.752322 3.27134 
0.0423575 -0.284989 3.2339 -0.116741 -0.104571 3.1805 -0.0638875 -0.100455 3.02557 -0.071555 0.161959 2.94178 0.0137535 0.112166 3.1156 -0.16496 -0.110506 3.34152 -0.219265 0.131207 3.43413 -0.0445122 0.125609 3.29877 -0.217324 0.352925 3.17337 -0.223671 0.368322 3.06888 -0.206598 0.779671 3.02184 -0.598825 0.676674 3.00169 -0.203606 0.338269 3.28254 0.138835 0.402875 3.33319 -0.0434833 0.752325 3.27131 
0.0371056 -0.29661 3.23367 -0.117123 -0.11576 3.18228 -0.0710664 -0.112799 3.02703 -0.0743089 0.146537 2.94154 0.0123592 0.101059 3.1145 -0.164359 -0.122361 3.34554 -0.215334 0.116985 3.43826 -0.0402206 0.111921 3.30096 -0.216415 0.341667 3.17326 -0.227403 0.356964 3.06839 -0.212747 0.774022 3.02422 -0.607094 0.678569 3.0051 -0.200161 0.328289 3.27976 0.137096 0.403596 3.33144 -0.0435294 0.752913 3.27118 
0.0309078 -0.315817 3.23195 -0.117903 -0.134189 3.18396 -0.0766306 -0.13081 3.02664 -0.0741685 0.124239 2.94048 0.014614 0.0829654 3.1147 -0.163053 -0.143725 3.34931 -0.206853 0.097058 3.44197 -0.0322036 0.0913435 3.30258 -0.215063 0.327959 3.17329 -0.229352 0.342567 3.06822 -0.219344 0.760279 3.02922 -0.616142 0.680927 3.01017 -0.196346 0.315073 3.27576 0.13716 0.401393 3.32883 -0.0435955 0.75288 3.27114 
0.021647 -0.347567 3.22964 -0.120325 -0.163257 3.18632 -0.0816511 -0.158587 3.0265 -0.0707406 0.0935644 2.93807 0.0203984 0.056206 3.11395 -0.160721 -0.171334 3.35226 -0.195743 0.0704775 3.44552 -0.0220703 0.0608969 3.30415 -0.212022 0.305963 3.17363 -0.227962 0.318938 3.06839 -0.228243 0.732903 3.03647 -0.626389 0.682543 3.01543 -0.191829 0.29244 3.27534 0.135461 0.399355 3.32655 -0.0436893 0.752187 3.27125 
0.00954069 -0.392063 3.22767 -0.122199 -0.201778 3.18742 -0.0858357 -0.200167 3.02579 -0.0618179 0.0478736 2.93365 0.0323136 0.0136315 3.11265 -0.157704 -0.206482 3.35305 -0.185322 0.0361139 3.4449 -0.0141662 0.0270211 3.30118 -0.209535 0.270586 3.17446 -0.225198 0.282955 3.06812 -0.243918 0.693041 3.04016 -0.637884 0.68484 3.00972 -0.188607 0.259333 3.27593 0.13117 0.395827 3.32438 -0.0439348 0.750119 3.2714 
-0.00545759 -0.452315 3.22317 -0.12476 -0.25858 3.18725 -0.09208 -0.260044 3.0231 -0.0439248 -0.0170086 2.92774 0.0422769 -0.0465305 3.11159 -0.154181 -0.261019 3.35201 -0.17298 -0.0131145 3.44306 -0.00245274 -0.0288073 3.2967 -0.204443 0.218955 3.17551 -0.222165 0.229208 3.06703 -0.259221 0.635368 3.03832 -0.647205 0.686662 2.99345 -0.182638 0.211726 3.27741 0.123721 0.39141 3.3181 -0.0444838 0.74677 3.27149 
-0.0209262 -0.519885 3.21849 -0.128675 -0.326217 3.1872 -0.0985321 -0.326496 3.02027 -0.0222437 -0.08986 2.9272 0.0481398 -0.117238 3.11405 -0.155339 -0.326744 3.34812 -0.159866 -0.0784025 3.44293 0.00545429 -0.0967047 3.2993 -0.197915 0.15852 3.176 -0.217503 0.165291 3.06527 -0.278404 0.561541 3.03615 -0.651394 0.691219 2.97759 -0.174808 0.154425 3.27962 0.10832 0.380303 3.31052 -0.0462595 0.741201 3.27181 
-0.03468 -0.592275 3.21172 -0.13142 -0.405727 3.18624 -0.0990679 -0.405617 3.01641 -0.000975922 -0.175491 2.93107 0.0528262 -0.196867 3.11753 -0.160401 -0.406562 3.34092 -0.148969 -0.157286 3.44797 0.0113725 -0.178362 3.30626 -0.190182 0.0879627 3.17553 -0.210185 0.0920202 3.06291 -0.290326 0.482809 3.02478 -0.63912 0.679724 2.97288 -0.16543 0.0874596 3.28146 0.0832804 0.36045 3.30299 -0.0520426 0.734464 3.27248 
-0.0431882 -0.670707 3.20577 -0.134874 -0.490282 3.18482 -0.0987803 -0.49017 3.01224 0.0177668 -0.261697 2.93218 0.0525807 -0.275451 3.11781 -0.170809 -0.491828 3.33663 -0.144191 -0.243462 3.45116 0.0130887 -0.262158 3.30951 -0.180626 0.00833044 3.17522 -0.199674 0.0105405 3.05991 -0.291732 0.395769 3.01634 -0.599741 0.655317 2.97705 -0.155734 0.0103947 3.28085 0.0411414 0.331746 3.29575 -0.0650542 0.719226 3.27402 
-0.0480142 -0.744758 3.20022 -0.13705 -0.578892 3.18113 -0.103078 -0.577874 3.01172 0.0258871 -0.344155 2.92964 0.0486602 -0.345096 3.11511 -0.176519 -0.581013 3.33466 -0.1428 -0.333394 3.4533 0.00997801 -0.343497 3.30967 -0.169406 -0.0708499 3.17376 -0.183932 -0.0714028 3.05577 -0.274204 0.316239 3.0144 -0.531559 0.620815 2.99077 -0.148004 -0.0666955 3.27658 -0.013681 0.292548 3.28185 -0.0902346 0.689909 3.2757 
-0.0484961 -0.816297 3.19417 -0.141874 -0.669402 3.17575 -0.108583 -0.666362 3.00896 0.0240593 -0.416062 2.92452 0.0454016 -0.408215 3.10993 -0.17655 -0.672524 3.33245 -0.146642 -0.41987 3.45339 0.00756513 -0.422259 3.30427 -0.157547 -0.152083 3.16931 -0.161561 -0.151131 3.05147 -0.224203 0.238799 3.01624 -0.4282 0.579397 3.01551 -0.146985 -0.147965 3.27027 -0.0836387 0.239388 3.27151 -0.148463 0.63495 3.27255 
-0.046978 -0.863106 3.18743 -0.145085 -0.722607 3.16708 -0.115833 -0.717401 3.00304 0.0159985 -0.456169 2.91621 0.0452877 -0.447933 3.10064 -0.173958 -0.726282 3.33017 -0.147984 -0.46879 3.45012 0.00883715 -0.467182 3.29575 -0.150086 -0.200539 3.16377 -0.147093 -0.19893 3.04908 -0.164783 0.190616 3.0207 -0.319168 0.560785 3.02978 -0.151919 -0.196787 3.26477 -0.131258 0.199663 3.25853 -0.234143 0.584153 3.25789 
-0.0430273 -0.89247 3.1787 -0.146063 -0.753105 3.15583 -0.122626 -0.745295 2.99323 -0.00122042 -0.473422 2.90355 0.0426472 -0.460339 3.085 -0.167393 -0.7561 3.32612 -0.15016 -0.49442 3.44263 0.00791733 -0.486932 3.28421 -0.148341 -0.230164 3.15591 -0.135908 -0.227473 3.04663 -0.0991593 0.157607 3.02804 -0.18409 0.55407 3.0386 -0.162088 -0.226464 3.26032 -0.176731 0.171583 3.24757 -0.337224 0.536923 3.22879 
-0.0370764 -0.894683 3.16873 -0.14619 -0.753676 3.14734 -0.126987 -0.744099 2.98315 -0.0210145 -0.467113 2.88929 0.0387467 -0.447574 3.06991 -0.16244 -0.758144 3.32058 -0.152184 -0.492103 3.43483 0.00611078 -0.479014 3.27356 -0.148639 -0.231979 3.15077 -0.12693 -0.228731 3.04493 -0.0445641 0.145639 3.03517 -0.0700585 0.556318 3.04727 -0.172634 -0.228993 3.25679 -0.2132 0.171417 3.23666 -0.41163 0.524423 3.19962 
-0.0290203 -0.873808 3.1594 -0.146023 -0.726133 3.14134 -0.126198 -0.712906 2.97395 -0.0402463 -0.434257 2.87599 0.0336319 -0.4122 3.05735 -0.158911 -0.733397 3.31302 -0.153816 -0.462141 3.42358 0.00443359 -0.443264 3.26142 -0.148912 -0.207015 3.14786 -0.115409 -0.203625 3.04303 0.0119736 0.159396 3.04529 0.0286054 0.569897 3.05587 -0.183639 -0.205735 3.25425 -0.248926 0.197414 3.22097 -0.473256 0.537967 3.162 
-0.0187545 -0.833161 3.15224 -0.143546 -0.681765 3.13492 -0.122023 -0.667616 2.96764 -0.0509208 -0.387609 2.86799 0.0319424 -0.363902 3.04763 -0.15865 -0.688668 3.30428 -0.158128 -0.419158 3.41231 0.00214546 -0.395669 3.24798 -0.150565 -0.164804 3.14108 -0.108828 -0.161263 3.04033 0.0540411 0.184471 3.05002 0.0751606 0.595127 3.06265 -0.195276 -0.164928 3.25133 -0.261005 0.23977 3.2129 -0.507397 0.568186 3.13263 
-0.00828282 -0.772561 3.14727 -0.139943 -0.617421 3.1303 -0.113957 -0.60272 2.96281 -0.053364 -0.323215 2.86167 0.0321762 -0.303768 3.03953 -0.158025 -0.624948 3.29669 -0.163079 -0.355869 3.40292 -0.000818119 -0.333177 3.23958 -0.153504 -0.103436 3.13623 -0.104575 -0.100654 3.03634 0.0945693 0.227383 3.05364 0.0882511 0.636941 3.07249 -0.205265 -0.103233 3.24891 -0.256366 0.302726 3.2127 -0.528202 0.61069 3.11066 
0.00498664 -0.68405 3.14378 -0.13275 -0.514981 3.12569 -0.100747 -0.501883 2.95846 -0.0482794 -0.232212 2.85727 0.0380213 -0.22596 3.0351 -0.158333 -0.523785 3.28672 -0.170922 -0.266103 3.39378 -0.00414629 -0.242838 3.23612 -0.158862 -0.00698901 3.12883 -0.106529 -0.00743862 3.03009 0.131458 0.294495 3.05934 0.0738324 0.692054 3.08221 -0.214099 -0.00440265 3.2441 -0.237182 0.412027 3.21714 -0.547639 0.657979 3.08851 
0.0195425 -0.596625 3.14116 -0.122201 -0.423812 3.12058 -0.0868403 -0.412706 2.95495 -0.0408357 -0.144567 2.85525 0.0461491 -0.148574 3.03355 -0.156388 -0.432996 3.27744 -0.175261 -0.178175 3.38477 -0.00443421 -0.156877 3.23456 -0.164863 0.0801192 3.12362 -0.111313 0.0764375 3.02276 0.159001 0.346126 3.06456 0.0667755 0.722331 3.09234 -0.220787 0.0860353 3.23825 -0.222316 0.505165 3.22568 -0.559382 0.683029 3.08333 
0.0351734 -0.517419 3.13908 -0.11081 -0.341 3.11637 -0.0723617 -0.330794 2.95085 -0.0328385 -0.0610698 2.85522 0.0532653 -0.0776069 3.03273 -0.152606 -0.349128 3.26994 -0.178379 -0.0997351 3.37744 -0.00422751 -0.0813391 3.2314 -0.172556 0.155476 3.11905 -0.118889 0.148862 3.01433 0.177306 0.37335 3.07058 0.0627902 0.736061 3.09605 -0.228453 0.162842 3.23151 -0.209399 0.587182 3.23167 -0.561026 0.694187 3.08239 
0.0531411 -0.433947 3.13705 -0.0982252 -0.250067 3.11227 -0.052946 -0.237527 2.9456 -0.0258674 0.0276413 2.85811 0.0609825 -0.00593437 3.03488 -0.146265 -0.26026 3.26569 -0.180752 -0.0233279 3.37248 -0.00326209 -0.00895864 3.2279 -0.180865 0.235778 3.11366 -0.127955 0.227798 3.00768 0.193339 0.394281 3.07942 0.0590787 0.749158 3.0988 -0.23946 0.242973 3.22491 -0.189314 0.660685 3.23697 -0.548786 0.696761 3.08598 
0.0694685 -0.369106 3.13455 -0.0881902 -0.183987 3.10804 -0.0417405 -0.170601 2.93854 -0.0225453 0.0945101 2.8615 0.0606712 0.0506427 3.03783 -0.136787 -0.197969 3.26069 -0.180355 0.030351 3.3701 -0.00417209 0.0418305 3.22657 -0.186769 0.292549 3.11204 -0.135684 0.282336 3.00439 0.201436 0.406074 3.0851 0.0571027 0.75436 3.10128 -0.245421 0.299648 3.22218 -0.169917 0.711149 3.24056 -0.53014 0.69741 3.09679 
0.0802761 -0.324384 3.13253 -0.0800493 -0.141666 3.10542 -0.0328544 -0.127332 2.93499 -0.0193789 0.140021 2.86429 0.0609259 0.0883555 3.03945 -0.130834 -0.16107 3.25801 -0.183228 0.0710081 3.36887 -0.00679596 0.0823429 3.2266 -0.18991 0.32634 3.11095 -0.138928 0.316203 3.00258 0.206061 0.411693 3.08885 0.0560582 0.755521 3.1025 -0.24844 0.335539 3.21999 -0.162089 0.744436 3.24332 -0.518506 0.698948 3.1013 
0.0895378 -0.291387 3.13204 -0.0726939 -0.110262 3.10377 -0.0247633 -0.0911537 2.93154 -0.0177197 0.171096 2.86711 0.0630127 0.116854 3.04258 -0.123133 -0.128123 3.25614 -0.18452 0.101197 3.36815 -0.010577 0.113238 3.22691 -0.191066 0.35202 3.11029 -0.140204 0.338686 3.00194 0.208331 0.415101 3.09122 0.0551877 0.755492 3.1019 -0.249541 0.361534 3.21949 -0.158407 0.769588 3.24594 -0.510408 0.702988 3.10397 
0.094458 -0.273477 3.13166 -0.0679107 -0.0935577 3.10239 -0.0179966 -0.0739577 2.92996 -0.0154137 0.188269 2.86794 0.0633024 0.131706 3.04494 -0.119176 -0.112395 3.25473 -0.185902 0.117516 3.36763 -0.0115404 0.128119 3.2273 -0.190724 0.3659 3.10982 -0.140052 0.350673 3.00241 0.209223 0.416875 3.09211 0.0548401 0.756014 3.10169 -0.249352 0.375719 3.21907 -0.155878 0.779487 3.24659 -0.506475 0.703941 3.10503 
0.0970536 -0.265838 3.13142 -0.0631908 -0.0892534 3.10089 -0.0130227 -0.0700389 2.92973 -0.0109867 0.193988 2.86857 0.0640389 0.136095 3.04715 -0.116216 -0.107968 3.25352 -0.187191 0.122293 3.36603 -0.0101415 0.130011 3.22675 -0.189994 0.369002 3.1094 -0.137673 0.35305 3.002 0.209829 0.417102 3.09215 0.0553315 0.757264 3.10207 -0.248841 0.377748 3.2187 -0.155284 0.780675 3.24794 -0.506309 0.703727 3.10752 
0.0971327 -0.271813 3.13111 -0.0605273 -0.0954433 3.10101 -0.00754379 -0.0761036 2.93089 -0.00308933 0.188202 2.8696 0.0657287 0.13121 3.04963 -0.117175 -0.112855 3.25445 -0.187716 0.114718 3.36431 -0.00718845 0.121244 3.22778 -0.188046 0.360453 3.10929 -0.135967 0.346295 3.00098 0.210756 0.416162 3.09188 0.0547858 0.756991 3.10244 -0.24724 0.370755 3.21845 -0.156114 0.775833 3.24528 -0.507944 0.702619 3.10771 
0.0948591 -0.290236 3.13065 -0.0600414 -0.112127 3.10275 -0.00580971 -0.0937621 2.93418 0.0093799 0.171817 2.87149 0.0679061 0.113005 3.05463 -0.117642 -0.129075 3.25527 -0.187488 0.0953849 3.36321 -0.00443554 0.102863 3.23074 -0.186383 0.341833 3.10917 -0.132414 0.331476 3.00092 0.212544 0.413196 3.09143 0.0547761 0.756428 3.10308 -0.245843 0.354394 3.21813 -0.155834 0.761161 3.24261 -0.512124 0.69968 3.10561 
0.0892187 -0.323219 3.13068 -0.0611069 -0.14321 3.10432 -0.00332582 -0.123506 2.93839 0.0219618 0.143529 2.87569 0.0708076 0.0796549 3.06232 -0.120646 -0.161253 3.25614 -0.186018 0.0673381 3.36342 -0.000981709 0.0743036 3.23471 -0.183306 0.316722 3.10878 -0.126363 0.307121 3.00133 0.211619 0.407004 3.08759 0.0545075 0.755068 3.10369 -0.243583 0.328767 3.21689 -0.156496 0.731581 3.23878 -0.520733 0.695556 3.10002 
0.0789252 -0.36123 3.13076 -0.065661 -0.176785 3.10604 -0.00399786 -0.157686 2.94249 0.0331942 0.108606 2.88051 0.075207 0.0396769 3.07147 -0.127556 -0.193202 3.25706 -0.183987 0.0338502 3.36497 0.00374171 0.0372796 3.23912 -0.180964 0.287955 3.11008 -0.121734 0.278096 3.00182 0.208798 0.400082 3.08412 0.0544202 0.753547 3.10333 -0.241522 0.296092 3.21603 -0.162628 0.702121 3.23519 -0.530594 0.692644 3.09862 
0.0627679 -0.412307 3.13204 -0.0735674 -0.220395 3.10818 -0.010699 -0.205275 2.94848 0.0421619 0.0613933 2.88571 0.0790218 -0.00942234 3.08213 -0.138093 -0.236253 3.25815 -0.183843 -0.00967207 3.36783 0.00612958 -0.0121617 3.24529 -0.178275 0.249248 3.11055 -0.116078 0.239351 3.0023 0.202664 0.393046 3.081 0.0547213 0.751273 3.10387 -0.239725 0.257045 3.21676 -0.171842 0.662737 3.23255 -0.542806 0.692348 3.09877 
0.0423381 -0.476557 3.13394 -0.0851598 -0.284836 3.11151 -0.0174508 -0.269962 2.95639 0.0465404 -0.00165634 2.8917 0.0769266 -0.0720043 3.09475 -0.151947 -0.300122 3.2592 -0.186596 -0.0708247 3.3709 0.00468184 -0.079212 3.25084 -0.175981 0.194763 3.11186 -0.111241 0.186645 3.0046 0.188907 0.383513 3.07777 0.0548988 0.745066 3.10602 -0.239245 0.201125 3.21814 -0.185688 0.605212 3.23078 -0.550319 0.692162 3.10276 
0.0224362 -0.543961 3.13617 -0.0956735 -0.349103 3.11359 -0.0246433 -0.335549 2.95884 0.0472283 -0.0717614 2.89478 0.0728866 -0.139533 3.10293 -0.1655 -0.367545 3.26194 -0.19077 -0.136185 3.37422 0.000956103 -0.143969 3.25397 -0.171836 0.134066 3.11485 -0.105736 0.130831 3.00787 0.165958 0.368284 3.07657 0.0536334 0.738393 3.10789 -0.238146 0.137055 3.22114 -0.19595 0.539659 3.23083 -0.549381 0.687696 3.11221 
-0.000867827 -0.6242 3.13724 -0.110317 -0.439926 3.11427 -0.0371175 -0.42938 2.95796 0.0428513 -0.16945 2.8945 0.0636659 -0.219318 3.10781 -0.181575 -0.4568 3.26413 -0.198154 -0.216653 3.37361 -0.00679473 -0.219312 3.25577 -0.163267 0.0513054 3.11835 -0.0963117 0.0529185 3.01285 0.128405 0.342099 3.07753 0.0464717 0.733094 3.10805 -0.2337 0.0520222 3.22696 -0.204687 0.454544 3.23073 -0.533004 0.67157 3.1313 
-0.0229118 -0.700563 3.13837 -0.125448 -0.527311 3.11352 -0.0495572 -0.518063 2.95751 0.0361687 -0.256033 2.89062 0.0519293 -0.286606 3.10705 -0.198423 -0.541687 3.26443 -0.213204 -0.288219 3.37305 -0.018727 -0.284309 3.25639 -0.15764 -0.0256911 3.12185 -0.091951 -0.0207868 3.01795 0.075636 0.312032 3.06983 0.0321275 0.718131 3.10011 -0.228502 -0.0261737 3.23265 -0.214537 0.374601 3.23557 -0.50143 0.649061 3.15649 
-0.0420129 -0.769316 3.13966 -0.142964 -0.609551 3.1097 -0.0671351 -0.602023 2.9559 0.0257637 -0.335324 2.88559 0.0419718 -0.343987 3.10263 -0.214252 -0.618241 3.2654 -0.232968 -0.35542 3.3709 -0.0328027 -0.340859 3.25413 -0.156066 -0.0970277 3.1258 -0.0904089 -0.0910905 3.02233 0.0193388 0.27717 3.06264 0.00102817 0.689425 3.07826 -0.226205 -0.0979677 3.23963 -0.221833 0.307903 3.24163 -0.459306 0.622163 3.18819 
-0.0564732 -0.814087 3.14095 -0.155627 -0.659409 3.10687 -0.0809508 -0.652003 2.95542 0.0180048 -0.383997 2.88121 0.0311967 -0.375761 3.09715 -0.225892 -0.666413 3.26593 -0.255992 -0.398789 3.36794 -0.0471198 -0.372826 3.25266 -0.156988 -0.142407 3.12841 -0.0921984 -0.136201 3.0244 -0.0292623 0.253873 3.05494 -0.0512512 0.666446 3.05945 -0.226651 -0.143835 3.24369 -0.223142 0.266131 3.24871 -0.414504 0.612929 3.21697 
-0.0695749 -0.83643 3.14317 -0.168514 -0.686122 3.10558 -0.094435 -0.679733 2.95715 0.00980486 -0.408459 2.87849 0.0206884 -0.387206 3.09219 -0.240262 -0.690543 3.26646 -0.278469 -0.42558 3.36416 -0.0612246 -0.386723 3.25279 -0.160297 -0.164452 3.13083 -0.0978821 -0.158804 3.02475 -0.0677412 0.242937 3.04347 -0.115817 0.654773 3.0364 -0.229607 -0.166648 3.24718 -0.221791 0.245764 3.25758 -0.365203 0.62087 3.25088 
-0.0824283 -0.838863 3.14597 -0.184633 -0.685782 3.10516 -0.106137 -0.680744 2.95742 -0.000801409 -0.410501 2.8769 0.0124517 -0.380017 3.08758 -0.256753 -0.68868 3.2659 -0.294278 -0.424978 3.35982 -0.0731176 -0.37816 3.25275 -0.167179 -0.162395 3.13164 -0.107289 -0.158263 3.02514 -0.0972266 0.248747 3.0335 -0.172132 0.657284 3.01556 -0.234317 -0.16547 3.24914 -0.216945 0.250207 3.27115 -0.322217 0.638296 3.28419 
-0.0926856 -0.819897 3.14824 -0.199207 -0.656391 3.1052 -0.118826 -0.655853 2.95837 -0.0107025 -0.387037 2.87784 0.00728027 -0.348663 3.08359 -0.272576 -0.661588 3.26607 -0.304749 -0.396997 3.35424 -0.0803596 -0.346068 3.25299 -0.17561 -0.137277 3.13147 -0.122253 -0.133747 3.0238 -0.12331 0.274734 3.02083 -0.22178 0.67684 2.99204 -0.237128 -0.141437 3.24854 -0.20783 0.276671 3.29277 -0.295275 0.668826 3.31254 
-0.101891 -0.791506 3.14938 -0.207873 -0.620781 3.1055 -0.128133 -0.619397 2.95883 -0.0246154 -0.356215 2.87958 0.00286395 -0.313626 3.07972 -0.280821 -0.625717 3.26757 -0.308309 -0.354836 3.35102 -0.0845228 -0.312962 3.25578 -0.18322 -0.100243 3.13045 -0.133853 -0.0959809 3.02017 -0.137611 0.307514 3.00519 -0.255707 0.70325 2.97187 -0.236565 -0.103765 3.24773 -0.192269 0.307655 3.30944 -0.291434 0.700688 3.33251 
-0.10752 -0.759119 3.15165 -0.214211 -0.571571 3.10461 -0.140031 -0.57106 2.95974 -0.0425447 -0.315779 2.88002 -0.0010659 -0.278453 3.07386 -0.284519 -0.576522 3.26887 -0.3089 -0.309292 3.34923 -0.0843689 -0.280569 3.25952 -0.190192 -0.0577553 3.12845 -0.143453 -0.053279 3.0168 -0.143376 0.344227 2.98777 -0.280389 0.72691 2.95422 -0.234733 -0.0606115 3.24672 -0.176661 0.341576 3.32392 -0.299319 0.729377 3.34072 
-0.110828 -0.73987 3.15315 -0.218926 -0.551241 3.10454 -0.151092 -0.549677 2.95984 -0.0624056 -0.294331 2.87784 -0.00361119 -0.258012 3.06423 -0.287757 -0.556283 3.27053 -0.30478 -0.295168 3.35283 -0.0839266 -0.265986 3.26966 -0.19519 -0.0408737 3.12761 -0.15097 -0.0355656 3.01503 -0.145225 0.356866 2.98052 -0.290301 0.735488 2.94651 -0.232489 -0.0432654 3.24573 -0.170624 0.354984 3.327 -0.303589 0.740664 3.34319 
-0.112831 -0.733082 3.15485 -0.225085 -0.550316 3.10538 -0.16342 -0.547613 2.95888 -0.0836218 -0.292515 2.87229 -0.00476135 -0.256728 3.05107 -0.291129 -0.557855 3.27127 -0.300362 -0.30082 3.36215 -0.0849371 -0.268821 3.28655 -0.2015 -0.0414585 3.12745 -0.159328 -0.0367459 3.01421 -0.154607 0.353621 2.98158 -0.295783 0.737696 2.94599 -0.235558 -0.0424769 3.24609 -0.182574 0.355289 3.32077 -0.306901 0.743614 3.34428 
-0.114456 -0.733107 3.15854 -0.232027 -0.557817 3.1048 -0.172355 -0.556763 2.95869 -0.0916307 -0.305547 2.86514 0.00498008 -0.267369 3.03152 -0.29423 -0.566242 3.27127 -0.295939 -0.315422 3.37792 -0.0867918 -0.279402 3.31378 -0.207384 -0.0489871 3.12718 -0.166621 -0.0439758 3.01366 -0.172014 0.349939 2.98555 -0.299702 0.739218 2.94887 -0.241962 -0.0503221 3.24587 -0.203488 0.352967 3.31295 -0.309519 0.743872 3.34434 
-0.115957 -0.736221 3.16377 -0.239333 -0.570903 3.10478 -0.178648 -0.570319 2.95901 -0.0876069 -0.331309 2.8529 0.0291585 -0.288722 3.00436 -0.298512 -0.577382 3.27043 -0.288038 -0.336685 3.39972 -0.0860495 -0.297333 3.35931 -0.213649 -0.0591982 3.1284 -0.174526 -0.0529319 3.01301 -0.202897 0.34446 2.99154 -0.302219 0.739736 2.94911 -0.251898 -0.0602643 3.24632 -0.230937 0.350261 3.30297 -0.313307 0.741205 3.3436 
-0.115985 -0.736992 3.16743 -0.244965 -0.578808 3.1053 -0.183755 -0.577378 2.95997 -0.0833759 -0.36119 2.84065 0.06264 -0.306849 2.96321 -0.302827 -0.584974 3.27066 -0.282563 -0.360791 3.4202 -0.0915306 -0.30771 3.42859 -0.218909 -0.0613711 3.1295 -0.182701 -0.0548572 3.01341 -0.229673 0.343972 2.99466 -0.306732 0.741419 2.94894 -0.26051 -0.0633138 3.24604 -0.257604 0.352515 3.29077 -0.318405 0.740885 3.34403 
-0.114537 -0.735618 3.17006 -0.246435 -0.582727 3.10643 -0.185786 -0.578993 2.96128 -0.0783253 -0.389059 2.82533 0.0882737 -0.317827 2.89835 -0.30387 -0.588459 3.26908 -0.292429 -0.387086 3.44086 -0.114929 -0.318477 3.52081 -0.225199 -0.0592653 3.13325 -0.191229 -0.0536997 3.01531 -0.246335 0.345422 2.99651 -0.310178 0.742975 2.94789 -0.266631 -0.0616715 3.24628 -0.276382 0.355897 3.27835 -0.322707 0.741343 3.34543 
-0.111185 -0.734084 3.17184 -0.244413 -0.585957 3.1085 -0.186313 -0.579924 2.96343 -0.0834456 -0.410587 2.81207 0.0851061 -0.33358 2.829 -0.300047 -0.590549 3.2725 -0.316931 -0.406164 3.45936 -0.174375 -0.328193 3.59275 -0.229568 -0.0607414 3.137 -0.199915 -0.0550351 3.01692 -0.258595 0.341902 2.99856 -0.312454 0.74381 2.94785 -0.266379 -0.0625565 3.24731 -0.285008 0.355445 3.27348 -0.324343 0.741821 3.3461 
-0.103916 -0.7327 3.17313 -0.237496 -0.589825 3.11291 -0.183822 -0.582879 2.9653 -0.103847 -0.431534 2.79677 0.0410557 -0.354459 2.74282 -0.289673 -0.592976 3.27805 -0.353368 -0.428308 3.46818 -0.281082 -0.356171 3.63388 -0.230251 -0.0621499 3.14035 -0.20651 -0.0577287 3.01851 -0.262676 0.340048 3.00006 -0.312692 0.743391 2.94834 -0.261193 -0.0636837 3.24968 -0.287547 0.354813 3.27261 -0.324447 0.741424 3.34613 
-0.0931179 -0.730865 3.17533 -0.229552 -0.593484 3.11993 -0.178775 -0.586678 2.96813 -0.140402 -0.457184 2.77659 -0.0426741 -0.382047 2.63637 -0.279995 -0.596477 3.27975 -0.389298 -0.452632 3.46704 -0.386565 -0.390897 3.65065 -0.228642 -0.0631691 3.14253 -0.208417 -0.0591985 3.02065 -0.264496 0.338166 3.00143 -0.312699 0.742642 2.9496 -0.255449 -0.0641296 3.25194 -0.288638 0.353437 3.27482 -0.324992 0.741219 3.34564 
-0.078934 -0.72899 3.17858 -0.219195 -0.598241 3.12401 -0.172784 -0.590989 2.97146 -0.178646 -0.47989 2.76565 -0.158189 -0.419623 2.56897 -0.265548 -0.60161 3.27825 -0.424837 -0.479522 3.45296 -0.489361 -0.428098 3.63548 -0.224195 -0.062834 3.14467 -0.206762 -0.058763 3.0244 -0.26575 0.338685 3.00353 -0.313215 0.742491 2.95016 -0.245553 -0.0642078 3.25349 -0.288891 0.35354 3.27677 -0.326312 0.741124 3.34433 
-0.0689337 -0.727147 3.18028 -0.212897 -0.602012 3.12722 -0.169202 -0.594374 2.97485 -0.205381 -0.495982 2.76182 -0.237718 -0.443489 2.53855 -0.256351 -0.606164 3.27673 -0.447717 -0.497081 3.43979 -0.547559 -0.455539 3.6186 -0.221982 -0.0652136 3.14558 -0.204729 -0.0594976 3.0259 -0.263697 0.338215 3.00528 -0.312246 0.74305 2.9502 -0.239304 -0.0655472 3.25422 -0.288153 0.351918 3.27704 -0.326992 0.741294 3.34379 
-0.0625391 -0.72338 3.18184 -0.211756 -0.606105 3.1289 -0.166025 -0.598151 2.97795 -0.226777 -0.506807 2.76089 -0.296402 -0.458745 2.52444 -0.256285 -0.60899 3.27396 -0.464214 -0.511337 3.43217 -0.593116 -0.478542 3.60822 -0.220976 -0.0671147 3.14596 -0.201508 -0.0619943 3.02636 -0.262287 0.338276 3.00537 -0.311548 0.742816 2.95028 -0.238587 -0.0671522 3.25456 -0.286497 0.350757 3.27853 -0.325357 0.741658 3.34384 
-0.0599277 -0.719405 3.18207 -0.213144 -0.607263 3.12768 -0.16595 -0.598908 2.97753 -0.239007 -0.510889 2.76056 -0.324572 -0.463077 2.51579 -0.262873 -0.609422 3.27295 -0.472188 -0.517815 3.43357 -0.621066 -0.490248 3.60825 -0.221183 -0.0666799 3.14608 -0.198515 -0.0621465 3.02615 -0.260371 0.339043 3.00629 -0.310641 0.743307 2.95014 -0.24078 -0.0675192 3.25459 -0.285093 0.349303 3.27925 -0.324387 0.742091 3.34429 
-0.0601714 -0.715654 3.18097 -0.215476 -0.606568 3.12529 -0.169017 -0.597271 2.9756 -0.245551 -0.507262 2.76007 -0.330087 -0.459282 2.50959 -0.268632 -0.607514 3.27377 -0.472522 -0.519137 3.44265 -0.6344 -0.490528 3.62249 -0.222413 -0.0651865 3.1461 -0.195688 -0.0614474 3.02512 -0.259779 0.340239 3.0066 -0.311104 0.74353 2.95001 -0.244781 -0.0666811 3.25452 -0.285717 0.350376 3.28005 -0.323454 0.742915 3.34551 
-0.061277 -0.713079 3.17992 -0.217549 -0.60507 3.12291 -0.172088 -0.595503 2.97356 -0.250543 -0.501804 2.75825 -0.326798 -0.452961 2.50485 -0.273359 -0.608636 3.27582 -0.470945 -0.518666 3.45509 -0.642927 -0.487705 3.64228 -0.223024 -0.0648632 3.14616 -0.194636 -0.0607804 3.02466 -0.259697 0.340834 3.00659 -0.311144 0.743378 2.94999 -0.248549 -0.0662112 3.25442 -0.286155 0.352833 3.28151 -0.321895 0.74329 3.34588 
-0.0635036 -0.711601 3.17891 -0.219929 -0.603245 3.12436 -0.175755 -0.594065 2.97273 -0.255348 -0.497983 2.75637 -0.319824 -0.447814 2.50071 -0.273688 -0.60759 3.27931 -0.468226 -0.520977 3.46464 -0.642442 -0.489647 3.66006 -0.223332 -0.0641542 3.14621 -0.195105 -0.0597997 3.0245 -0.260522 0.341508 3.00643 -0.310781 0.742719 2.95005 -0.250549 -0.0659701 3.25438 -0.285851 0.353075 3.28171 -0.32118 0.743148 3.34583 
-0.065153 -0.711499 3.178 -0.221356 -0.601263 3.12761 -0.178303 -0.593441 2.97234 -0.257521 -0.496505 2.75335 -0.31476 -0.446883 2.49603 -0.274526 -0.605643 3.28334 -0.466308 -0.523991 3.47334 -0.641921 -0.499333 3.67717 -0.223496 -0.0639171 3.14629 -0.194878 -0.0590309 3.02445 -0.26043 0.341599 3.00571 -0.31034 0.742675 2.95023 -0.25179 -0.0657796 3.25435 -0.28512 0.351489 3.28072 -0.320825 0.742322 3.34536 
-0.0658154 -0.710477 3.17717 -0.222937 -0.600704 3.1295 -0.178896 -0.592946 2.97214 -0.259364 -0.495593 2.75036 -0.31124 -0.447969 2.4929 -0.276762 -0.604748 3.28563 -0.466998 -0.527976 3.47887 -0.642064 -0.509878 3.68675 -0.22358 -0.064012 3.14637 -0.193862 -0.0595667 3.02444 -0.258709 0.34271 3.00625 -0.311065 0.743416 2.95006 -0.251303 -0.0656526 3.25431 -0.285361 0.350278 3.28015 -0.32049 0.741778 3.34397 
-0.0656345 -0.708064 3.17632 -0.225497 -0.599346 3.13117 -0.1802 -0.590489 2.97207 -0.260199 -0.49477 2.74672 -0.308562 -0.449725 2.49102 -0.279197 -0.603945 3.28738 -0.467656 -0.530102 3.48069 -0.641803 -0.516565 3.69041 -0.223638 -0.0645446 3.14641 -0.193471 -0.0603869 3.02454 -0.256896 0.342104 3.00635 -0.311334 0.743656 2.95 -0.252262 -0.0655551 3.25421 -0.285616 0.350335 3.27979 -0.320133 0.74096 3.34339 
