15 214 4
0 0 0 0 0 0
0.126709 -1.60177 -0.124246 3.89049 0.231406 3.58272
-0.00192581 3.06012 0.0318007 -0.628713 0.14033 7.36518
0.113973 1.61967 0.116063 -3.58253 0.439694 3.68812
-0.272945 -0.747407 3.62685 -0.30245 -0.550054 3.81179 -0.45551 -0.554408 3.76413 -0.474027 -0.273388 3.84823 -0.48775 -0.0340473 3.76706 -0.137791 -0.561504 3.83833 -0.120384 -0.280899 3.74219 -0.0655089 -0.0392651 3.66225 -0.286098 -0.0315637 3.7508 -0.386818 -0.0236911 3.73655 -0.378365 0.367194 3.71913 -0.375944 0.763525 3.77814 -0.174536 -0.0364781 3.79389 -0.143056 0.372346 3.7506 -0.151231 0.771511 3.84515 
-0.273184 -0.741931 3.62242 -0.30162 -0.550112 3.8137 -0.455189 -0.54991 3.76496 -0.474255 -0.275791 3.8339 -0.500897 -0.0378633 3.76106 -0.141205 -0.561448 3.83977 -0.125285 -0.271776 3.76001 -0.0692574 -0.0392056 3.66185 -0.289123 -0.0339868 3.76176 -0.386692 -0.0316132 3.73709 -0.378441 0.360362 3.71532 -0.376604 0.760043 3.77502 -0.173875 -0.0381588 3.7992 -0.147817 0.366918 3.75491 -0.149818 0.767453 3.83149 
-0.272183 -0.742053 3.61819 -0.301153 -0.550148 3.81455 -0.455051 -0.549989 3.7651 -0.478507 -0.28015 3.83415 -0.501146 -0.0380782 3.75387 -0.137121 -0.557102 3.84006 -0.12421 -0.271717 3.74205 -0.0731988 -0.0340158 3.66172 -0.289209 -0.0349018 3.7487 -0.382674 -0.0301001 3.73643 -0.380686 0.363394 3.7114 -0.377288 0.759554 3.77921 -0.169705 -0.0386698 3.79547 -0.157251 0.350834 3.76034 -0.14607 0.764991 3.83038 
-0.271983 -0.741914 3.61813 -0.301032 -0.556867 3.81461 -0.454623 -0.556631 3.76531 -0.478305 -0.280511 3.81991 -0.505401 -0.0308686 3.74693 -0.137027 -0.561638 3.83542 -0.12436 -0.271737 3.74189 -0.0733104 -0.0380025 3.66166 -0.289131 -0.0341642 3.74827 -0.382759 -0.0318361 3.7306 -0.381073 0.364285 3.70862 -0.377313 0.75763 3.77892 -0.169534 -0.0380423 3.79597 -0.156485 0.356415 3.76956 -0.144905 0.764514 3.83223 
-0.264001 -0.742089 3.61799 -0.301077 -0.558859 3.81413 -0.450566 -0.562288 3.76484 -0.474301 -0.275495 3.81957 -0.501158 -0.030704 3.74651 -0.128713 -0.561556 3.83987 -0.124304 -0.268089 3.75094 -0.0732119 -0.0384402 3.66163 -0.281058 -0.0360919 3.75112 -0.382378 -0.0337886 3.72555 -0.380992 0.362634 3.7078 -0.377638 0.756479 3.77475 -0.169294 -0.0380915 3.79975 -0.166597 0.35202 3.77311 -0.141134 0.764888 3.83685 
-0.255293 -0.746402 3.61787 -0.296692 -0.563382 3.81392 -0.445885 -0.560616 3.76531 -0.474034 -0.283315 3.81962 -0.492532 -0.0348504 3.74572 -0.124687 -0.567787 3.83942 -0.115365 -0.268322 3.74213 -0.0727862 -0.0429073 3.66174 -0.276214 -0.0338177 3.75292 -0.38267 -0.0293709 3.73 -0.377127 0.359806 3.70791 -0.377548 0.759667 3.77841 -0.168934 -0.03802 3.80106 -0.166777 0.351862 3.77682 -0.141137 0.764184 3.84187 
-0.247049 -0.742438 3.61768 -0.292581 -0.562938 3.81413 -0.445591 -0.562596 3.76594 -0.46972 -0.287156 3.83364 -0.475157 -0.0369723 3.7442 -0.117029 -0.567222 3.83727 -0.111282 -0.268317 3.74205 -0.0649562 -0.0436503 3.66191 -0.271778 -0.0337554 3.76184 -0.382624 -0.0287592 3.73578 -0.376522 0.359785 3.71846 -0.375943 0.761582 3.77774 -0.168864 -0.0355431 3.80097 -0.171559 0.358909 3.78304 -0.142032 0.766529 3.8411 
-0.255259 -0.746384 3.6179 -0.292633 -0.562912 3.81364 -0.445642 -0.562552 3.76545 -0.469717 -0.291531 3.8338 -0.470089 -0.0403669 3.74368 -0.112546 -0.56802 3.83804 -0.102685 -0.273387 3.74233 -0.0602363 -0.0392679 3.66212 -0.268207 -0.0294889 3.75728 -0.378564 -0.0223554 3.73053 -0.382218 0.370129 3.72566 -0.376237 0.761018 3.77729 -0.169262 -0.0356218 3.80019 -0.172467 0.354485 3.78311 -0.142432 0.764547 3.84066 
-0.255466 -0.746389 3.6179 -0.292616 -0.562967 3.814 -0.445535 -0.562588 3.76576 -0.465411 -0.279682 3.84781 -0.450386 -0.0394297 3.74215 -0.117189 -0.56987 3.83706 -0.0981127 -0.274097 3.7424 -0.0474476 -0.0393607 3.66273 -0.276327 -0.0274234 3.75824 -0.382727 -0.0257024 3.73538 -0.37625 0.37411 3.73705 -0.376639 0.763705 3.77664 -0.169151 -0.0316798 3.80054 -0.172985 0.360456 3.79322 -0.146348 0.765846 3.84108 
-0.256064 -0.74221 3.6223 -0.292522 -0.565289 3.81376 -0.445595 -0.564803 3.7652 -0.465221 -0.288325 3.84784 -0.436642 -0.0373737 3.74089 -0.116839 -0.56995 3.83786 -0.0984318 -0.278876 3.75118 -0.048302 -0.0399537 3.68939 -0.271613 -0.0231797 3.75062 -0.381478 -0.0188663 3.7329 -0.375522 0.375907 3.74427 -0.376589 0.762258 3.78035 -0.168786 -0.0290492 3.80126 -0.172806 0.366933 3.79762 -0.145841 0.766117 3.84188 
-0.256051 -0.742227 3.6223 -0.288778 -0.567089 3.81341 -0.445274 -0.568701 3.76614 -0.458905 -0.288681 3.85444 -0.427941 -0.0408424 3.74735 -0.113674 -0.57151 3.83536 -0.0943831 -0.278818 3.75125 -0.0400196 -0.0365462 3.6895 -0.276194 -0.026639 3.7502 -0.381457 -0.0230277 3.73315 -0.375139 0.378318 3.74512 -0.376617 0.762213 3.78039 -0.168699 -0.0311541 3.80172 -0.173687 0.364888 3.79634 -0.145412 0.764522 3.83732 
-0.255383 -0.737758 3.61775 -0.29309 -0.565286 3.8126 -0.444979 -0.564712 3.76689 -0.458396 -0.280827 3.85457 -0.427666 -0.0354473 3.74738 -0.110153 -0.573326 3.82164 -0.0900117 -0.279743 3.75134 -0.0398821 -0.0409624 3.68968 -0.276901 -0.0275921 3.75231 -0.381763 -0.0255254 3.73283 -0.375527 0.371742 3.74431 -0.376541 0.761743 3.77685 -0.169754 -0.0339228 3.79925 -0.173125 0.361877 3.79735 -0.145702 0.762061 3.83678 
-0.254702 -0.74527 3.61451 -0.293715 -0.565278 3.80639 -0.446066 -0.564693 3.75979 -0.458444 -0.279364 3.85452 -0.424994 -0.0354083 3.75438 -0.110516 -0.568897 3.8207 -0.0857591 -0.271327 3.7511 -0.0402414 -0.0412173 3.69841 -0.281584 -0.0279901 3.75336 -0.382138 -0.0261898 3.7318 -0.375763 0.373413 3.74713 -0.376801 0.758482 3.78174 -0.171361 -0.0331645 3.7987 -0.173565 0.358725 3.79996 -0.145959 0.763474 3.84165 
-0.25465 -0.745317 3.61459 -0.294036 -0.565244 3.80552 -0.446317 -0.564706 3.75882 -0.458906 -0.276037 3.85461 -0.433743 -0.0361963 3.7626 -0.110727 -0.568616 3.81671 -0.0894448 -0.27897 3.74234 -0.0402319 -0.0414295 3.69863 -0.281506 -0.0260408 3.75696 -0.382389 -0.0242011 3.73122 -0.375035 0.377313 3.75452 -0.376413 0.76319 3.78243 -0.171031 -0.0310886 3.79925 -0.174719 0.37213 3.79789 -0.151241 0.762978 3.84031 
-0.254314 -0.745257 3.60967 -0.289977 -0.562603 3.80219 -0.445668 -0.562514 3.76034 -0.464696 -0.280782 3.85487 -0.445239 -0.0357615 3.77827 -0.110721 -0.570871 3.81642 -0.0894669 -0.278985 3.74238 -0.0402645 -0.0414798 3.69863 -0.277844 -0.0265234 3.75876 -0.382738 -0.0238416 3.73391 -0.375312 0.375573 3.75405 -0.376461 0.763209 3.78237 -0.171302 -0.0349726 3.80176 -0.174738 0.373014 3.79743 -0.151115 0.764966 3.84041 
-0.254633 -0.744258 3.60512 -0.289498 -0.566954 3.80321 -0.44582 -0.567095 3.75975 -0.464663 -0.293263 3.85491 -0.466167 -0.0434165 3.7871 -0.114582 -0.572832 3.82084 -0.0896825 -0.278621 3.7424 -0.0403613 -0.0413815 3.69864 -0.28217 -0.023033 3.75543 -0.382233 -0.0212469 3.73181 -0.374782 0.379782 3.75546 -0.376432 0.763197 3.78243 -0.170592 -0.0280727 3.79761 -0.174849 0.378993 3.79725 -0.151112 0.764981 3.84038 
-0.261073 -0.743601 3.59782 -0.290909 -0.566537 3.79149 -0.446524 -0.56853 3.75513 -0.46945 -0.280858 3.85501 -0.470523 -0.0290691 3.7877 -0.114846 -0.576248 3.80951 -0.0944283 -0.282648 3.75135 -0.0404927 -0.0413668 3.69874 -0.283602 -0.0246401 3.74625 -0.382646 -0.021044 3.73397 -0.375311 0.380285 3.75438 -0.376605 0.76325 3.78217 -0.171757 -0.0300568 3.79156 -0.177157 0.37857 3.78664 -0.14703 0.76606 3.84015 
-0.260308 -0.738769 3.5893 -0.294769 -0.567005 3.79176 -0.446912 -0.568468 3.75413 -0.473481 -0.285715 3.85551 -0.4708 -0.0217232 3.79505 -0.119043 -0.572991 3.81253 -0.102783 -0.286075 3.75097 -0.043902 -0.0411048 3.68067 -0.282929 -0.021207 3.7448 -0.382617 -0.019341 3.73081 -0.375531 0.375508 3.74817 -0.376755 0.759117 3.77666 -0.171506 -0.0273952 3.79187 -0.176297 0.371691 3.79143 -0.146771 0.763914 3.8405 
-0.26785 -0.742649 3.58984 -0.298296 -0.568863 3.78936 -0.442183 -0.570355 3.75626 -0.473807 -0.281473 3.85555 -0.479201 -0.018981 3.80263 -0.118765 -0.572773 3.80932 -0.102468 -0.281969 3.74207 -0.0567685 -0.0397775 3.68034 -0.290826 -0.0230215 3.74208 -0.383053 -0.0193134 3.72993 -0.37527 0.377418 3.74877 -0.376664 0.759103 3.77679 -0.175881 -0.0305391 3.79093 -0.180015 0.37547 3.79212 -0.146815 0.763968 3.84043 
-0.268131 -0.74731 3.58435 -0.299711 -0.572157 3.77018 -0.446825 -0.570213 3.75492 -0.473807 -0.284326 3.85577 -0.487826 -0.0227198 3.80377 -0.120192 -0.580085 3.79971 -0.102161 -0.286504 3.73338 -0.0657623 -0.0398638 3.68007 -0.295536 -0.0234004 3.73729 -0.388542 -0.0203644 3.72339 -0.375667 0.37825 3.74811 -0.377034 0.761246 3.78149 -0.177051 -0.0343333 3.78537 -0.179765 0.36766 3.79276 -0.146941 0.76592 3.84028 
-0.274183 -0.742027 3.57758 -0.300062 -0.572281 3.75559 -0.451118 -0.568533 3.74926 -0.477823 -0.285036 3.85598 -0.487455 -0.031096 3.81083 -0.125078 -0.579994 3.79306 -0.106963 -0.290252 3.74187 -0.0663208 -0.0401729 3.68905 -0.292095 -0.0247295 3.73272 -0.393311 -0.0214939 3.71516 -0.379892 0.378611 3.74767 -0.376865 0.758947 3.78547 -0.177945 -0.0344265 3.77632 -0.180654 0.364667 3.7878 -0.147285 0.764171 3.83978 
-0.276797 -0.749447 3.57062 -0.299581 -0.572528 3.7519 -0.456038 -0.568025 3.74454 -0.47808 -0.280799 3.85611 -0.491337 -0.0282158 3.84731 -0.130047 -0.579445 3.78868 -0.111638 -0.303844 3.73305 -0.0749099 -0.0441691 3.70693 -0.300331 -0.0264207 3.73269 -0.397629 -0.0183887 3.70858 -0.380469 0.374326 3.74314 -0.37698 0.758902 3.78536 -0.182203 -0.0382493 3.77274 -0.183057 0.361468 3.79384 -0.154197 0.763617 3.84179 
-0.283889 -0.738326 3.55823 -0.309259 -0.571756 3.74515 -0.460632 -0.569708 3.74453 -0.485067 -0.290027 3.86311 -0.503022 -0.031561 3.85532 -0.143723 -0.58213 3.77125 -0.115357 -0.293631 3.73301 -0.0754642 -0.0399737 3.7156 -0.305603 -0.0296026 3.72686 -0.400871 -0.0219243 3.70732 -0.380913 0.374917 3.73697 -0.376715 0.762196 3.78053 -0.183834 -0.0367045 3.76056 -0.183598 0.359449 3.79309 -0.154915 0.766551 3.84108 
-0.285223 -0.739038 3.55107 -0.307091 -0.570482 3.74527 -0.463892 -0.569603 3.73965 -0.504443 -0.308882 3.85531 -0.511955 -0.0300691 3.86292 -0.149503 -0.579343 3.75777 -0.132108 -0.311485 3.73286 -0.0802122 -0.0446377 3.72496 -0.309059 -0.0337663 3.72806 -0.409086 -0.0264237 3.70943 -0.385264 0.373863 3.74187 -0.376617 0.762206 3.78072 -0.186582 -0.0386105 3.75762 -0.183297 0.363606 3.79379 -0.158726 0.763054 3.84117 
-0.306175 -0.738828 3.52954 -0.312662 -0.572606 3.72029 -0.471281 -0.568296 3.72655 -0.508913 -0.303246 3.88088 -0.511511 -0.051601 3.92057 -0.158128 -0.581975 3.73484 -0.136419 -0.310598 3.73257 -0.0800023 -0.0406697 3.72545 -0.312844 -0.0324837 3.7297 -0.418707 -0.0257696 3.71197 -0.385484 0.376018 3.73947 -0.376636 0.764151 3.78081 -0.195339 -0.0367459 3.75809 -0.181922 0.361962 3.80014 -0.155134 0.768736 3.84073 
-0.320663 -0.721561 3.49445 -0.311377 -0.572847 3.70891 -0.473908 -0.568741 3.71194 -0.521452 -0.307322 3.88875 -0.516315 -0.0597787 3.92832 -0.163107 -0.580637 3.71175 -0.137079 -0.315685 3.72392 -0.0831182 -0.0468886 3.7882 -0.314217 -0.0260861 3.73067 -0.427613 -0.0211188 3.72457 -0.3854 0.377923 3.74249 -0.376575 0.761634 3.77718 -0.205945 -0.0356114 3.75189 -0.181419 0.365435 3.79783 -0.155157 0.764092 3.84055 
-0.326622 -0.72352 3.47524 -0.322166 -0.566455 3.69919 -0.478814 -0.564861 3.69729 -0.515203 -0.308167 3.87821 -0.519812 -0.0649622 3.95703 -0.170191 -0.577011 3.69741 -0.141051 -0.316072 3.72369 -0.0837981 -0.0564472 3.7887 -0.318204 -0.0328251 3.72842 -0.441102 -0.0287412 3.71869 -0.389484 0.374878 3.7431 -0.380407 0.760725 3.77736 -0.22124 -0.0407452 3.76091 -0.18036 0.358539 3.79634 -0.15509 0.764053 3.84085 
-0.330715 -0.722529 3.46672 -0.33176 -0.566029 3.67416 -0.482437 -0.559147 3.66859 -0.531279 -0.308062 3.86815 -0.533035 -0.0692929 3.97169 -0.173825 -0.575595 3.67738 -0.136549 -0.317126 3.74042 -0.0783788 -0.0800412 3.79945 -0.321495 -0.0323898 3.73895 -0.440927 -0.0287734 3.71948 -0.393428 0.377474 3.74378 -0.376539 0.764083 3.78104 -0.225869 -0.0401828 3.76522 -0.185284 0.361219 3.79131 -0.15516 0.766226 3.84049 
-0.336808 -0.711912 3.45275 -0.339839 -0.556973 3.66273 -0.498635 -0.556848 3.66366 -0.540994 -0.308215 3.858 -0.544287 -0.0805329 3.97182 -0.174159 -0.5669 3.66008 -0.137766 -0.317132 3.71956 -0.0917756 -0.0814203 3.78804 -0.321043 -0.0322217 3.73488 -0.440838 -0.0271778 3.7195 -0.397528 0.377073 3.74407 -0.376278 0.764023 3.78142 -0.228344 -0.0383284 3.7558 -0.18388 0.368852 3.78785 -0.15374 0.766462 3.83714 
-0.359418 -0.714052 3.43716 -0.356994 -0.55429 3.64708 -0.525193 -0.549496 3.65348 -0.543308 -0.293353 3.8462 -0.56611 -0.0479637 3.95792 -0.200214 -0.563656 3.65584 -0.147374 -0.320285 3.71533 -0.104266 -0.0666335 3.76114 -0.33602 -0.0267506 3.71875 -0.44638 -0.0213944 3.70695 -0.411049 0.392083 3.73419 -0.380387 0.76023 3.78131 -0.23571 -0.0354006 3.7296 -0.179976 0.377602 3.75164 -0.161999 0.768844 3.83176 
-0.35945 -0.713269 3.43311 -0.364572 -0.556803 3.64995 -0.531462 -0.552286 3.65951 -0.548218 -0.292452 3.83779 -0.569763 -0.0423362 3.92257 -0.208791 -0.56591 3.65595 -0.150901 -0.318934 3.65952 -0.104329 -0.0453979 3.71558 -0.339216 -0.0272786 3.71225 -0.443315 -0.0250056 3.70975 -0.411341 0.383542 3.72032 -0.380867 0.759559 3.78043 -0.238502 -0.0335061 3.7142 -0.178274 0.370373 3.70717 -0.161463 0.762177 3.82331 
-0.357806 -0.723392 3.42938 -0.369395 -0.553053 3.64924 -0.535827 -0.548351 3.64573 -0.551498 -0.28202 3.81121 -0.591838 -0.0355719 3.85659 -0.213011 -0.562089 3.65692 -0.141913 -0.31241 3.67135 -0.105386 -0.0389363 3.6609 -0.343853 -0.0293244 3.69376 -0.445515 -0.0260684 3.67825 -0.413171 0.380936 3.69708 -0.381033 0.759326 3.77631 -0.247773 -0.0402839 3.69727 -0.174229 0.358785 3.69229 -0.161787 0.751598 3.80679 
-0.358258 -0.733752 3.4431 -0.368618 -0.557246 3.65092 -0.536587 -0.556207 3.65391 -0.573285 -0.272604 3.7461 -0.604083 -0.0151195 3.75546 -0.216906 -0.56611 3.64807 -0.146107 -0.314513 3.65002 -0.0966194 -0.0438508 3.64224 -0.344801 -0.0383229 3.70797 -0.445094 -0.0329928 3.71713 -0.418539 0.367349 3.69315 -0.378211 0.764069 3.76701 -0.244912 -0.0431646 3.69353 -0.170884 0.335106 3.60085 -0.160603 0.733419 3.75132 
-0.360857 -0.728877 3.4516 -0.373683 -0.556994 3.65391 -0.543304 -0.559497 3.65804 -0.56935 -0.278274 3.74175 -0.578566 -0.0399422 3.69696 -0.217062 -0.55813 3.65008 -0.144336 -0.301349 3.61353 -0.095441 -0.0409714 3.56028 -0.345806 -0.0381646 3.69866 -0.451094 -0.034213 3.71027 -0.416999 0.372262 3.69673 -0.378919 0.762975 3.78169 -0.243292 -0.0472184 3.67165 -0.164132 0.332531 3.56366 -0.145524 0.732044 3.67523 
-0.353186 -0.734794 3.45547 -0.377179 -0.554814 3.64699 -0.542003 -0.552687 3.63559 -0.58264 -0.266244 3.68227 -0.593085 -0.0275977 3.5524 -0.216054 -0.56066 3.65307 -0.135068 -0.302092 3.57753 -0.0948794 -0.087724 3.43287 -0.345732 -0.0357046 3.64104 -0.449672 -0.0300167 3.66497 -0.41705 0.381548 3.66779 -0.377865 0.760786 3.77751 -0.243248 -0.0453522 3.61503 -0.167987 0.327193 3.49449 -0.142106 0.738067 3.5487 
-0.352394 -0.7387 3.45201 -0.375988 -0.55325 3.64443 -0.540471 -0.550724 3.61657 -0.606818 -0.263734 3.6169 -0.584735 -0.0427068 3.44515 -0.218989 -0.558289 3.64728 -0.124525 -0.298248 3.58189 -0.0793472 -0.128536 3.41189 -0.348336 -0.0393348 3.63301 -0.449504 -0.033717 3.64554 -0.416341 0.379347 3.64271 -0.378081 0.756297 3.77288 -0.239348 -0.0483087 3.60884 -0.165503 0.325185 3.44111 -0.138192 0.742363 3.44207 
-0.343104 -0.734255 3.44772 -0.374103 -0.550091 3.62494 -0.541237 -0.549341 3.59226 -0.610614 -0.269597 3.5685 -0.564224 -0.0896946 3.39812 -0.219734 -0.550912 3.63551 -0.109195 -0.282925 3.55786 -0.118253 -0.173453 3.3928 -0.342697 -0.0407767 3.62063 -0.448152 -0.0370125 3.63698 -0.411557 0.382023 3.63477 -0.378661 0.756283 3.77202 -0.237476 -0.0482673 3.60096 -0.164078 0.32097 3.41704 -0.131852 0.725965 3.37095 
-0.343261 -0.742933 3.43159 -0.375521 -0.544574 3.59973 -0.546265 -0.544752 3.58079 -0.618072 -0.268517 3.51816 -0.498817 -0.162294 3.33774 -0.21621 -0.55082 3.63418 -0.106747 -0.280132 3.53045 -0.199733 -0.254988 3.34084 -0.341408 -0.0384336 3.57297 -0.448073 -0.0313433 3.58685 -0.41972 0.381116 3.60618 -0.377997 0.756131 3.77267 -0.236671 -0.0457061 3.54753 -0.171146 0.317817 3.36945 -0.134404 0.72052 3.29214 
-0.345736 -0.727606 3.42176 -0.372094 -0.541224 3.58065 -0.542584 -0.53936 3.57504 -0.609219 -0.27402 3.47689 -0.447997 -0.261107 3.29231 -0.216326 -0.544524 3.60068 -0.10745 -0.283258 3.49741 -0.216727 -0.30422 3.31917 -0.342632 -0.0343155 3.55755 -0.451855 -0.0265021 3.57767 -0.414557 0.387273 3.56748 -0.377317 0.754957 3.7632 -0.230318 -0.0387172 3.53334 -0.177722 0.324169 3.33243 -0.142179 0.722247 3.20009 
-0.340587 -0.720821 3.41004 -0.364965 -0.528974 3.56357 -0.536991 -0.521491 3.56813 -0.576465 -0.277366 3.4315 -0.397161 -0.333054 3.27484 -0.208379 -0.533628 3.56529 -0.111222 -0.285829 3.46212 -0.250202 -0.326455 3.28982 -0.334577 -0.0218631 3.53 -0.429698 -0.0170074 3.55701 -0.417838 0.405331 3.53904 -0.377557 0.748804 3.75733 -0.215309 -0.024538 3.49328 -0.180439 0.332613 3.27017 -0.144524 0.712948 3.13789 
-0.34186 -0.704736 3.39376 -0.356699 -0.513212 3.54245 -0.524534 -0.510361 3.54052 -0.559427 -0.272324 3.42718 -0.370711 -0.359145 3.2708 -0.205907 -0.519659 3.54155 -0.0971002 -0.273525 3.42749 -0.238666 -0.35425 3.27401 -0.334361 -0.00188184 3.4823 -0.431662 0.00466971 3.52438 -0.420136 0.412471 3.50215 -0.378351 0.748877 3.74693 -0.213098 -0.00683517 3.45556 -0.173253 0.333662 3.22171 -0.145838 0.715564 3.08806 
-0.326838 -0.684535 3.36955 -0.339452 -0.480435 3.52143 -0.491893 -0.486242 3.52906 -0.525186 -0.245569 3.38508 -0.350381 -0.339879 3.27803 -0.19504 -0.48106 3.51658 -0.0760572 -0.243176 3.38192 -0.212259 -0.328529 3.25828 -0.321158 0.0361115 3.45702 -0.419362 0.0462409 3.48319 -0.431367 0.444072 3.4595 -0.379063 0.746504 3.74038 -0.203525 0.0293976 3.40249 -0.158064 0.341855 3.16338 -0.153455 0.735592 3.05647 
-0.321367 -0.658576 3.34123 -0.336559 -0.450424 3.4782 -0.491796 -0.445907 3.4968 -0.524028 -0.219385 3.37015 -0.345562 -0.307941 3.25957 -0.186134 -0.458027 3.46276 -0.067464 -0.205126 3.34501 -0.205406 -0.302729 3.24188 -0.294338 0.0635683 3.41092 -0.408169 0.0628931 3.46785 -0.430022 0.491668 3.40665 -0.376114 0.74314 3.73489 -0.197799 0.0549614 3.37503 -0.150241 0.348541 3.09526 -0.15166 0.749601 3.01921 
-0.30936 -0.624996 3.30077 -0.325177 -0.407681 3.45613 -0.475927 -0.409415 3.4634 -0.520799 -0.17726 3.32673 -0.33819 -0.279968 3.21699 -0.175979 -0.413576 3.44106 -0.0681835 -0.170106 3.3033 -0.170853 -0.232291 3.20486 -0.295899 0.0957772 3.38491 -0.394628 0.108423 3.42148 -0.428608 0.522967 3.37004 -0.380297 0.733312 3.71827 -0.193245 0.0759259 3.34463 -0.14482 0.346056 3.0288 -0.151245 0.750911 3.00985 
-0.303606 -0.565191 3.2494 -0.301795 -0.337692 3.40094 -0.457279 -0.342092 3.41632 -0.515209 -0.10759 3.29953 -0.321452 -0.215042 3.20211 -0.14136 -0.343994 3.39731 -0.060822 -0.0965733 3.24773 -0.179242 -0.193355 3.16623 -0.289102 0.150965 3.34642 -0.385112 0.163637 3.38789 -0.413867 0.578671 3.31343 -0.379223 0.72244 3.70818 -0.184533 0.134686 3.29364 -0.142531 0.368209 2.96175 -0.151605 0.756692 3.00444 
-0.289127 -0.517925 3.20944 -0.295963 -0.309148 3.36875 -0.448266 -0.309955 3.36477 -0.509727 -0.0607604 3.26239 -0.334407 -0.148746 3.16538 -0.134085 -0.310979 3.35764 -0.0598573 -0.0543771 3.21781 -0.177903 -0.133194 3.1171 -0.288859 0.185436 3.3153 -0.378984 0.19726 3.34789 -0.398473 0.615952 3.3019 -0.379286 0.710017 3.7026 -0.179864 0.167415 3.27273 -0.137565 0.379669 2.93533 -0.151335 0.760858 2.99546 
-0.272398 -0.477 3.16807 -0.289331 -0.256139 3.34161 -0.442558 -0.259315 3.33115 -0.504769 -0.00313811 3.25173 -0.335393 -0.0919848 3.13394 -0.12495 -0.258502 3.34473 -0.052032 0.00146248 3.20855 -0.183515 -0.0730069 3.08155 -0.280732 0.233423 3.29239 -0.369771 0.248189 3.33425 -0.396631 0.663857 3.27686 -0.374773 0.699683 3.6903 -0.174563 0.216642 3.24406 -0.138849 0.390022 2.89709 -0.151664 0.763729 2.99101 
-0.266951 -0.438931 3.14674 -0.281768 -0.231026 3.32442 -0.442304 -0.221727 3.31212 -0.49572 0.024843 3.23674 -0.320115 -0.0732074 3.14094 -0.121673 -0.233821 3.31922 -0.0451811 0.0366051 3.16514 -0.175025 -0.0401541 3.08931 -0.272963 0.256211 3.28597 -0.370764 0.272193 3.31543 -0.370944 0.696253 3.24102 -0.348954 0.690719 3.66189 -0.172264 0.242223 3.23105 -0.138877 0.397373 2.88212 -0.151539 0.765917 2.99115 
-0.249136 -0.392982 3.10975 -0.262387 -0.177803 3.27952 -0.428296 -0.182828 3.27137 -0.455602 0.0887649 3.19894 -0.307816 -0.0060333 3.11598 -0.113001 -0.185688 3.29463 -0.0297097 0.0743025 3.15684 -0.195844 0.00564942 3.02244 -0.245572 0.30326 3.26295 -0.359997 0.320239 3.29184 -0.38599 0.737787 3.22812 -0.351613 0.697556 3.64077 -0.156048 0.292827 3.21544 -0.14222 0.401948 2.86377 -0.151405 0.7646 2.9871 
-0.240743 -0.380409 3.09608 -0.258303 -0.162652 3.26991 -0.426202 -0.159313 3.24827 -0.453829 0.113683 3.18783 -0.288845 0.0192 3.10108 -0.10361 -0.166742 3.28613 -0.0299116 0.106393 3.14742 -0.179027 0.0231591 3.04816 -0.241243 0.316224 3.25627 -0.3606 0.33659 3.28617 -0.385586 0.745231 3.21986 -0.348817 0.698412 3.63572 -0.152311 0.300654 3.21196 -0.142021 0.408894 2.85529 -0.151121 0.75872 2.98271 
-0.237901 -0.357584 3.08826 -0.2538 -0.144368 3.25409 -0.415791 -0.138482 3.22835 -0.450198 0.123524 3.18141 -0.281934 0.032849 3.09519 -0.0987578 -0.148786 3.27801 -0.0334136 0.125449 3.14371 -0.172968 0.0524396 2.98778 -0.236932 0.330253 3.24534 -0.35563 0.355686 3.27647 -0.377786 0.75859 3.21842 -0.352478 0.709574 3.62147 -0.146463 0.31376 3.213 -0.141551 0.412405 2.85044 -0.151292 0.761337 2.9915 
-0.228884 -0.340342 3.0699 -0.240217 -0.119356 3.23678 -0.412358 -0.119241 3.21094 -0.446392 0.151809 3.18559 -0.26928 0.0609115 3.07932 -0.0873397 -0.123734 3.25345 -0.0321068 0.15429 3.14331 -0.182356 0.0810644 2.99462 -0.237307 0.351545 3.24945 -0.355692 0.3726 3.28159 -0.369522 0.78406 3.21787 -0.348179 0.712559 3.61749 -0.149307 0.335208 3.21366 -0.136674 0.408389 2.83768 -0.15121 0.757128 2.98667 
-0.22762 -0.318082 3.03909 -0.23434 -0.105159 3.21433 -0.410757 -0.114888 3.19456 -0.443288 0.162185 3.18645 -0.268361 0.08741 3.07271 -0.0816882 -0.111312 3.23581 -0.0277416 0.169362 3.13492 -0.190554 0.096683 2.97351 -0.236688 0.358871 3.24482 -0.35515 0.374988 3.28246 -0.376214 0.788302 3.20966 -0.355874 0.730544 3.60359 -0.144284 0.341315 3.20867 -0.13679 0.409904 2.83289 -0.151145 0.759287 2.98675 
-0.220864 -0.321438 3.0344 -0.229012 -0.106908 3.21082 -0.39749 -0.114078 3.18055 -0.444559 0.162722 3.18371 -0.266702 0.0943299 3.06902 -0.0731071 -0.107066 3.23583 -0.0279715 0.169502 3.13466 -0.180867 0.0979203 2.96627 -0.236795 0.356404 3.24809 -0.350532 0.375147 3.28195 -0.385488 0.785984 3.2186 -0.347391 0.717848 3.60793 -0.141583 0.34411 3.24203 -0.136924 0.413539 2.83733 -0.151122 0.755462 2.98681 
-0.212702 -0.333228 3.02182 -0.229961 -0.121927 3.20388 -0.393142 -0.128831 3.18988 -0.442101 0.134456 3.19725 -0.247932 0.0667093 3.09247 -0.0718833 -0.12206 3.21932 -0.0258515 0.164534 3.12591 -0.186863 0.0941883 2.97407 -0.23763 0.343409 3.26083 -0.352409 0.362613 3.28477 -0.385622 0.766549 3.23542 -0.342683 0.719927 3.63528 -0.143241 0.323761 3.21272 -0.140402 0.410879 2.83782 -0.151316 0.761703 2.99577 
-0.204267 -0.351619 3.02836 -0.225668 -0.146131 3.20331 -0.393663 -0.14873 3.1998 -0.447821 0.113416 3.19799 -0.274795 0.0355828 3.10133 -0.0625354 -0.145052 3.21732 -0.016468 0.154435 3.11566 -0.184776 0.0986245 2.96553 -0.237203 0.321391 3.25807 -0.352193 0.334435 3.286 -0.385921 0.748425 3.23615 -0.321681 0.691839 3.64003 -0.144302 0.305239 3.21151 -0.141241 0.406971 2.8423 -0.151149 0.75597 2.99564 
-0.184541 -0.393391 3.04051 -0.220613 -0.180598 3.20293 -0.39303 -0.198577 3.20282 -0.475791 0.0604766 3.19828 -0.318272 0.0103503 3.0854 -0.0600125 -0.179086 3.21355 -0.0190151 0.103721 3.09358 -0.169967 0.0515056 3.01427 -0.23549 0.289932 3.26418 -0.356772 0.299548 3.27961 -0.372164 0.576164 3.06669 -0.336993 0.645095 3.34414 -0.139251 0.27838 3.26953 -0.146445 0.520479 3.00003 -0.154853 0.808794 3.31031 
-0.177808 -0.450834 3.05181 -0.225282 -0.234783 3.2012 -0.393916 -0.243767 3.20158 -0.480485 0.000670432 3.19121 -0.329577 -0.0295811 3.07191 -0.059349 -0.217617 3.21711 -0.0180027 0.0612379 3.08638 -0.180164 -0.0143219 3.00827 -0.236168 0.244872 3.25414 -0.357097 0.257232 3.28765 -0.390717 0.671762 3.26121 -0.373681 0.701508 3.68605 -0.148432 0.23682 3.21335 -0.1379 0.405066 2.8513 -0.151058 0.759944 3.00039 
-0.180013 -0.483436 3.07091 -0.221179 -0.278538 3.20912 -0.395384 -0.298801 3.2173 -0.488632 -0.0565497 3.14727 -0.319622 -0.0900514 3.07285 -0.0602837 -0.266365 3.21615 -0.0202819 0.00898039 3.08371 -0.180292 -0.0723668 3.00641 -0.243896 0.20701 3.24675 -0.364094 0.214394 3.2906 -0.391537 0.625893 3.27664 -0.373306 0.698065 3.69416 -0.155896 0.198487 3.20262 -0.138124 0.400437 2.85542 -0.151209 0.755236 2.99583 
-0.182784 -0.562234 3.10236 -0.226366 -0.374526 3.21898 -0.389734 -0.388784 3.23747 -0.493452 -0.199122 3.11311 -0.307962 -0.228126 3.1071 -0.0613857 -0.367175 3.21551 -0.0136543 -0.074794 3.07397 -0.171849 -0.164828 2.9956 -0.246414 0.133118 3.231 -0.364464 0.135119 3.2881 -0.386717 0.536224 3.29897 -0.377846 0.701089 3.69024 -0.150251 0.129371 3.19543 -0.138014 0.39456 2.87233 -0.151281 0.751774 2.99565 
-0.188798 -0.64288 3.10956 -0.227913 -0.456841 3.23355 -0.395836 -0.471137 3.23956 -0.505303 -0.299981 3.1484 -0.333451 -0.287957 3.02112 -0.0642468 -0.446506 3.23701 -0.00942884 -0.195739 3.07522 -0.158837 -0.2757 3.01245 -0.240737 0.0645805 3.22229 -0.358661 0.060795 3.27669 -0.386075 0.467217 3.31359 -0.377168 0.688825 3.65474 -0.144353 0.0648391 3.17004 -0.138672 0.368585 2.89244 -0.15133 0.752071 2.99557 
-0.179999 -0.710514 3.11648 -0.228695 -0.523117 3.23863 -0.392819 -0.542782 3.2335 -0.507091 -0.347069 3.10328 -0.34744 -0.377294 3.05211 -0.0643483 -0.515628 3.23857 -0.0110814 -0.267702 3.08185 -0.174447 -0.356681 3.00565 -0.247592 -0.00640915 3.21939 -0.363986 -0.00517265 3.2581 -0.381863 0.390555 3.31654 -0.381808 0.66342 3.63161 -0.14674 -0.00568069 3.17327 -0.136942 0.34771 2.95156 -0.146753 0.74532 2.99543 
-0.195286 -0.821458 3.09627 -0.233814 -0.663507 3.24406 -0.392813 -0.674695 3.23935 -0.488182 -0.504454 3.12483 -0.320326 -0.514279 3.06802 -0.0698636 -0.654544 3.25033 -0.011667 -0.371408 3.0984 -0.198544 -0.454288 2.98612 -0.258893 -0.13735 3.22881 -0.363819 -0.140084 3.24708 -0.382746 0.267074 3.29494 -0.39382 0.610546 3.54732 -0.152252 -0.127212 3.20273 -0.134395 0.270697 3.05167 -0.103216 0.67237 3.01091 
-0.224765 -0.934248 3.09759 -0.238795 -0.74697 3.24942 -0.405713 -0.755792 3.24626 -0.488847 -0.54497 3.15162 -0.302117 -0.60311 3.12186 -0.0754933 -0.747595 3.25572 -0.012596 -0.476466 3.14212 -0.192841 -0.556575 2.9992 -0.27597 -0.208446 3.22454 -0.373882 -0.209007 3.2355 -0.390863 0.20694 3.24804 -0.373924 0.577577 3.42366 -0.157687 -0.205103 3.20329 -0.125388 0.20959 3.12599 -0.104358 0.620001 3.12852 
-0.225871 -0.990875 3.09472 -0.237653 -0.811419 3.25336 -0.417104 -0.816415 3.26315 -0.503308 -0.578607 3.17444 -0.329604 -0.619943 3.1098 -0.0694195 -0.806425 3.24753 -0.00884409 -0.538923 3.14426 -0.182091 -0.590822 2.99306 -0.258602 -0.278119 3.23087 -0.363615 -0.281159 3.23618 -0.386613 0.15097 3.17171 -0.376981 0.559215 3.24227 -0.148293 -0.271729 3.22544 -0.124891 0.151183 3.1796 -0.125006 0.5281 3.32884 
-0.226084 -1.00056 3.10166 -0.242834 -0.82113 3.25294 -0.422148 -0.828142 3.26791 -0.499974 -0.57511 3.19871 -0.312949 -0.607605 3.13291 -0.0723157 -0.819403 3.24544 -0.00985555 -0.544443 3.15619 -0.174037 -0.596087 3.0198 -0.250786 -0.281369 3.23976 -0.360021 -0.285175 3.23215 -0.388847 0.138269 3.15224 -0.386589 0.559112 3.15632 -0.139564 -0.27803 3.23841 -0.122242 0.129491 3.23712 -0.126124 0.511616 3.41885 
-0.233284 -0.9945 3.08825 -0.260144 -0.804587 3.25059 -0.427135 -0.809509 3.2673 -0.495748 -0.545291 3.23995 -0.318109 -0.567141 3.12506 -0.0903204 -0.804751 3.23993 -0.0064403 -0.526866 3.16161 -0.167462 -0.559227 3.02973 -0.243102 -0.280229 3.25173 -0.359771 -0.277365 3.23689 -0.36485 0.134733 3.11721 -0.383261 0.551183 3.0222 -0.13619 -0.276468 3.25455 -0.129196 0.142931 3.2971 -0.135901 0.518933 3.50238 
-0.238589 -0.952016 3.06578 -0.261054 -0.757528 3.23859 -0.427989 -0.758823 3.25522 -0.506864 -0.486605 3.26934 -0.323427 -0.503121 3.12362 -0.103315 -0.771503 3.22727 -0.00832245 -0.483223 3.15221 -0.175543 -0.504082 3.00379 -0.241909 -0.240748 3.25156 -0.357765 -0.236514 3.23337 -0.354926 0.161417 3.06499 -0.37311 0.575269 2.90099 -0.133115 -0.241891 3.26561 -0.135875 0.189897 3.37641 -0.151619 0.554007 3.56922 
-0.258854 -0.893873 3.05716 -0.269771 -0.676639 3.23621 -0.431067 -0.680708 3.24246 -0.509629 -0.386514 3.27226 -0.3324 -0.404097 3.14466 -0.115464 -0.683881 3.23232 -0.00918912 -0.41856 3.15793 -0.163739 -0.413301 3.02406 -0.237397 -0.153103 3.25294 -0.349193 -0.152557 3.20939 -0.338825 0.231102 3.01586 -0.318181 0.636986 2.92149 -0.130744 -0.158034 3.28754 -0.141111 0.275806 3.38681 -0.202568 0.627855 3.60195 
-0.271108 -0.803979 3.05142 -0.272672 -0.59849 3.22576 -0.431665 -0.589533 3.21026 -0.508814 -0.319296 3.25749 -0.356904 -0.336467 3.1222 -0.11473 -0.608208 3.24289 -0.0102587 -0.326919 3.17689 -0.167967 -0.329478 3.03598 -0.243548 -0.0855784 3.26159 -0.355923 -0.0800485 3.20374 -0.325093 0.277739 2.97306 -0.31406 0.685983 2.98328 -0.131544 -0.0923164 3.31844 -0.131417 0.352435 3.35304 -0.222603 0.672507 3.62781 
-0.270965 -0.691926 3.03539 -0.274881 -0.504399 3.22393 -0.434788 -0.490724 3.19037 -0.507476 -0.230188 3.21116 -0.348656 -0.246935 3.14137 -0.115723 -0.52067 3.25395 -0.0119205 -0.227964 3.2276 -0.17843 -0.206145 3.04066 -0.239221 0.0108735 3.27099 -0.351211 0.0130277 3.19973 -0.311189 0.344676 2.93304 -0.307705 0.752321 3.01624 -0.135315 0.00459977 3.33341 -0.131915 0.438934 3.34066 -0.243246 0.701811 3.65663 
-0.27705 -0.603639 3.02473 -0.279635 -0.387367 3.21485 -0.438782 -0.377311 3.18759 -0.498714 -0.100157 3.20409 -0.335309 -0.124225 3.11281 -0.119541 -0.402962 3.23274 -0.0359225 -0.141804 3.23181 -0.185118 -0.137233 3.03789 -0.247819 0.110942 3.28374 -0.355501 0.104981 3.21252 -0.301498 0.373086 2.90138 -0.275382 0.743253 3.00052 -0.139738 0.112124 3.34245 -0.0961834 0.530915 3.30028 -0.247194 0.712042 3.64758 
-0.275499 -0.516701 3.01962 -0.283194 -0.313414 3.20829 -0.44788 -0.294845 3.17119 -0.4961 -0.0351553 3.19687 -0.327474 -0.0543786 3.1002 -0.119043 -0.336813 3.24275 -0.0493631 -0.0443324 3.21817 -0.206562 -0.0586624 3.03143 -0.244796 0.174718 3.2817 -0.349014 0.177691 3.21131 -0.298232 0.378594 2.87395 -0.280432 0.749083 3.00528 -0.136321 0.182529 3.3453 -0.0592854 0.59421 3.26147 -0.229526 0.692618 3.62911 
-0.288085 -0.438523 3.00982 -0.286494 -0.236131 3.20709 -0.451169 -0.212873 3.15896 -0.488795 0.068433 3.19103 -0.336675 0.0152429 3.06 -0.123527 -0.246012 3.23578 -0.0409272 -0.012264 3.23111 -0.188349 0.0164446 3.0334 -0.240438 0.245177 3.27957 -0.348582 0.241047 3.2294 -0.302846 0.403036 2.86304 -0.283551 0.757817 3.01005 -0.131813 0.241566 3.34016 -0.0603051 0.658078 3.24714 -0.229673 0.686513 3.62505 
-0.315487 -0.374361 3.00912 -0.292312 -0.182264 3.19832 -0.46079 -0.157157 3.16424 -0.469764 0.13075 3.17776 -0.307937 0.0453439 3.08454 -0.131088 -0.202525 3.23438 -0.0307896 0.0473016 3.21949 -0.170082 0.0452021 3.05405 -0.234931 0.284493 3.28379 -0.347874 0.280305 3.22923 -0.306315 0.422926 2.85816 -0.283755 0.760463 3.01423 -0.131025 0.292012 3.33446 -0.0597116 0.710804 3.23317 -0.220217 0.697919 3.62441 
-0.323419 -0.341418 3.00728 -0.29192 -0.145147 3.1987 -0.4596 -0.12245 3.17842 -0.475244 0.163364 3.17703 -0.353638 0.0920849 3.03866 -0.134545 -0.172698 3.21987 -0.0228898 0.063488 3.21179 -0.168275 0.0772635 3.05439 -0.229563 0.322723 3.28022 -0.338776 0.312646 3.24945 -0.306604 0.424443 2.85402 -0.288379 0.757573 3.01045 -0.130457 0.323329 3.31832 -0.0592582 0.745807 3.20394 -0.214905 0.702821 3.59288 
-0.330127 -0.316626 3.00238 -0.292931 -0.118832 3.20061 -0.4617 -0.0920625 3.19414 -0.472857 0.189991 3.18403 -0.291664 0.102492 3.07304 -0.135757 -0.145695 3.21502 -0.0250058 0.0914454 3.21202 -0.165992 0.101651 3.04216 -0.225713 0.34776 3.29614 -0.343178 0.349419 3.29018 -0.322105 0.555749 3.01322 -0.304706 0.737611 3.29517 -0.12905 0.346917 3.30055 -0.0721822 0.654943 3.04029 -0.20607 0.73862 3.30251 
-0.330778 -0.295639 3.0004 -0.29536 -0.101157 3.20316 -0.460117 -0.0808346 3.1768 -0.467225 0.202653 3.18241 -0.290272 0.12472 3.06693 -0.138402 -0.124667 3.21746 -0.0328882 0.118584 3.19414 -0.169669 0.123102 3.03314 -0.22965 0.366007 3.27173 -0.334884 0.359009 3.25174 -0.309771 0.444039 2.83644 -0.287963 0.772261 3.00965 -0.126033 0.37249 3.30374 -0.0959741 0.796285 3.18875 -0.223101 0.693397 3.57055 
-0.332666 -0.291452 2.99723 -0.290387 -0.0856975 3.19838 -0.45901 -0.0744059 3.17372 -0.46637 0.210288 3.18191 -0.28472 0.140555 3.05748 -0.134568 -0.111413 3.21733 -0.0344707 0.129422 3.16794 -0.171791 0.143311 3.00075 -0.230369 0.368498 3.2691 -0.335026 0.365045 3.22995 -0.309305 0.43216 2.83281 -0.291611 0.758659 3.0016 -0.127307 0.376793 3.29139 -0.101313 0.805697 3.18389 -0.205345 0.701764 3.56601 
-0.323459 -0.288493 2.98558 -0.287778 -0.081498 3.1901 -0.459229 -0.0678599 3.1664 -0.47123 0.215292 3.17849 -0.293859 0.146896 3.05656 -0.131406 -0.105419 3.20695 -0.031596 0.129906 3.16921 -0.162762 0.145292 3.00304 -0.229752 0.368532 3.25594 -0.340435 0.36833 3.2048 -0.305919 0.436752 2.82836 -0.283115 0.762224 2.99675 -0.131162 0.377298 3.2867 -0.0965363 0.80626 3.18831 -0.196999 0.70788 3.56571 
-0.32353 -0.291632 2.98525 -0.287561 -0.085867 3.18163 -0.459861 -0.0723421 3.16011 -0.467661 0.219246 3.16906 -0.288098 0.13641 3.06049 -0.127008 -0.109363 3.20682 -0.0384772 0.130309 3.16851 -0.165789 0.131608 3.01372 -0.233618 0.364808 3.25557 -0.347748 0.366231 3.19502 -0.305684 0.437147 2.82816 -0.283142 0.761858 2.99658 -0.131005 0.375592 3.29154 -0.0996853 0.807088 3.19367 -0.214333 0.703256 3.5712 
-0.320305 -0.308427 2.99036 -0.287129 -0.117627 3.16974 -0.455856 -0.0924851 3.14121 -0.459139 0.186859 3.12805 -0.330533 0.116259 3.03305 -0.12258 -0.144845 3.19629 -0.0258094 0.102386 3.16655 -0.159004 0.0944222 3.00971 -0.228923 0.346295 3.246 -0.34368 0.342822 3.19672 -0.302407 0.431777 2.82793 -0.279566 0.764368 2.99172 -0.131555 0.353345 3.27951 -0.113348 0.769536 3.19558 -0.243065 0.695695 3.58362 
-0.318636 -0.342028 2.98398 -0.287771 -0.139562 3.16369 -0.453218 -0.114424 3.1346 -0.459307 0.153283 3.11902 -0.303551 0.0851205 3.02284 -0.12261 -0.162939 3.19874 -0.0169522 0.0805873 3.159 -0.155512 0.0790761 2.96233 -0.228739 0.325814 3.23267 -0.338085 0.312118 3.17914 -0.301969 0.432225 2.82332 -0.279472 0.764734 2.99219 -0.131113 0.329176 3.28115 -0.118027 0.742433 3.20053 -0.238253 0.691289 3.59752 
-0.319855 -0.364104 2.98726 -0.281099 -0.172136 3.16427 -0.443185 -0.151713 3.11867 -0.452234 0.131102 3.10757 -0.271068 0.0548376 3.03082 -0.123837 -0.199832 3.20146 -0.00976813 0.0433406 3.15233 -0.169498 0.0487224 2.96024 -0.227904 0.285841 3.2318 -0.338183 0.285242 3.17507 -0.296881 0.417277 2.82361 -0.279735 0.760395 2.99632 -0.13073 0.294641 3.28306 -0.118447 0.721078 3.20699 -0.24461 0.694751 3.61581 
-0.294292 -0.436365 3.00045 -0.276964 -0.237188 3.16688 -0.438271 -0.209497 3.12507 -0.440627 0.0518243 3.07132 -0.277531 -0.0227623 2.98542 -0.119365 -0.251935 3.20256 0.00520904 -0.00730011 3.14268 -0.128777 -0.0124994 2.96095 -0.227961 0.232933 3.22866 -0.333503 0.225403 3.17358 -0.296908 0.4078 2.83236 -0.279751 0.758765 2.99672 -0.126329 0.233118 3.28406 -0.120544 0.651512 3.23931 -0.255256 0.704491 3.63391 
-0.287766 -0.47305 3.00569 -0.274478 -0.278276 3.16583 -0.441106 -0.26081 3.13302 -0.440757 0.00697057 3.05973 -0.265443 -0.0818264 2.98291 -0.118575 -0.299441 3.21158 0.00959712 -0.0528353 3.1265 -0.134154 -0.0863769 2.93392 -0.227293 0.207169 3.21992 -0.33232 0.197726 3.1622 -0.292272 0.403404 2.84057 -0.280115 0.738289 2.99679 -0.13033 0.209128 3.2845 -0.124043 0.625591 3.249 -0.263852 0.706627 3.63957 
-0.276395 -0.591693 3.02507 -0.254471 -0.386327 3.17848 -0.410412 -0.370662 3.14667 -0.436307 -0.131354 3.07291 -0.284507 -0.178804 3.00625 -0.104632 -0.403571 3.21607 0.0235731 -0.169269 3.09661 -0.108037 -0.208817 2.96229 -0.222208 0.102055 3.21899 -0.327837 0.100571 3.15302 -0.297169 0.391731 2.8542 -0.279795 0.746261 2.99623 -0.124426 0.106708 3.27748 -0.125032 0.525774 3.27276 -0.255807 0.699353 3.63898 
-0.281193 -0.681953 3.02447 -0.241377 -0.470804 3.18691 -0.402731 -0.452461 3.14936 -0.433693 -0.2026 3.07476 -0.286481 -0.238838 3.00993 -0.0913758 -0.488524 3.22218 0.0270006 -0.266054 3.09721 -0.102761 -0.318511 2.95564 -0.223957 0.0327101 3.20647 -0.326507 0.0384252 3.13533 -0.305104 0.36023 2.90722 -0.274873 0.736223 2.99677 -0.12518 0.0292585 3.27136 -0.125186 0.441856 3.27949 -0.237607 0.684175 3.61947 
-0.228154 -0.82123 3.03151 -0.232488 -0.616367 3.187 -0.390418 -0.603859 3.15187 -0.435424 -0.377361 3.0971 -0.253462 -0.44542 3.0287 -0.073145 -0.627495 3.22083 0.0307759 -0.381394 3.10294 -0.115999 -0.416853 2.99091 -0.219401 -0.0964873 3.19403 -0.32143 -0.086716 3.13019 -0.291608 0.292279 3.00218 -0.301357 0.712231 2.98646 -0.121447 -0.101715 3.2612 -0.130273 0.293399 3.3006 -0.193924 0.626328 3.55503 
-0.228543 -0.911524 3.0274 -0.221269 -0.706272 3.18689 -0.387019 -0.701787 3.15214 -0.438086 -0.439518 3.10688 -0.258467 -0.515522 3.01752 -0.0585825 -0.712839 3.21878 0.0297682 -0.472546 3.11382 -0.122993 -0.502667 2.95939 -0.215205 -0.179459 3.19388 -0.310008 -0.16518 3.15376 -0.29579 0.23673 3.07891 -0.312975 0.640488 3.03755 -0.120049 -0.186255 3.25537 -0.119518 0.227762 3.28092 -0.164595 0.578554 3.48372 
-0.210252 -0.964371 3.02506 -0.213952 -0.784509 3.18124 -0.384665 -0.782282 3.15548 -0.439791 -0.529265 3.13016 -0.255231 -0.572438 3.02459 -0.0553498 -0.786954 3.21395 0.0284735 -0.505122 3.11519 -0.129893 -0.547232 2.95713 -0.202207 -0.25834 3.19453 -0.302608 -0.250286 3.16062 -0.297062 0.162534 3.14058 -0.322706 0.575409 3.23056 -0.10675 -0.263054 3.24277 -0.0981567 0.16098 3.24184 -0.128765 0.544194 3.34336 
-0.189095 -0.996918 3.02019 -0.214108 -0.801676 3.18449 -0.375695 -0.805651 3.15323 -0.439776 -0.552206 3.13991 -0.256085 -0.580301 3.02842 -0.0508498 -0.803374 3.20919 0.0226021 -0.527186 3.15811 -0.11884 -0.544186 2.96866 -0.202244 -0.27203 3.20002 -0.297763 -0.27091 3.18565 -0.295662 0.15215 3.20651 -0.33902 0.528265 3.3768 -0.0971905 -0.272431 3.22265 -0.0772104 0.159234 3.17864 -0.0977602 0.554591 3.24512 
-0.174887 -1.00325 3.01528 -0.198551 -0.799453 3.18323 -0.367852 -0.806093 3.13927 -0.436075 -0.552233 3.13766 -0.264398 -0.580805 3.01165 -0.0472808 -0.801489 3.21689 0.0306834 -0.513465 3.15932 -0.114886 -0.549205 2.96977 -0.195143 -0.274879 3.20273 -0.295241 -0.271438 3.18609 -0.302962 0.141223 3.23336 -0.341831 0.493336 3.45067 -0.0944128 -0.274058 3.22287 -0.0636159 0.157205 3.17026 -0.0521173 0.564515 3.17173 
-0.122658 -0.995189 3.0876 -0.19304 -0.775504 3.19075 -0.355509 -0.775936 3.15247 -0.431562 -0.517716 3.14886 -0.261609 -0.531039 3.00961 -0.0373405 -0.77791 3.22264 0.051265 -0.487268 3.22171 -0.101634 -0.480473 2.98894 -0.192224 -0.240395 3.20201 -0.302751 -0.238222 3.21618 -0.306455 0.165332 3.31696 -0.344969 0.510184 3.57507 -0.0897034 -0.237813 3.20118 -0.0535121 0.175369 3.10044 -0.022602 0.597672 3.05661 
-0.165536 -0.909886 3.00201 -0.187683 -0.704581 3.18857 -0.347951 -0.704279 3.13539 -0.412549 -0.442668 3.13658 -0.250537 -0.457089 3.02819 -0.0289209 -0.703147 3.22599 0.0610406 -0.428017 3.23289 -0.0897173 -0.429044 2.99058 -0.19236 -0.180651 3.21062 -0.296848 -0.174788 3.21983 -0.301956 0.22671 3.36839 -0.337485 0.558106 3.63087 -0.070181 -0.180996 3.21268 -0.0417778 0.2234 3.05958 -0.0044851 0.65713 3.03616 
-0.159594 -0.818724 3.00238 -0.18129 -0.631302 3.18564 -0.347962 -0.632526 3.14228 -0.396442 -0.372916 3.13048 -0.216527 -0.393371 3.02162 -0.0282428 -0.633621 3.21196 0.0650606 -0.36417 3.21298 -0.0758737 -0.346206 2.99077 -0.188714 -0.115591 3.22711 -0.293786 -0.108025 3.22673 -0.303775 0.302715 3.37465 -0.326304 0.60974 3.64799 -0.071035 -0.115585 3.21686 -0.0230374 0.282273 3.00737 -0.0192757 0.706765 3.06266 
-0.161164 -0.71979 2.98942 -0.167931 -0.524015 3.1816 -0.341895 -0.528941 3.1511 -0.393103 -0.25836 3.11361 -0.238515 -0.249072 3.02268 0.000822703 -0.520549 3.19807 0.0760184 -0.256828 3.17941 -0.0738797 -0.243578 2.97938 -0.170629 -0.0084534 3.23296 -0.283131 -0.00658094 3.22465 -0.279661 0.427139 3.17443 -0.291112 0.746123 3.42236 -0.0594942 -0.0177453 3.23448 -0.0186157 0.338194 3.16267 -0.059844 0.680472 3.33912 
-0.157997 -0.571866 2.97947 -0.16936 -0.394869 3.17079 -0.339588 -0.387313 3.15405 -0.376357 -0.119552 3.1623 -0.289279 -0.148554 3.06037 -0.00480896 -0.397016 3.17176 0.0792888 -0.140165 3.18035 -0.0499614 -0.145631 3.01173 -0.158441 0.103642 3.2517 -0.27449 0.112746 3.29041 -0.286944 0.538885 3.31454 -0.323106 0.710328 3.712 -0.0583866 0.0927942 3.23774 -0.0189161 0.384431 2.91504 -0.0545653 0.750991 3.06617 
-0.156448 -0.49877 2.97035 -0.165989 -0.304093 3.17623 -0.333474 -0.292649 3.16236 -0.366912 -0.0175668 3.17403 -0.255074 -0.0600032 3.0601 -0.00449733 -0.307689 3.16877 0.070136 -0.0529649 3.15688 -0.0621315 -0.0285564 2.98524 -0.152824 0.183392 3.27255 -0.260667 0.187866 3.28539 -0.282064 0.491148 3.13111 -0.329079 0.67742 3.42459 -0.0543952 0.172805 3.27001 -0.00645285 0.519245 3.07359 -0.0569987 0.802465 3.37176 
-0.155807 -0.44317 2.97433 -0.160259 -0.229572 3.18029 -0.331925 -0.2299 3.16433 -0.36762 0.0407859 3.17022 -0.170812 -0.0197102 3.03906 0.0048034 -0.235737 3.18956 0.0748164 0.0386093 3.15588 -0.0849069 0.00626434 2.97049 -0.149578 0.24473 3.26613 -0.262612 0.249148 3.26692 -0.279089 0.558387 3.12476 -0.328146 0.685786 3.42661 -0.0532281 0.2335 3.2765 0.00212531 0.546837 3.08983 -0.0550886 0.811349 3.40334 
-0.156874 -0.389683 2.96495 -0.160993 -0.184872 3.17749 -0.332762 -0.176778 3.16033 -0.367382 0.102219 3.176 -0.173002 0.0348018 3.05456 0.00596672 -0.19187 3.18658 0.0747563 0.0806857 3.15775 -0.0693015 0.0547617 3.00421 -0.149324 0.297349 3.28306 -0.257475 0.303851 3.28604 -0.283677 0.736195 3.31458 -0.295924 0.717339 3.71514 -0.0542893 0.278092 3.27926 -0.0140286 0.52339 2.96232 -0.0642872 0.789588 3.2331 
-0.156505 -0.319827 2.96718 -0.155587 -0.123015 3.17739 -0.326462 -0.120938 3.15656 -0.369672 0.158267 3.1745 -0.168282 0.0838683 3.04488 0.00436507 -0.127611 3.19635 0.0737629 0.145124 3.15714 -0.0682373 0.108976 3.00332 -0.15431 0.34038 3.29021 -0.25698 0.355284 3.29799 -0.287189 0.769039 3.291 -0.258034 0.699607 3.68879 -0.0566561 0.327299 3.27553 -0.0198684 0.439433 2.8725 -0.054619 0.761553 3.07052 
-0.149445 -0.29202 2.97159 -0.161277 -0.0975171 3.1791 -0.325585 -0.0938713 3.15858 -0.364572 0.178616 3.17052 -0.163642 0.106566 3.04664 0.0043094 -0.115582 3.19184 0.0776098 0.154791 3.16413 -0.0783144 0.132945 2.98673 -0.155316 0.367704 3.30238 -0.248925 0.377997 3.31239 -0.294877 0.774832 3.29183 -0.259106 0.701962 3.67411 -0.0571894 0.341373 3.27398 -0.023589 0.439969 2.87253 -0.0514086 0.758921 3.07043 
-0.156737 -0.273752 2.96977 -0.160809 -0.0891804 3.18011 -0.326693 -0.0780616 3.15546 -0.369167 0.205481 3.17191 -0.182018 0.132691 3.04501 -0.000726291 -0.103275 3.18669 0.0659728 0.171709 3.16089 -0.0783486 0.142414 2.98664 -0.152576 0.366922 3.30219 -0.239712 0.376677 3.32287 -0.304531 0.76527 3.27397 -0.258074 0.692428 3.67871 -0.0556134 0.348667 3.27246 -0.0425554 0.430555 2.87395 -0.0579422 0.760565 3.06641 
-0.157302 -0.27227 2.96063 -0.164517 -0.0845655 3.17536 -0.331987 -0.0783705 3.15951 -0.364733 0.205513 3.17764 -0.174789 0.134427 3.04928 -0.000791524 -0.0972783 3.18233 0.069934 0.167096 3.16311 -0.080398 0.140638 2.98635 -0.15277 0.36683 3.31507 -0.239283 0.37426 3.33829 -0.301567 0.768283 3.29089 -0.271757 0.714869 3.69288 -0.0601807 0.347915 3.30393 -0.058125 0.429311 2.8834 -0.0543833 0.764796 3.06592 
-0.156522 -0.273364 2.9661 -0.169952 -0.0871291 3.17412 -0.337155 -0.0854127 3.15947 -0.369154 0.204443 3.1837 -0.19427 0.130105 3.04643 -0.000532605 -0.101348 3.17819 0.0660273 0.166945 3.16081 -0.0774028 0.137473 2.98707 -0.152454 0.359874 3.31199 -0.239617 0.369041 3.3428 -0.30175 0.766235 3.29962 -0.267474 0.695169 3.70174 -0.0563776 0.340555 3.30592 -0.0585649 0.426774 2.88343 -0.0543051 0.762313 3.06592 
-0.156357 -0.282197 2.97098 -0.16495 -0.0969116 3.17902 -0.332006 -0.0983274 3.1605 -0.370333 0.17849 3.20509 -0.1946 0.110289 3.05216 -0.00101612 -0.111145 3.18632 0.0752101 0.156049 3.15559 -0.0769832 0.137917 2.9869 -0.151878 0.349261 3.30719 -0.23893 0.362872 3.33888 -0.297539 0.762786 3.2999 -0.260608 0.693623 3.70655 -0.055938 0.330686 3.27169 -0.0483135 0.424374 2.88321 -0.0614949 0.76222 3.07064 
-0.157366 -0.319983 2.97661 -0.175053 -0.14251 3.18385 -0.341438 -0.129008 3.15915 -0.369472 0.159718 3.21398 -0.201288 0.0888382 3.06668 -0.00815778 -0.141989 3.20212 0.0704774 0.117421 3.15386 -0.0823369 0.0856325 2.98739 -0.150881 0.311708 3.30815 -0.239966 0.335242 3.33798 -0.292628 0.749504 3.29944 -0.271559 0.708196 3.71093 -0.0604807 0.296145 3.26008 -0.0525213 0.423297 2.88377 -0.066179 0.758446 3.07093 
-0.165139 -0.382734 2.99352 -0.174266 -0.181341 3.18765 -0.34629 -0.173076 3.16646 -0.368858 0.107537 3.20981 -0.197858 0.0458955 3.0689 -0.0115496 -0.190244 3.20024 0.0718139 0.0749888 3.15418 -0.0839587 0.0580867 2.97875 -0.152294 0.28118 3.30401 -0.238246 0.293937 3.32738 -0.291753 0.69751 3.31505 -0.301493 0.716838 3.73344 -0.0603335 0.263228 3.25778 -0.0494205 0.416316 2.88382 -0.0615477 0.757659 3.07081 
-0.172174 -0.41079 2.99999 -0.174693 -0.225987 3.18778 -0.346848 -0.21272 3.16602 -0.370067 0.0743336 3.1908 -0.194036 0.027731 3.04935 -0.0210293 -0.234927 3.20552 0.081436 0.00918186 3.15719 -0.0644765 0.0210286 2.98325 -0.146559 0.237148 3.30656 -0.245819 0.253009 3.30683 -0.286965 0.672421 3.32043 -0.326193 0.744203 3.72832 -0.0509228 0.229905 3.29556 -0.0567375 0.412349 2.88012 -0.0632301 0.756375 3.04699 
-0.172735 -0.535441 3.0213 -0.180884 -0.32192 3.19184 -0.343161 -0.303447 3.18553 -0.366902 -0.0255566 3.16546 -0.257383 -0.0741584 3.05881 -0.0215841 -0.337534 3.19832 0.0800749 -0.0949471 3.14028 -0.0632729 -0.110848 2.99827 -0.149613 0.162283 3.25931 -0.253785 0.178522 3.31639 -0.289483 0.569294 3.3725 -0.30844 0.731203 3.76616 -0.0555304 0.156458 3.20981 -0.0498221 0.391701 2.89802 -0.0544654 0.753531 3.06618 
-0.173874 -0.625055 3.03475 -0.178982 -0.398594 3.19408 -0.35057 -0.39589 3.18401 -0.372156 -0.117695 3.16474 -0.273187 -0.201875 3.07898 -0.0184454 -0.416758 3.19895 0.0834302 -0.178298 3.13504 -0.0560013 -0.206471 3.00103 -0.157907 0.0908822 3.25377 -0.274882 0.100629 3.29681 -0.298955 0.482986 3.38335 -0.311205 0.705263 3.7434 -0.0605596 0.085946 3.20428 -0.0420528 0.381078 2.9164 -0.0548023 0.750641 3.07088 
-0.171257 -0.733417 3.05456 -0.174724 -0.505663 3.19547 -0.344277 -0.504422 3.18553 -0.381372 -0.237537 3.12611 -0.279068 -0.294522 3.06644 -0.0143842 -0.515889 3.20862 0.079618 -0.274587 3.14496 -0.0760213 -0.331799 2.9902 -0.161176 0.00268363 3.237 -0.280381 0.00302132 3.27507 -0.304119 0.38697 3.38908 -0.311864 0.663078 3.67269 -0.0523179 0.00821918 3.17963 -0.0444539 0.350509 2.99007 -0.054767 0.750329 3.07096 
-0.166452 -0.83121 3.05419 -0.180052 -0.634795 3.19341 -0.350065 -0.625218 3.17748 -0.396496 -0.383276 3.13328 -0.215844 -0.438213 3.04101 -0.0138739 -0.636777 3.20964 0.0799038 -0.382562 3.1534 -0.0884344 -0.422299 3.00821 -0.165806 -0.105199 3.23532 -0.28501 -0.10898 3.24728 -0.302968 0.275957 3.34749 -0.315949 0.598825 3.60095 -0.0582366 -0.10825 3.20093 -0.0519726 0.29059 3.09212 -0.0453648 0.708622 3.06287 
-0.172516 -0.918564 3.05562 -0.176794 -0.705164 3.19329 -0.35102 -0.702127 3.18323 -0.418609 -0.46593 3.14575 -0.20865 -0.527879 3.05215 -0.0128979 -0.707137 3.20728 0.0704743 -0.425697 3.15248 -0.111276 -0.467957 2.97736 -0.175583 -0.179479 3.22278 -0.288409 -0.179711 3.23704 -0.302142 0.210936 3.31034 -0.294067 0.563668 3.53715 -0.0624134 -0.180433 3.20161 -0.0523211 0.244297 3.14472 -0.0436418 0.65383 3.10929 
-0.172474 -0.980523 3.03648 -0.184713 -0.790162 3.19851 -0.354381 -0.792615 3.19344 -0.428206 -0.524679 3.177 -0.228249 -0.587963 3.04558 -0.0188399 -0.790996 3.20019 0.0528496 -0.521366 3.13401 -0.101987 -0.543889 2.98317 -0.178649 -0.258694 3.20374 -0.287929 -0.255434 3.23047 -0.300051 0.16616 3.22808 -0.280369 0.546266 3.3854 -0.0628084 -0.262088 3.19978 -0.056527 0.173437 3.17704 -0.0568266 0.585928 3.26922 
-0.177173 -1.00621 3.04238 -0.189266 -0.809245 3.19983 -0.354911 -0.812065 3.18934 -0.434541 -0.544898 3.17556 -0.247575 -0.590613 3.03864 -0.0273308 -0.812509 3.19693 0.0510577 -0.542677 3.14324 -0.108688 -0.548518 2.98447 -0.177473 -0.277569 3.20593 -0.290393 -0.279097 3.22443 -0.297177 0.148975 3.21507 -0.295728 0.556969 3.30706 -0.060545 -0.27422 3.21015 -0.0542234 0.141107 3.2087 -0.0591152 0.527648 3.34268 
-0.190468 -1.01074 3.03873 -0.1939 -0.817109 3.19764 -0.359609 -0.813871 3.19453 -0.428948 -0.543758 3.19798 -0.262147 -0.580695 3.03324 -0.0354064 -0.8247 3.19778 0.0375138 -0.548322 3.13356 -0.115098 -0.561211 3.00131 -0.180194 -0.279339 3.20248 -0.287601 -0.276991 3.20086 -0.293235 0.140645 3.14166 -0.294971 0.558312 3.13197 -0.0633569 -0.280971 3.22231 -0.058631 0.128587 3.27548 -0.057864 0.507488 3.48389 
-0.212898 -0.993624 3.04196 -0.200198 -0.798401 3.20096 -0.362709 -0.795346 3.19986 -0.432878 -0.51544 3.2007 -0.266628 -0.53763 3.04465 -0.0465827 -0.803101 3.19243 0.0375678 -0.516604 3.12355 -0.113695 -0.538156 2.98377 -0.177755 -0.261067 3.19955 -0.288758 -0.254629 3.20696 -0.292083 0.160631 3.09665 -0.317189 0.586695 3.05483 -0.0630984 -0.264575 3.22162 -0.0603593 0.141491 3.29571 -0.0629761 0.511541 3.52387 
-0.213541 -0.927401 3.03928 -0.2056 -0.718483 3.19084 -0.370855 -0.710725 3.19654 -0.434456 -0.457471 3.19537 -0.278896 -0.471903 3.03238 -0.0522191 -0.73148 3.18515 0.0404396 -0.443091 3.13667 -0.10659 -0.433254 2.97833 -0.182271 -0.1912 3.19396 -0.288215 -0.184275 3.17593 -0.291639 0.216882 3.01475 -0.306598 0.645328 2.94062 -0.0679368 -0.197238 3.22433 -0.0671452 0.216158 3.35053 -0.0828587 0.570053 3.60084 
-0.219604 -0.850791 3.03776 -0.217806 -0.652659 3.20243 -0.379895 -0.642287 3.19163 -0.438333 -0.378948 3.19155 -0.278163 -0.395418 3.03492 -0.0551858 -0.656926 3.19392 0.0410117 -0.385886 3.14649 -0.11059 -0.378859 2.99159 -0.185539 -0.127182 3.20144 -0.288767 -0.120405 3.15516 -0.303819 0.269465 2.98821 -0.281943 0.687014 2.95646 -0.0725455 -0.133196 3.24154 -0.0670965 0.285521 3.3441 -0.113315 0.604524 3.6131 
-0.233785 -0.710624 3.01624 -0.218827 -0.494769 3.19135 -0.387793 -0.488086 3.15187 -0.431886 -0.19302 3.1453 -0.263796 -0.257908 3.05578 -0.0545719 -0.507257 3.22151 0.0354924 -0.267923 3.1669 -0.102244 -0.267061 2.97405 -0.198087 0.0106633 3.21065 -0.291682 0.0182114 3.14599 -0.282994 0.351213 2.90182 -0.273933 0.741469 2.98416 -0.088956 0.010157 3.27036 -0.0612491 0.45026 3.27354 -0.141274 0.686907 3.63834 
-0.226229 -0.640879 3.02109 -0.224747 -0.409761 3.18688 -0.384748 -0.402705 3.14932 -0.434485 -0.123421 3.13612 -0.264967 -0.174407 3.04253 -0.0684858 -0.420707 3.22363 0.0177509 -0.175015 3.1683 -0.0960632 -0.152054 2.99044 -0.19516 0.0869161 3.21341 -0.293394 0.0871664 3.15194 -0.278786 0.379602 2.859 -0.254006 0.755126 2.98291 -0.0991267 0.0923389 3.27349 -0.0602296 0.534568 3.26275 -0.150419 0.702485 3.63834 
-0.227885 -0.512629 3.00289 -0.22615 -0.309599 3.18103 -0.390969 -0.295325 3.13858 -0.437767 -0.0168747 3.1309 -0.259771 -0.0604199 3.02893 -0.0726836 -0.322206 3.22123 0.00670099 -0.0850564 3.218 -0.119239 -0.0503058 3.00168 -0.190964 0.178498 3.21597 -0.289739 0.170989 3.162 -0.273799 0.396848 2.83537 -0.250307 0.76128 2.98257 -0.0923023 0.183136 3.28224 -0.0503981 0.608637 3.23087 -0.144121 0.704994 3.62706 
-0.223145 -0.456211 2.99696 -0.219619 -0.230642 3.17857 -0.383777 -0.204449 3.12165 -0.418128 0.0719875 3.14528 -0.227057 0.0233732 3.04553 -0.0642415 -0.247765 3.2132 0.0106421 -0.000227226 3.21729 -0.101104 -0.0124061 2.9953 -0.192247 0.245153 3.21125 -0.290252 0.246947 3.16236 -0.26217 0.411801 2.83079 -0.250569 0.76526 2.98215 -0.0932923 0.252544 3.28087 -0.0504926 0.686356 3.20425 -0.142795 0.695681 3.62337 
-0.212902 -0.373439 2.98267 -0.21897 -0.162982 3.17218 -0.380363 -0.13962 3.11343 -0.427272 0.134433 3.15894 -0.242248 0.0923129 3.04787 -0.0589205 -0.178835 3.21077 0.011444 0.0804513 3.20702 -0.0894106 0.100803 3.02269 -0.192351 0.306175 3.23593 -0.291112 0.30176 3.18601 -0.25594 0.428385 2.82964 -0.251128 0.769204 2.98195 -0.0941776 0.311749 3.29474 -0.0501001 0.739672 3.19426 -0.14663 0.700652 3.60531 
-0.212079 -0.338539 2.96349 -0.213771 -0.134205 3.15857 -0.381561 -0.121777 3.11941 -0.429057 0.152335 3.15386 -0.258584 0.145645 3.04328 -0.0543974 -0.147499 3.19541 0.0151687 0.104137 3.19814 -0.118264 0.122546 2.99743 -0.192261 0.328216 3.23995 -0.291638 0.328599 3.18784 -0.259075 0.426308 2.83408 -0.250888 0.766873 2.98212 -0.0944168 0.335919 3.29331 -0.0500161 0.757344 3.19401 -0.133526 0.709105 3.59115 
-0.21016 -0.306121 2.94879 -0.209363 -0.0994103 3.14544 -0.367829 -0.0829573 3.10197 -0.426571 0.188058 3.16915 -0.273076 0.193751 3.03188 -0.0468578 -0.115868 3.19585 0.016222 0.142829 3.17964 -0.0984296 0.156654 2.99155 -0.191956 0.362896 3.2573 -0.291581 0.346968 3.19045 -0.263153 0.419057 2.83053 -0.251667 0.769422 2.9819 -0.0943901 0.367604 3.2967 -0.0422642 0.779101 3.1925 -0.115633 0.699489 3.58731 
-0.195734 -0.282974 2.94863 -0.209232 -0.0887865 3.13989 -0.371202 -0.0759353 3.10207 -0.427504 0.194928 3.16438 -0.269785 0.184124 3.03925 -0.0475194 -0.0993184 3.18926 0.0121402 0.15832 3.18755 -0.12795 0.172796 2.98475 -0.19226 0.367817 3.25617 -0.292025 0.355558 3.19195 -0.268244 0.417743 2.83067 -0.251605 0.764755 2.98205 -0.0980542 0.374933 3.29644 -0.041892 0.790365 3.19249 -0.124735 0.698185 3.57814 
-0.188568 -0.270301 2.94246 -0.209082 -0.0778127 3.13451 -0.368043 -0.0673314 3.09567 -0.430515 0.199424 3.16488 -0.267616 0.169879 3.04439 -0.0462194 -0.086197 3.17527 0.0159944 0.166907 3.17889 -0.124853 0.182891 2.97609 -0.192527 0.378745 3.22769 -0.290751 0.366083 3.18045 -0.267819 0.415171 2.81769 -0.246116 0.771134 2.98179 -0.0978714 0.381992 3.28313 -0.042227 0.794345 3.19208 -0.0954552 0.723844 3.57726 
-0.175705 -0.27059 2.94215 -0.209307 -0.0750943 3.12862 -0.368618 -0.0667987 3.09395 -0.432246 0.204054 3.15381 -0.265071 0.168954 3.04357 -0.0486114 -0.079319 3.16826 0.0161162 0.18665 3.17392 -0.115986 0.190344 3.0016 -0.192882 0.378563 3.21487 -0.295282 0.364696 3.16921 -0.276034 0.419262 2.81381 -0.242381 0.762867 2.98191 -0.097084 0.388226 3.27748 -0.0212035 0.804292 3.19121 -0.0897611 0.714424 3.57243 
-0.181204 -0.275463 2.93921 -0.209102 -0.0844888 3.12664 -0.37443 -0.0761149 3.09899 -0.438277 0.191183 3.12672 -0.258424 0.155456 3.02625 -0.049 -0.0903769 3.15826 0.00857855 0.161184 3.16293 -0.113413 0.175136 2.99746 -0.19645 0.374197 3.24171 -0.296625 0.371938 3.222 -0.292208 0.555121 2.98438 -0.268484 0.736745 3.26895 -0.0993635 0.376312 3.26027 -0.0310499 0.670595 3.03291 -0.0684096 0.766137 3.2959 
-0.187972 -0.287824 2.93977 -0.217031 -0.0936178 3.12813 -0.38355 -0.0889956 3.09272 -0.43863 0.167329 3.11049 -0.277797 0.157451 3.00493 -0.0538794 -0.108171 3.15854 0.00106546 0.156867 3.15852 -0.142304 0.152408 2.9728 -0.191005 0.364821 3.21796 -0.295186 0.34756 3.17761 -0.277351 0.430381 2.80444 -0.250772 0.763874 2.97806 -0.100569 0.370448 3.26519 -0.0552612 0.77649 3.18794 -0.0736137 0.720686 3.58117 
-0.210068 -0.334547 2.94636 -0.213594 -0.140565 3.13052 -0.379385 -0.129605 3.09196 -0.430418 0.143872 3.09949 -0.290598 0.110936 2.96143 -0.0573403 -0.155934 3.1709 -0.00104978 0.0969068 3.15815 -0.1314 0.0806123 2.96744 -0.195462 0.318601 3.20962 -0.292789 0.307099 3.14752 -0.290548 0.428766 2.79995 -0.25076 0.766661 2.97339 -0.10763 0.328774 3.26306 -0.0551898 0.751553 3.18917 -0.119726 0.728486 3.59588 
-0.218416 -0.393559 2.96224 -0.217129 -0.184486 3.13583 -0.385026 -0.171668 3.09591 -0.421678 0.0978491 3.05505 -0.227235 0.026606 2.97756 -0.0575263 -0.198667 3.18097 0.00796135 0.0503118 3.15127 -0.123604 0.0267913 2.94228 -0.195276 0.277289 3.21208 -0.293391 0.273323 3.14278 -0.28556 0.421723 2.805 -0.25088 0.764371 2.98197 -0.10804 0.290106 3.2622 -0.058965 0.70723 3.21358 -0.125017 0.736026 3.63132 
-0.221821 -0.454424 2.97491 -0.218227 -0.236179 3.13457 -0.383751 -0.221458 3.09697 -0.408757 0.0482965 3.05054 -0.294161 -0.00831663 2.97605 -0.0589551 -0.245563 3.19159 0.0195502 -0.0076004 3.14839 -0.0893756 -0.024653 2.94488 -0.195562 0.237629 3.20198 -0.29317 0.236946 3.14243 -0.291269 0.408308 2.81441 -0.25004 0.760169 2.97373 -0.108131 0.24082 3.27205 -0.0598744 0.661315 3.23321 -0.129294 0.709889 3.63203 
-0.227412 -0.525764 3.0198 -0.225798 -0.299656 3.16711 -0.383987 -0.2888 3.10973 -0.408937 -0.0265042 3.05678 -0.269118 -0.122211 3.01963 -0.0680192 -0.314978 3.21117 0.0275283 -0.0882197 3.10985 -0.0784288 -0.1489 2.9647 -0.198824 0.177088 3.21062 -0.294045 0.18107 3.13412 -0.290843 0.399362 2.82433 -0.250142 0.758558 2.98247 -0.107637 0.184676 3.2752 -0.0609638 0.603325 3.25224 -0.136917 0.711586 3.65658 
-0.223878 -0.602219 3.02244 -0.218643 -0.381939 3.17534 -0.380727 -0.368509 3.12545 -0.402483 -0.120321 3.05454 -0.296866 -0.18957 3.01733 -0.0581471 -0.395737 3.21783 0.0480282 -0.178556 3.09897 -0.0629372 -0.22587 2.96905 -0.202315 0.117614 3.21213 -0.293033 0.109905 3.1388 -0.291686 0.387954 2.83656 -0.250306 0.749881 2.98278 -0.106795 0.122817 3.27096 -0.065875 0.529675 3.27608 -0.141539 0.708718 3.66594 
-0.236928 -0.70274 3.0449 -0.218675 -0.505776 3.20108 -0.385581 -0.488551 3.16771 -0.409364 -0.255252 3.07599 -0.292646 -0.31995 3.05185 -0.0586843 -0.523104 3.22343 0.0596749 -0.280487 3.09621 -0.0721695 -0.35002 2.99614 -0.20294 0.00841283 3.20436 -0.297048 0.0131047 3.1411 -0.297476 0.344256 2.94308 -0.245389 0.741241 2.98288 -0.102643 0.00876482 3.26317 -0.0793333 0.404533 3.33703 -0.135778 0.684214 3.62175 
-0.180627 -0.824953 3.06701 -0.206526 -0.66147 3.20961 -0.36921 -0.658639 3.18466 -0.435309 -0.436173 3.14092 -0.250883 -0.490605 3.06025 -0.0511625 -0.668395 3.22679 0.060342 -0.415931 3.1161 -0.110329 -0.441754 2.98575 -0.199088 -0.132435 3.21169 -0.297261 -0.126592 3.15461 -0.285383 0.256671 3.05086 -0.274307 0.681968 3.00692 -0.0991835 -0.135351 3.27101 -0.0760736 0.262222 3.345 -0.107819 0.593411 3.53495 
-0.182205 -0.907561 3.06112 -0.198669 -0.736553 3.22183 -0.362322 -0.735776 3.21532 -0.440005 -0.492389 3.15932 -0.260752 -0.537348 3.07233 -0.0470742 -0.738887 3.23399 0.0592535 -0.478468 3.14747 -0.0894008 -0.516259 3.01794 -0.195517 -0.204186 3.2254 -0.294513 -0.195068 3.18334 -0.284316 0.218395 3.12734 -0.282618 0.63568 3.09888 -0.0951136 -0.207677 3.26829 -0.0753647 0.204959 3.31495 -0.101844 0.56781 3.47452 
-0.173022 -0.982051 3.06661 -0.194426 -0.796871 3.22947 -0.359935 -0.798979 3.20798 -0.439425 -0.553503 3.20168 -0.249573 -0.596695 3.09684 -0.0439467 -0.800189 3.24289 0.0347084 -0.522602 3.16953 -0.136838 -0.555586 2.99254 -0.194802 -0.263255 3.24926 -0.293174 -0.25759 3.21367 -0.288734 0.154986 3.18815 -0.286314 0.555067 3.36722 -0.0916676 -0.264888 3.27516 -0.0650856 0.150149 3.26337 -0.0728902 0.549902 3.32405 
-0.168828 -0.989531 3.06268 -0.190982 -0.811245 3.23287 -0.357403 -0.820206 3.20911 -0.437066 -0.560617 3.19844 -0.250428 -0.589619 3.08536 -0.0345221 -0.810615 3.26411 0.0319933 -0.525461 3.22986 -0.117908 -0.528441 3.03277 -0.192786 -0.283245 3.2562 -0.295288 -0.281297 3.23408 -0.295277 0.137446 3.24854 -0.318254 0.483033 3.47888 -0.0821694 -0.280349 3.2803 -0.0610109 0.146657 3.20734 -0.0504791 0.567982 3.25259 
-0.161223 -0.971371 3.07271 -0.190316 -0.7958 3.24717 -0.360815 -0.799326 3.19403 -0.429963 -0.548253 3.21626 -0.216688 -0.573792 3.1353 -0.0316172 -0.790468 3.29561 0.0309673 -0.497148 3.25587 -0.111246 -0.492079 3.06095 -0.194419 -0.261896 3.25669 -0.2982 -0.257586 3.24629 -0.295687 0.148908 3.35491 -0.324736 0.49037 3.60386 -0.0857416 -0.265903 3.26569 -0.0583233 0.16197 3.15642 -0.0432317 0.576913 3.13025 
-0.155041 -0.929429 3.07541 -0.193272 -0.758221 3.26169 -0.356194 -0.764809 3.19778 -0.427748 -0.498537 3.21785 -0.220761 -0.504988 3.10002 -0.0437241 -0.751571 3.2972 0.0310491 -0.463897 3.28148 -0.0984082 -0.460802 3.06278 -0.194027 -0.229738 3.2607 -0.302205 -0.227978 3.25915 -0.309778 0.175939 3.39376 -0.317854 0.521749 3.64962 -0.09159 -0.232726 3.26725 -0.0499114 0.17942 3.13452 -0.0252162 0.611463 3.11938 
-0.175179 -0.850631 3.05611 -0.190816 -0.682348 3.26975 -0.353502 -0.686114 3.23085 -0.426087 -0.434949 3.24995 -0.222071 -0.422839 3.11449 -0.0359692 -0.673751 3.29444 0.0465565 -0.40068 3.34743 -0.0912007 -0.358029 3.10353 -0.194888 -0.154084 3.28158 -0.301612 -0.15052 3.29778 -0.311218 0.260966 3.45411 -0.31137 0.581627 3.71841 -0.0808898 -0.151686 3.27963 -0.0469736 0.242348 3.07295 -0.0482583 0.659022 3.11021 
-0.176511 -0.747734 3.05145 -0.190621 -0.535581 3.2668 -0.35766 -0.54048 3.24312 -0.417187 -0.270277 3.25259 -0.259637 -0.261575 3.11729 -0.0249939 -0.53686 3.28431 0.0375542 -0.26656 3.29193 -0.08851 -0.267438 3.06903 -0.19182 -0.0246217 3.31065 -0.297498 -0.0210076 3.3349 -0.306126 0.403559 3.45544 -0.303123 0.669087 3.76179 -0.0795422 -0.0285474 3.25933 -0.0512464 0.351001 3.04488 -0.0586139 0.74138 3.16216 
-0.168771 -0.629338 3.07003 -0.191964 -0.425259 3.26621 -0.359834 -0.422998 3.26445 -0.412106 -0.159334 3.30288 -0.238491 -0.17559 3.15953 -0.0331467 -0.421791 3.27546 0.0402518 -0.162594 3.26169 -0.0437801 -0.138884 3.10323 -0.191612 0.0863601 3.31987 -0.299827 0.0920064 3.36841 -0.301143 0.513806 3.43544 -0.306681 0.703317 3.82232 -0.0717573 0.0847587 3.26311 -0.0546571 0.384489 3.01566 -0.0708142 0.761716 3.16683 
-0.167536 -0.48932 3.06881 -0.192786 -0.292591 3.26485 -0.358699 -0.289362 3.2492 -0.410595 -0.00688497 3.32772 -0.224431 -0.0473166 3.16795 -0.0359207 -0.295989 3.28157 0.0400027 -0.0305504 3.25341 -0.102701 -0.020105 3.10956 -0.191025 0.193099 3.37228 -0.29596 0.203416 3.37559 -0.29588 0.6257 3.4336 -0.318631 0.734125 3.84964 -0.075058 0.186226 3.35819 -0.0756397 0.420464 2.9497 -0.0985449 0.761351 3.13649 
-0.170337 -0.393519 3.05408 -0.195473 -0.209147 3.26559 -0.360199 -0.197982 3.25331 -0.409556 0.0646168 3.34726 -0.231858 0.0315479 3.18563 -0.0394244 -0.202582 3.27813 0.0382204 0.0584196 3.25315 -0.101854 0.0582314 3.12958 -0.189531 0.2709 3.37772 -0.285745 0.28238 3.39816 -0.292835 0.706404 3.43595 -0.25523 0.69463 3.85787 -0.0764617 0.261942 3.36518 -0.0796978 0.427892 2.95502 -0.0941079 0.762214 3.15025 
-0.170666 -0.327225 3.04733 -0.198486 -0.148746 3.25721 -0.359283 -0.137601 3.2345 -0.408713 0.144044 3.33718 -0.236989 0.0881955 3.17831 -0.0480079 -0.14897 3.27228 0.0395785 0.0880037 3.27531 -0.100462 0.110526 3.13856 -0.186355 0.307279 3.37997 -0.287007 0.33145 3.40469 -0.305869 0.746146 3.41156 -0.269606 0.704442 3.81684 -0.0828408 0.294284 3.33022 -0.0842224 0.421623 2.9568 -0.0906011 0.761972 3.1581 
-0.176731 -0.289753 3.04291 -0.202395 -0.110314 3.25656 -0.361643 -0.104822 3.23597 -0.410075 0.161734 3.31923 -0.237931 0.117001 3.16763 -0.0481536 -0.121394 3.2716 0.0205976 0.13215 3.27969 -0.101366 0.145142 3.11288 -0.186566 0.335511 3.3797 -0.283179 0.353774 3.41331 -0.310025 0.75927 3.39482 -0.271908 0.717452 3.80791 -0.0790136 0.317961 3.3416 -0.0862717 0.427325 2.95645 -0.0857357 0.763622 3.15804 
-0.184457 -0.251265 3.02238 -0.215615 -0.0720927 3.23841 -0.366333 -0.0647253 3.22927 -0.412759 0.217536 3.30322 -0.251984 0.166733 3.17715 -0.051781 -0.0847384 3.24971 0.0233022 0.156082 3.27862 -0.09445 0.172658 3.11339 -0.182599 0.369644 3.39077 -0.288166 0.38606 3.44731 -0.314718 0.775015 3.38974 -0.271631 0.71222 3.80366 -0.080501 0.344981 3.34046 -0.0866031 0.424404 2.9609 -0.0940163 0.758752 3.15839 
-0.189693 -0.242396 3.01561 -0.213897 -0.0567522 3.22392 -0.372801 -0.0489368 3.21676 -0.414366 0.222767 3.29992 -0.258985 0.187835 3.16717 -0.0506569 -0.0684251 3.2286 0.016087 0.17999 3.28439 -0.104594 0.184659 3.12581 -0.187082 0.368274 3.40424 -0.288152 0.382935 3.45667 -0.322409 0.776236 3.39081 -0.278392 0.725673 3.80278 -0.0779567 0.345096 3.35199 -0.0900234 0.419402 2.97406 -0.0942642 0.758201 3.1629 
-0.203521 -0.237238 3.01073 -0.217233 -0.0585574 3.22475 -0.384005 -0.0400904 3.20912 -0.414308 0.228355 3.30008 -0.268185 0.197554 3.15278 -0.0592264 -0.0706479 3.22381 0.0165745 0.179792 3.28397 -0.104138 0.197232 3.12125 -0.186688 0.363199 3.40163 -0.288677 0.380771 3.45634 -0.32271 0.774862 3.39057 -0.277432 0.724389 3.80761 -0.080581 0.338734 3.35538 -0.0863805 0.422166 2.97848 -0.0941377 0.760802 3.16298 
-0.196017 -0.246333 3.0116 -0.2216 -0.0677164 3.22149 -0.378317 -0.0513946 3.19465 -0.42708 0.22298 3.2932 -0.268442 0.178882 3.1483 -0.0596321 -0.0826817 3.24277 0.0165138 0.162223 3.27658 -0.114983 0.176762 3.10027 -0.192183 0.358452 3.39418 -0.287179 0.379339 3.43898 -0.33049 0.776299 3.39158 -0.280942 0.718099 3.80414 -0.0860879 0.333104 3.35223 -0.0833639 0.411981 2.97704 -0.0905348 0.760104 3.15839 
-0.196928 -0.250388 3.02021 -0.221875 -0.0770087 3.22571 -0.37718 -0.0688256 3.20565 -0.425186 0.215766 3.28983 -0.260853 0.167257 3.15146 -0.0612231 -0.0894931 3.24554 0.0170493 0.156946 3.26932 -0.0917741 0.15965 3.11609 -0.192355 0.352673 3.38853 -0.291154 0.375036 3.4279 -0.330313 0.776016 3.39171 -0.289133 0.73222 3.80387 -0.0861895 0.330018 3.37338 -0.0747381 0.412194 2.96802 -0.0906226 0.754369 3.15834 
-0.192005 -0.277722 3.0287 -0.217817 -0.0927451 3.24007 -0.380718 -0.0842096 3.20527 -0.419424 0.188261 3.2886 -0.244422 0.136734 3.14675 -0.0583807 -0.104647 3.2646 0.0170691 0.147745 3.26982 -0.115787 0.145765 3.10112 -0.194911 0.347805 3.37734 -0.290821 0.368862 3.38826 -0.322804 0.774146 3.38654 -0.286034 0.725188 3.79814 -0.0880157 0.330827 3.37469 -0.0521894 0.416794 2.96401 -0.0904781 0.753144 3.15845 
-0.186503 -0.300332 3.07605 -0.217476 -0.110488 3.2603 -0.374393 -0.104675 3.23261 -0.411675 0.163097 3.29552 -0.224172 0.104635 3.15333 -0.0567755 -0.126709 3.28195 0.0185195 0.130453 3.24332 -0.107021 0.130245 3.09342 -0.193136 0.344472 3.35998 -0.294111 0.362858 3.38106 -0.314719 0.770886 3.39033 -0.290989 0.727611 3.80904 -0.0860587 0.325334 3.34134 -0.0418774 0.424515 2.95078 -0.090636 0.754942 3.15831 
-0.182078 -0.316364 3.08304 -0.209026 -0.132277 3.26369 -0.369778 -0.128838 3.23832 -0.410481 0.144223 3.29747 -0.211079 0.0876282 3.15318 -0.0475907 -0.142613 3.28377 0.0500067 0.122974 3.23935 -0.107376 0.100222 3.06636 -0.197446 0.335153 3.35542 -0.297771 0.357287 3.38299 -0.310581 0.769693 3.39828 -0.275744 0.712448 3.81288 -0.093446 0.320943 3.34693 -0.0546218 0.439019 2.95077 -0.0908257 0.759961 3.15817 
-0.181922 -0.341512 3.084 -0.206535 -0.152419 3.26572 -0.366021 -0.14916 3.2489 -0.412276 0.125701 3.2907 -0.212466 0.0623471 3.15482 -0.048252 -0.156583 3.28134 0.0633405 0.0914582 3.22569 -0.076209 0.0711478 3.09454 -0.198647 0.318644 3.35506 -0.29932 0.346296 3.38083 -0.292673 0.759583 3.40754 -0.258865 0.690969 3.81756 -0.103154 0.305392 3.32739 -0.0732664 0.442557 2.95099 -0.090891 0.761318 3.15394 
-0.17611 -0.371241 3.08779 -0.210572 -0.180685 3.26368 -0.366821 -0.183467 3.24798 -0.409587 0.0923637 3.2722 -0.21323 0.0306485 3.14633 -0.0488746 -0.191374 3.27677 0.0725092 0.0739157 3.21083 -0.0788752 0.0583982 3.07752 -0.197108 0.296203 3.36809 -0.300116 0.31745 3.38498 -0.279378 0.736324 3.41219 -0.267441 0.729222 3.81975 -0.0975279 0.28311 3.34778 -0.078021 0.435483 2.94945 -0.0960112 0.761637 3.15069 
-0.189319 -0.413588 3.09073 -0.216339 -0.226149 3.26019 -0.369587 -0.215747 3.25947 -0.417499 0.0607483 3.26276 -0.224221 -0.00262394 3.13064 -0.050917 -0.231272 3.27704 0.0606819 0.0200472 3.20458 -0.0871512 0.0117996 3.07931 -0.192165 0.247096 3.37465 -0.291785 0.266723 3.36291 -0.279354 0.577634 3.20033 -0.316882 0.675067 3.51162 -0.0889509 0.242205 3.36601 -0.0907743 0.519306 3.15196 -0.104311 0.807109 3.43241 
-0.191481 -0.506064 3.09101 -0.214858 -0.296949 3.26015 -0.370488 -0.288141 3.24613 -0.413868 -0.00409637 3.25071 -0.235609 -0.0298983 3.11579 -0.052728 -0.300424 3.26224 0.0499674 -0.0667135 3.18105 -0.0789159 -0.0669304 3.07204 -0.193533 0.178338 3.35853 -0.299302 0.19092 3.38801 -0.29247 0.603135 3.46093 -0.313184 0.736912 3.86659 -0.0980944 0.156538 3.33209 -0.0876765 0.399124 2.97067 -0.0995236 0.760059 3.1535 
-0.188865 -0.583834 3.09711 -0.216005 -0.36879 3.25526 -0.371214 -0.356077 3.24671 -0.418991 -0.0784632 3.25514 -0.23609 -0.108896 3.11616 -0.0529369 -0.375921 3.25508 0.0468209 -0.136527 3.18601 -0.0914375 -0.132906 3.05863 -0.196651 0.114527 3.34785 -0.299159 0.129212 3.38953 -0.298356 0.53672 3.46914 -0.315238 0.718725 3.86364 -0.0970824 0.10497 3.31624 -0.0893924 0.390717 2.99572 -0.0998871 0.760576 3.15731 
-0.202822 -0.699912 3.08464 -0.21718 -0.498793 3.25156 -0.375099 -0.491736 3.25443 -0.435871 -0.211365 3.25597 -0.270881 -0.248271 3.12619 -0.0531147 -0.500103 3.24566 0.0548744 -0.256355 3.2057 -0.0777891 -0.239482 3.0638 -0.203375 0.0066889 3.32614 -0.303867 0.0136364 3.37765 -0.32028 0.404729 3.49031 -0.315465 0.673279 3.81981 -0.105536 0.00502123 3.26307 -0.0903848 0.362537 3.04526 -0.0943596 0.753741 3.16321 
-0.232764 -0.830615 3.06207 -0.213774 -0.606368 3.26656 -0.376723 -0.608062 3.25548 -0.443594 -0.325381 3.28311 -0.279278 -0.349975 3.13456 -0.0532091 -0.611515 3.26516 0.0345521 -0.376994 3.22559 -0.102812 -0.357396 3.09028 -0.208685 -0.0884814 3.31856 -0.317093 -0.0894857 3.35668 -0.334906 0.302456 3.45789 -0.3132 0.606572 3.72669 -0.118104 -0.0879593 3.27348 -0.101273 0.30776 3.15591 -0.0852133 0.713777 3.15844 
-0.215367 -0.891842 3.08931 -0.226701 -0.691481 3.26367 -0.388427 -0.692458 3.27091 -0.444571 -0.428753 3.29393 -0.281191 -0.43802 3.14275 -0.0592442 -0.692866 3.24936 0.0238793 -0.423629 3.21798 -0.123528 -0.408053 3.05595 -0.224422 -0.157583 3.31932 -0.33368 -0.1586 3.35942 -0.337673 0.2424 3.43902 -0.308306 0.583837 3.64912 -0.126301 -0.159136 3.27242 -0.0996427 0.268102 3.2315 -0.0729865 0.675129 3.1783 
-0.19817 -0.933787 3.10696 -0.226092 -0.75118 3.27033 -0.398715 -0.751992 3.28313 -0.464457 -0.48271 3.3097 -0.281322 -0.491227 3.12622 -0.0622365 -0.754754 3.25845 0.0237077 -0.483204 3.23209 -0.13686 -0.471475 3.07745 -0.228386 -0.219426 3.31617 -0.344706 -0.220084 3.34877 -0.340743 0.196401 3.39139 -0.310639 0.565166 3.56008 -0.12513 -0.215463 3.26967 -0.116831 0.210214 3.24933 -0.0805564 0.621609 3.27445 
-0.21902 -0.968143 3.10575 -0.233645 -0.770907 3.27356 -0.399686 -0.776468 3.28015 -0.484598 -0.511238 3.32393 -0.30488 -0.505791 3.14418 -0.0711375 -0.770892 3.26315 0.00773497 -0.483307 3.2297 -0.144564 -0.486446 3.0806 -0.233142 -0.237259 3.30421 -0.351882 -0.237981 3.33622 -0.361146 0.186211 3.3707 -0.346462 0.581317 3.50882 -0.128848 -0.234727 3.2621 -0.117945 0.205392 3.25546 -0.0872891 0.604691 3.33812 
-0.219334 -0.951645 3.10507 -0.24665 -0.76046 3.27772 -0.422182 -0.760095 3.27661 -0.491612 -0.500826 3.32971 -0.290927 -0.494946 3.17554 -0.0757294 -0.760603 3.28587 -0.0033912 -0.473485 3.23182 -0.165399 -0.472214 3.09518 -0.237566 -0.228025 3.31418 -0.360474 -0.229414 3.31497 -0.367242 0.191825 3.33167 -0.380333 0.62299 3.38901 -0.127408 -0.230304 3.28544 -0.124667 0.18808 3.29841 -0.0991778 0.619337 3.38326 
-0.231966 -0.930117 3.1071 -0.254749 -0.733974 3.278 -0.417691 -0.735048 3.27123 -0.500024 -0.460586 3.32157 -0.322249 -0.448055 3.13873 -0.0939647 -0.735612 3.28811 -0.0177617 -0.443787 3.22956 -0.178701 -0.449886 3.09335 -0.240823 -0.194152 3.31309 -0.359393 -0.192029 3.30706 -0.366041 0.229118 3.31911 -0.394833 0.664605 3.34986 -0.127702 -0.195109 3.29405 -0.124703 0.232184 3.32021 -0.095606 0.642196 3.37879 
-0.240196 -0.864003 3.09492 -0.254713 -0.686179 3.27798 -0.423203 -0.686786 3.27918 -0.501005 -0.416673 3.31539 -0.326965 -0.408139 3.14868 -0.0971439 -0.682088 3.28852 -0.031167 -0.396874 3.23508 -0.182815 -0.385057 3.07238 -0.249257 -0.155258 3.31955 -0.362164 -0.147969 3.30803 -0.370516 0.296462 3.29861 -0.421863 0.717773 3.31492 -0.135145 -0.151363 3.3204 -0.127485 0.280871 3.34303 -0.111305 0.690038 3.38377 
-0.262096 -0.761719 3.07183 -0.257284 -0.581231 3.28271 -0.420106 -0.58691 3.27187 -0.507494 -0.318947 3.30622 -0.335782 -0.30316 3.13857 -0.112492 -0.576994 3.29772 -0.0431565 -0.292368 3.25177 -0.183777 -0.262254 3.08747 -0.262045 -0.0354843 3.32762 -0.364856 -0.0408801 3.30957 -0.407168 0.367475 3.23673 -0.429722 0.753595 3.33221 -0.146932 -0.0411879 3.34595 -0.121069 0.360296 3.31778 -0.132659 0.749856 3.41938 
-0.237901 -0.758841 3.10347 -0.262629 -0.547166 3.28004 -0.425568 -0.54837 3.25502 -0.503584 -0.262375 3.27985 -0.316764 -0.257195 3.13584 -0.109571 -0.549823 3.29996 -0.048285 -0.255366 3.24145 -0.182539 -0.235921 3.07746 -0.262232 -0.0219732 3.32591 -0.365941 -0.0144336 3.29756 -0.413918 0.380335 3.18949 -0.429876 0.758874 3.31975 -0.144411 -0.0200934 3.3527 -0.108079 0.375235 3.27608 -0.132543 0.754056 3.41476 
-0.2359 -0.749965 3.1017 -0.262429 -0.543186 3.28683 -0.425634 -0.544208 3.26012 -0.502721 -0.272425 3.31571 -0.316117 -0.248751 3.15619 -0.113879 -0.544896 3.31176 -0.0615167 -0.26235 3.28395 -0.1841 -0.234935 3.08543 -0.261491 -0.0251367 3.3243 -0.365631 -0.0242735 3.29209 -0.424373 0.384724 3.20954 -0.429789 0.75234 3.32586 -0.148441 -0.0264035 3.34849 -0.092297 0.367491 3.27958 -0.132713 0.749927 3.41502 
-0.237327 -0.761336 3.10025 -0.269778 -0.564732 3.29174 -0.428893 -0.563875 3.26241 -0.496898 -0.306571 3.31188 -0.280914 -0.301416 3.14813 -0.118123 -0.568091 3.31701 -0.0619108 -0.279825 3.29619 -0.19286 -0.259116 3.1245 -0.265446 -0.0444408 3.32104 -0.365392 -0.0415809 3.27867 -0.421208 0.370903 3.21649 -0.429947 0.750327 3.32551 -0.15543 -0.0491471 3.35025 -0.116215 0.365999 3.28528 -0.132917 0.749936 3.41468 
-0.252473 -0.773689 3.10032 -0.265498 -0.601667 3.31648 -0.430661 -0.599908 3.2795 -0.498669 -0.339385 3.30186 -0.283578 -0.357924 3.14926 -0.115995 -0.599815 3.34845 -0.0524713 -0.325743 3.30049 -0.1729 -0.326368 3.12726 -0.266492 -0.0735793 3.31442 -0.365739 -0.0654643 3.26804 -0.403311 0.358176 3.2257 -0.426342 0.746736 3.3256 -0.152803 -0.0777108 3.34975 -0.129788 0.345128 3.31069 -0.132908 0.742538 3.41447 
-0.252522 -0.780873 3.12364 -0.265363 -0.603916 3.32162 -0.433739 -0.604337 3.28104 -0.500714 -0.346314 3.28782 -0.275218 -0.369354 3.1493 -0.113614 -0.605828 3.3551 -0.0433471 -0.330936 3.26055 -0.179502 -0.364437 3.09241 -0.270002 -0.0773591 3.31536 -0.369124 -0.069707 3.28502 -0.397505 0.353786 3.26483 -0.426525 0.748826 3.33084 -0.155596 -0.0815123 3.33786 -0.131644 0.338414 3.32255 -0.13353 0.742961 3.41345 
-0.245233 -0.791367 3.15351 -0.262206 -0.600347 3.33744 -0.430966 -0.601522 3.30509 -0.503405 -0.344107 3.26532 -0.287418 -0.383652 3.14734 -0.113416 -0.601684 3.35552 -0.0286461 -0.330277 3.23607 -0.173791 -0.371781 3.07919 -0.266035 -0.0717569 3.31548 -0.365257 -0.0640034 3.28522 -0.381038 0.351152 3.28213 -0.426764 0.750907 3.33018 -0.15578 -0.0727972 3.33693 -0.135131 0.346774 3.34516 -0.133155 0.747447 3.4142 
-0.239427 -0.793134 3.16609 -0.266568 -0.594055 3.34043 -0.430836 -0.591256 3.30982 -0.498795 -0.337345 3.25951 -0.292231 -0.379397 3.13633 -0.118592 -0.596559 3.35312 -0.0267682 -0.325763 3.23466 -0.170234 -0.376709 3.09054 -0.265773 -0.060218 3.31076 -0.365285 -0.0546937 3.27853 -0.377511 0.357284 3.28918 -0.427208 0.751205 3.32883 -0.151566 -0.0631622 3.33554 -0.138989 0.352106 3.34875 -0.133075 0.749982 3.41473 
-0.242201 -0.801104 3.16866 -0.261264 -0.594792 3.34432 -0.429663 -0.593397 3.31277 -0.471448 -0.339776 3.26042 -0.276095 -0.39561 3.13902 -0.117884 -0.597299 3.36237 -0.0460373 -0.32143 3.2311 -0.178582 -0.382269 3.08909 -0.261433 -0.063728 3.31052 -0.365422 -0.0610898 3.28367 -0.373431 0.350015 3.28832 -0.42721 0.751134 3.32882 -0.152102 -0.0651282 3.33025 -0.140336 0.347117 3.33242 -0.13358 0.749902 3.41342 
-0.243596 -0.80663 3.17131 -0.262536 -0.596373 3.34113 -0.431119 -0.597334 3.30405 -0.456044 -0.334738 3.25895 -0.273495 -0.401486 3.13296 -0.114266 -0.599718 3.36197 -0.0467299 -0.325197 3.23126 -0.185507 -0.378288 3.08016 -0.261467 -0.0699575 3.29914 -0.365646 -0.0602759 3.26625 -0.372176 0.34958 3.28011 -0.42701 0.747845 3.33505 -0.148051 -0.0719217 3.32554 -0.140192 0.339988 3.32837 -0.133766 0.742601 3.41276 
-0.243444 -0.811264 3.17533 -0.262577 -0.596335 3.34507 -0.43097 -0.600099 3.30866 -0.466899 -0.338791 3.25832 -0.267247 -0.382968 3.12463 -0.114046 -0.601537 3.36229 -0.0463668 -0.32533 3.2331 -0.180752 -0.374443 3.08862 -0.261598 -0.0725191 3.30414 -0.365711 -0.0646872 3.27146 -0.371412 0.346602 3.27275 -0.427081 0.747265 3.34039 -0.14814 -0.0762092 3.3254 -0.131684 0.333723 3.3172 -0.133683 0.735611 3.41283 
-0.243899 -0.812189 3.18405 -0.263042 -0.596044 3.34398 -0.431178 -0.599941 3.30289 -0.468025 -0.338585 3.25671 -0.270793 -0.370077 3.10101 -0.114251 -0.595448 3.36667 -0.0462805 -0.325327 3.23326 -0.173276 -0.372099 3.09238 -0.261746 -0.0745055 3.30387 -0.365882 -0.0669887 3.27107 -0.371396 0.342309 3.27258 -0.426728 0.747662 3.33573 -0.147806 -0.0781649 3.32627 -0.131242 0.331111 3.31806 -0.133693 0.735624 3.41279 
-0.236394 -0.796599 3.18859 -0.264558 -0.58739 3.34477 -0.434635 -0.591757 3.31895 -0.49488 -0.334196 3.22078 -0.330369 -0.283222 3.0449 -0.114483 -0.585925 3.36173 -0.0503657 -0.31585 3.23455 -0.161514 -0.28282 3.04117 -0.261273 -0.0640805 3.31594 -0.365248 -0.0613066 3.29308 -0.372675 0.345547 3.28442 -0.426893 0.750912 3.3296 -0.15637 -0.0617785 3.32895 -0.136381 0.341875 3.32462 -0.133747 0.738182 3.41292 
-0.237539 -0.793564 3.20081 -0.266421 -0.57958 3.34026 -0.43556 -0.583432 3.3189 -0.489938 -0.319833 3.20819 -0.345003 -0.209387 3.02972 -0.115777 -0.58515 3.3636 -0.0618435 -0.300029 3.2282 -0.133394 -0.172186 3.0055 -0.26146 -0.0530443 3.30467 -0.366721 -0.052954 3.26662 -0.374437 0.363908 3.29769 -0.427145 0.750603 3.33462 -0.156361 -0.0542573 3.33071 -0.139092 0.360089 3.34887 -0.133208 0.752112 3.41415 
-0.24457 -0.790046 3.20155 -0.266884 -0.57726 3.33912 -0.435567 -0.577559 3.32388 -0.483449 -0.310345 3.19298 -0.389767 -0.131499 3.00708 -0.116044 -0.582412 3.36276 -0.0774166 -0.296869 3.21756 -0.0861043 -0.0919735 3.01925 -0.26196 -0.051037 3.30873 -0.366478 -0.0537673 3.27278 -0.380464 0.362437 3.30769 -0.427195 0.751675 3.33256 -0.160374 -0.0469719 3.33391 -0.152263 0.361968 3.34706 -0.133461 0.752055 3.41354 
-0.244236 -0.791395 3.21113 -0.264705 -0.572244 3.34974 -0.430858 -0.575236 3.34603 -0.443812 -0.290307 3.29038 -0.456832 -0.0520661 3.19374 -0.119857 -0.578236 3.36624 -0.0856816 -0.286404 3.21677 -0.019896 -0.0601019 3.17756 -0.265847 -0.0503296 3.32823 -0.366346 -0.0501263 3.30557 -0.379345 0.353461 3.32089 -0.427523 0.750669 3.34356 -0.152263 -0.0468838 3.33836 -0.156166 0.350252 3.36786 -0.133137 0.754635 3.41467 
-0.244106 -0.79128 3.2063 -0.264936 -0.572116 3.34894 -0.431048 -0.575236 3.34558 -0.452575 -0.302752 3.31788 -0.496392 -0.0356138 3.24094 -0.116116 -0.578087 3.35731 -0.0874171 -0.272134 3.25251 -0.0130413 -0.0478457 3.22375 -0.26584 -0.0508965 3.32834 -0.367278 -0.052185 3.31257 -0.379028 0.361016 3.32164 -0.427713 0.75078 3.34315 -0.151498 -0.0494026 3.34439 -0.16116 0.36084 3.36684 -0.133278 0.755174 3.41834 
-0.24473 -0.808088 3.20548 -0.26478 -0.580289 3.34486 -0.427339 -0.577904 3.3345 -0.483989 -0.304021 3.37925 -0.56794 -0.0427909 3.35283 -0.114465 -0.581858 3.36077 -0.0392944 -0.298564 3.312 0.0279873 -0.0341842 3.3279 -0.271135 -0.0392852 3.33067 -0.366851 -0.041019 3.32661 -0.383332 0.368734 3.33229 -0.427666 0.750791 3.34309 -0.160968 -0.0399335 3.3429 -0.162415 0.365962 3.37367 -0.133231 0.75937 3.41831 
-0.245729 -0.82083 3.19922 -0.26362 -0.580949 3.34281 -0.426921 -0.584167 3.3265 -0.50516 -0.310348 3.40586 -0.5736 -0.0625947 3.40469 -0.114154 -0.5794 3.35264 -0.024147 -0.295878 3.37531 0.034355 -0.0485781 3.39919 -0.270849 -0.0572726 3.32101 -0.366366 -0.0540723 3.30081 -0.385075 0.370599 3.32212 -0.428023 0.75093 3.34253 -0.160271 -0.0524666 3.35036 -0.167038 0.368161 3.37744 -0.133361 0.759385 3.41811 
-0.248591 -0.821559 3.1865 -0.263311 -0.581213 3.34378 -0.432457 -0.58391 3.3203 -0.531794 -0.341695 3.43814 -0.601641 -0.0702166 3.4743 -0.113214 -0.582269 3.35904 -0.0161022 -0.323416 3.43 0.0441866 -0.0772489 3.49107 -0.272957 -0.0485523 3.31835 -0.36865 -0.0437571 3.30072 -0.379568 0.367523 3.33026 -0.428468 0.751527 3.34548 -0.165578 -0.048063 3.34646 -0.171106 0.365059 3.37861 -0.133258 0.758937 3.41436 
-0.246011 -0.815673 3.17776 -0.267791 -0.587047 3.34224 -0.436735 -0.585759 3.32394 -0.522015 -0.347221 3.45393 -0.598452 -0.0884225 3.53124 -0.113259 -0.5844 3.35911 -0.0285512 -0.33015 3.44334 0.0311207 -0.0878799 3.49957 -0.276635 -0.0508035 3.31842 -0.373361 -0.0489587 3.31025 -0.38025 0.367447 3.32867 -0.428594 0.753429 3.3451 -0.166906 -0.0489481 3.33173 -0.176067 0.361585 3.37851 -0.133104 0.756623 3.4147 
-0.245557 -0.810889 3.17817 -0.26796 -0.587054 3.34182 -0.433366 -0.585695 3.32319 -0.514292 -0.342597 3.45722 -0.605512 -0.0893148 3.54292 -0.113353 -0.584114 3.35514 -0.0364728 -0.331653 3.43577 0.0283109 -0.0986505 3.50639 -0.276667 -0.0519825 3.31871 -0.372642 -0.0551181 3.31196 -0.385688 0.358192 3.32668 -0.428719 0.751602 3.3449 -0.167013 -0.0522973 3.32282 -0.175744 0.358788 3.37517 -0.133258 0.756656 3.41434 
-0.245988 -0.80987 3.17392 -0.267978 -0.584986 3.34179 -0.428872 -0.58579 3.3269 -0.502017 -0.338262 3.45328 -0.60154 -0.0894625 3.54094 -0.117404 -0.583801 3.35444 -0.0485655 -0.329124 3.43012 0.0199176 -0.0909616 3.50619 -0.277021 -0.0519321 3.31816 -0.373143 -0.0550106 3.31874 -0.384975 0.361251 3.32898 -0.428554 0.753444 3.34513 -0.167714 -0.0524322 3.32389 -0.179641 0.361459 3.38099 -0.133307 0.758957 3.41423 
-0.246866 -0.808215 3.18055 -0.271842 -0.586817 3.34722 -0.432661 -0.584103 3.329 -0.485603 -0.313216 3.46214 -0.551404 -0.0709203 3.5368 -0.118754 -0.585991 3.3607 -0.0628929 -0.316072 3.42257 -0.000736854 -0.0745249 3.49232 -0.278004 -0.0468556 3.3126 -0.372981 -0.0444798 3.31795 -0.389892 0.364123 3.33801 -0.428998 0.753027 3.35016 -0.173948 -0.0447449 3.31582 -0.187295 0.367647 3.38024 -0.133284 0.759062 3.41439 
-0.247072 -0.79982 3.18044 -0.276306 -0.584941 3.34263 -0.436481 -0.578213 3.33315 -0.484374 -0.309291 3.45761 -0.54245 -0.0720323 3.52079 -0.119722 -0.585269 3.3543 -0.0736704 -0.306486 3.39521 -0.0169833 -0.0776857 3.45056 -0.281418 -0.0482158 3.31717 -0.380545 -0.0448679 3.32404 -0.385089 0.36876 3.33829 -0.42908 0.753121 3.35009 -0.179617 -0.0456892 3.32454 -0.186512 0.365166 3.38958 -0.133285 0.759109 3.41443 
-0.246357 -0.806438 3.19973 -0.281819 -0.578023 3.34836 -0.441982 -0.579177 3.34481 -0.478477 -0.301856 3.43395 -0.505673 -0.048471 3.4487 -0.120615 -0.579643 3.36158 -0.0872164 -0.281406 3.34119 -0.0568973 -0.0547444 3.28092 -0.289695 -0.0406288 3.32244 -0.395111 -0.0395301 3.32941 -0.394293 0.369879 3.33927 -0.428843 0.75365 3.3448 -0.190662 -0.0395398 3.34232 -0.190821 0.366182 3.39028 -0.133295 0.759035 3.41444 
-0.24482 -0.799748 3.21096 -0.286379 -0.579717 3.35214 -0.442453 -0.576833 3.35351 -0.481677 -0.303901 3.42929 -0.492467 -0.0511363 3.39486 -0.128076 -0.584799 3.36338 -0.0899017 -0.304685 3.29852 -0.0739626 -0.0546969 3.22328 -0.28857 -0.045868 3.3473 -0.40201 -0.0496685 3.34469 -0.393994 0.367161 3.3458 -0.428718 0.755438 3.345 -0.188502 -0.0425878 3.35629 -0.190755 0.363608 3.39412 -0.1333 0.759029 3.41436 
-0.252496 -0.804698 3.22223 -0.293176 -0.577495 3.36687 -0.449582 -0.578996 3.38045 -0.476566 -0.298928 3.40822 -0.459774 -0.0599638 3.32877 -0.129204 -0.579999 3.36649 -0.0822318 -0.290379 3.29355 -0.0599877 -0.0702821 3.17079 -0.293764 -0.0404162 3.34296 -0.398975 -0.0460923 3.34985 -0.397699 0.366672 3.35664 -0.428549 0.755372 3.3454 -0.18964 -0.0396514 3.35347 -0.190566 0.368954 3.39453 -0.133409 0.759114 3.4142 
-0.25604 -0.813719 3.22963 -0.289268 -0.578102 3.38258 -0.450685 -0.580509 3.38326 -0.476336 -0.302644 3.39447 -0.437309 -0.0673185 3.27177 -0.129001 -0.579073 3.37441 -0.087412 -0.287251 3.26355 -0.0763971 -0.0652613 3.12187 -0.293753 -0.044951 3.35112 -0.395148 -0.0455829 3.34777 -0.398243 0.363267 3.34443 -0.428786 0.753517 3.34494 -0.189639 -0.0451497 3.35359 -0.189834 0.361574 3.38679 -0.133516 0.759091 3.41382 
-0.257905 -0.810872 3.23755 -0.288973 -0.581331 3.39641 -0.445881 -0.580651 3.39254 -0.47286 -0.315497 3.37577 -0.434958 -0.10455 3.18451 -0.129288 -0.582527 3.38671 -0.0899506 -0.314384 3.22568 -0.0828363 -0.0877481 3.06621 -0.289689 -0.0506928 3.357 -0.394497 -0.0480902 3.35437 -0.3982 0.36271 3.35025 -0.428671 0.753958 3.34907 -0.18959 -0.0470505 3.35731 -0.190107 0.364199 3.38606 -0.133551 0.759216 3.41378 
-0.251012 -0.806931 3.24054 -0.287825 -0.581842 3.40299 -0.445204 -0.578966 3.39379 -0.474062 -0.3256 3.37189 -0.437377 -0.126671 3.17643 -0.128877 -0.579682 3.40451 -0.0847595 -0.313716 3.23072 -0.0780369 -0.0944968 3.0487 -0.293318 -0.0503176 3.3572 -0.400172 -0.0529684 3.36254 -0.39847 0.361017 3.34976 -0.428745 0.753965 3.349 -0.189575 -0.0498513 3.3581 -0.190072 0.364204 3.38611 -0.133527 0.759279 3.41373 
-0.259891 -0.812552 3.24865 -0.287733 -0.581733 3.40345 -0.445146 -0.581043 3.3894 -0.481276 -0.304815 3.32299 -0.4417 -0.134928 3.14425 -0.129329 -0.584966 3.40892 -0.0846238 -0.322485 3.22301 -0.0951859 -0.0934517 2.99896 -0.293283 -0.0484175 3.35781 -0.399024 -0.0486672 3.35418 -0.398536 0.363011 3.34957 -0.429035 0.753521 3.354 -0.185251 -0.0476524 3.36236 -0.190026 0.361747 3.39011 -0.133229 0.759089 3.41441 
-0.25955 -0.808776 3.25304 -0.288595 -0.583268 3.40614 -0.445969 -0.582569 3.39257 -0.483215 -0.305695 3.31368 -0.442751 -0.133765 3.12868 -0.129464 -0.584943 3.40817 -0.0854702 -0.309493 3.22222 -0.114882 -0.0882132 2.99423 -0.293388 -0.0503937 3.35797 -0.39941 -0.0530696 3.35403 -0.398786 0.363611 3.34331 -0.429605 0.753639 3.3528 -0.193284 -0.051855 3.36216 -0.190646 0.356915 3.39438 -0.133258 0.758519 3.41926 
-0.253183 -0.804804 3.25595 -0.288476 -0.583277 3.40647 -0.445395 -0.582793 3.39373 -0.482449 -0.307725 3.3307 -0.443532 -0.133866 3.13362 -0.12928 -0.582626 3.40873 -0.0880594 -0.29982 3.23249 -0.1104 -0.102196 3.03665 -0.293139 -0.0479122 3.35881 -0.399183 -0.050845 3.35473 -0.398373 0.365905 3.34426 -0.429712 0.753624 3.35263 -0.189202 -0.0477395 3.36276 -0.190393 0.361454 3.39509 -0.133194 0.756433 3.42341 
-0.253119 -0.804812 3.25581 -0.284849 -0.579464 3.40544 -0.441728 -0.578867 3.39323 -0.474883 -0.301566 3.36246 -0.445138 -0.104131 3.16298 -0.128971 -0.585073 3.40927 -0.0817971 -0.299216 3.25401 -0.105345 -0.097554 3.07514 -0.292745 -0.0478811 3.35941 -0.394856 -0.0493471 3.35507 -0.398297 0.364617 3.33482 -0.429819 0.753586 3.35234 -0.188821 -0.0452518 3.36354 -0.190455 0.359911 3.39867 -0.133261 0.758998 3.42335 
-0.252375 -0.808818 3.2527 -0.280519 -0.577727 3.40611 -0.441848 -0.580747 3.39308 -0.478159 -0.301911 3.37247 -0.451096 -0.0864391 3.21115 -0.128601 -0.583326 3.40462 -0.0750876 -0.294318 3.27409 -0.0959266 -0.0923259 3.11225 -0.292875 -0.0439499 3.3591 -0.394116 -0.0421288 3.35492 -0.398225 0.368595 3.33854 -0.429782 0.753561 3.35237 -0.188827 -0.0432978 3.36369 -0.186698 0.362783 3.39881 -0.133247 0.758989 3.42341 
-0.252336 -0.812714 3.24833 -0.280688 -0.577064 3.4056 -0.442213 -0.578457 3.39236 -0.472205 -0.290124 3.39116 -0.463988 -0.0654961 3.30797 -0.128589 -0.578144 3.39883 -0.0798016 -0.282505 3.27453 -0.0684638 -0.071133 3.15866 -0.289735 -0.0450132 3.35638 -0.399547 -0.0406968 3.35346 -0.397673 0.367415 3.34537 -0.4296 0.753581 3.3527 -0.189299 -0.0483952 3.35897 -0.186945 0.365535 3.39817 -0.133381 0.761349 3.4231 
-0.252271 -0.820013 3.23955 -0.280645 -0.577122 3.40067 -0.442308 -0.578434 3.39205 -0.467649 -0.300326 3.41246 -0.47803 -0.0727456 3.34102 -0.128961 -0.579335 3.38848 -0.0853695 -0.283186 3.26755 -0.0733404 -0.0659717 3.15508 -0.289647 -0.0444016 3.35597 -0.39993 -0.0464324 3.35251 -0.397714 0.365932 3.33976 -0.429662 0.7536 3.35269 -0.18478 -0.042879 3.35888 -0.186588 0.363061 3.40273 -0.133299 0.761312 3.42328 
-0.257149 -0.815672 3.23801 -0.27775 -0.573902 3.39409 -0.44244 -0.576205 3.39641 -0.464209 -0.297453 3.44063 -0.488504 -0.0397677 3.39395 -0.121416 -0.576606 3.37897 -0.0924833 -0.276081 3.27018 -0.0802251 -0.0327585 3.1759 -0.290409 -0.0401308 3.36978 -0.399421 -0.0418893 3.3681 -0.393587 0.364244 3.34638 -0.429525 0.753561 3.35293 -0.185237 -0.0383227 3.35754 -0.190122 0.362062 3.40319 -0.133287 0.761318 3.42332 
-0.24966 -0.809869 3.23802 -0.27753 -0.574003 3.3945 -0.442163 -0.576289 3.39677 -0.463979 -0.29373 3.44771 -0.49347 -0.0369742 3.43869 -0.121342 -0.576625 3.37909 -0.0926804 -0.276116 3.27888 -0.0773735 -0.0387741 3.2042 -0.28966 -0.040028 3.37187 -0.394273 -0.0437549 3.37243 -0.393871 0.366343 3.35128 -0.429519 0.753597 3.35296 -0.184879 -0.0373065 3.3619 -0.191186 0.366694 3.39702 -0.133418 0.761364 3.42307 
-0.250378 -0.819318 3.23733 -0.278197 -0.573609 3.39279 -0.442604 -0.579862 3.39631 -0.468519 -0.290897 3.45612 -0.498261 -0.0380927 3.45424 -0.121437 -0.57594 3.36594 -0.0928752 -0.266869 3.28792 -0.0400741 -0.019721 3.25514 -0.289865 -0.0368439 3.35169 -0.39121 -0.0379909 3.36315 -0.393595 0.369086 3.34611 -0.429183 0.753653 3.3442 -0.180266 -0.0338113 3.35374 -0.191382 0.366918 3.39633 -0.133421 0.761405 3.42304 
