15 220 4
0 0 0 0 0 0
0.126709 -1.60177 -0.124246 3.89049 0.231406 3.58272
-0.00192581 3.06012 0.0318007 -0.628713 0.14033 7.36518
0.113973 1.61967 0.116063 -3.58253 0.439694 3.68812
-0.301123 -0.773335 3.09639 -0.393866 -0.590392 3.07155 -0.337154 -0.585131 2.9034 -0.302774 -0.288394 2.84144 -0.224308 -0.0764805 2.85451 -0.462371 -0.59716 3.22932 -0.442906 -0.27848 3.31014 -0.362413 -0.0463229 3.36181 -0.378661 -0.0423844 3.05458 -0.340167 -0.0361254 2.94871 -0.388926 0.361038 2.94743 -0.398949 0.759072 2.9221 -0.419257 -0.0452083 3.16522 -0.426117 0.344093 3.15166 -0.468976 0.761411 3.16129 
-0.28928 -0.763167 3.09832 -0.400493 -0.590367 3.07194 -0.338048 -0.58684 2.90332 -0.311414 -0.293012 2.84478 -0.231377 -0.0682998 2.8606 -0.462805 -0.597476 3.22892 -0.438293 -0.290336 3.30628 -0.362018 -0.0503684 3.36708 -0.386971 -0.0408936 3.05838 -0.343814 -0.0357718 2.95246 -0.382595 0.358524 2.95095 -0.398924 0.759559 2.92604 -0.428814 -0.0479863 3.16572 -0.430025 0.339696 3.1525 -0.469049 0.760933 3.15765 
-0.288836 -0.759386 3.08894 -0.397241 -0.590343 3.07176 -0.343213 -0.583718 2.90338 -0.323544 -0.288282 2.84342 -0.251161 -0.057857 2.84983 -0.462321 -0.597277 3.22918 -0.43822 -0.294319 3.3064 -0.352675 -0.0502227 3.3704 -0.38665 -0.0474565 3.05891 -0.343738 -0.0387678 2.95323 -0.3776 0.356282 2.95575 -0.398938 0.759012 2.92206 -0.416792 -0.0502979 3.16921 -0.429905 0.336104 3.15252 -0.46907 0.760934 3.15764 
-0.281052 -0.76426 3.09047 -0.400133 -0.586615 3.07172 -0.337838 -0.579809 2.90293 -0.334947 -0.285038 2.83957 -0.261121 -0.0527311 2.83804 -0.46247 -0.595751 3.22926 -0.442678 -0.283049 3.30931 -0.371469 -0.0436976 3.36705 -0.389601 -0.0448396 3.05507 -0.342277 -0.0372491 2.95078 -0.377709 0.359277 2.95569 -0.399064 0.759574 2.92567 -0.443203 -0.0504039 3.16939 -0.429625 0.341454 3.15216 -0.46908 0.763558 3.16117 
-0.279226 -0.761381 3.05309 -0.403714 -0.585181 3.07185 -0.341017 -0.579723 2.90303 -0.34586 -0.289259 2.83271 -0.291754 -0.0486864 2.83411 -0.465894 -0.594587 3.23688 -0.451727 -0.289555 3.30625 -0.372852 -0.0433013 3.3534 -0.389953 -0.0467073 3.05821 -0.342013 -0.0411454 2.95517 -0.377714 0.357133 2.95581 -0.399207 0.757463 2.9257 -0.444067 -0.0544272 3.16901 -0.432912 0.342012 3.15188 -0.469183 0.763551 3.16122 
-0.274517 -0.76106 3.05359 -0.40403 -0.585179 3.07185 -0.337908 -0.577588 2.8992 -0.354451 -0.290655 2.83599 -0.297957 -0.0478172 2.83033 -0.466017 -0.594556 3.23716 -0.48452 -0.295595 3.30721 -0.410714 -0.0537933 3.34925 -0.386962 -0.0456096 3.05806 -0.342161 -0.0372427 2.95886 -0.377575 0.354811 2.95593 -0.395861 0.758657 2.92552 -0.438668 -0.049373 3.1693 -0.433104 0.342066 3.15192 -0.469209 0.766146 3.16114 
-0.269804 -0.756305 3.05441 -0.403462 -0.584985 3.07194 -0.341373 -0.576248 2.90279 -0.355142 -0.305231 2.84152 -0.310938 -0.043111 2.82658 -0.462187 -0.595935 3.2379 -0.473682 -0.297343 3.30712 -0.420415 -0.059728 3.34598 -0.37997 -0.0472741 3.06133 -0.339028 -0.0383523 2.96388 -0.377711 0.35667 2.95582 -0.395891 0.758642 2.92553 -0.415279 -0.0519411 3.16849 -0.429368 0.345353 3.15143 -0.469272 0.766153 3.16115 
-0.274356 -0.75176 3.05354 -0.404097 -0.585223 3.07187 -0.346932 -0.578223 2.90298 -0.359107 -0.29819 2.84106 -0.317399 -0.0424008 2.82681 -0.462294 -0.595979 3.23785 -0.474189 -0.297431 3.30704 -0.420883 -0.0593488 3.34085 -0.379542 -0.050343 3.06108 -0.334238 -0.0395684 2.95896 -0.374616 0.356128 2.95565 -0.399036 0.757426 2.92574 -0.409643 -0.0549267 3.17305 -0.432949 0.346056 3.1516 -0.469177 0.766137 3.16115 
-0.265568 -0.74694 3.05512 -0.403798 -0.586691 3.07195 -0.346812 -0.576515 2.9029 -0.365261 -0.291068 2.84102 -0.311179 -0.0431263 2.8265 -0.461764 -0.598193 3.23766 -0.465541 -0.296705 3.30206 -0.42145 -0.063276 3.34087 -0.37961 -0.0490642 3.06121 -0.338412 -0.0382362 2.95917 -0.374615 0.356188 2.95567 -0.399034 0.759433 2.92564 -0.40665 -0.0537389 3.1731 -0.429609 0.34803 3.15124 -0.469164 0.766151 3.16115 
-0.273872 -0.746561 3.05357 -0.403651 -0.585365 3.07542 -0.346295 -0.576451 2.90295 -0.365242 -0.291157 2.84097 -0.311473 -0.0432946 2.83045 -0.461557 -0.598329 3.24207 -0.465627 -0.301102 3.30208 -0.421481 -0.0633709 3.34084 -0.379711 -0.0520149 3.06109 -0.338527 -0.0382902 2.96392 -0.377566 0.356806 2.95606 -0.39911 0.762185 2.92556 -0.40962 -0.0565233 3.17281 -0.429328 0.34526 3.15124 -0.46907 0.766186 3.16111 
-0.273365 -0.747059 3.04452 -0.403464 -0.586854 3.07551 -0.346051 -0.575747 2.90304 -0.365576 -0.294151 2.84026 -0.311009 -0.0464289 2.83082 -0.461446 -0.598314 3.24197 -0.465364 -0.301277 3.30678 -0.421381 -0.0634124 3.34082 -0.379981 -0.0522571 3.06071 -0.341887 -0.0432831 2.96383 -0.377531 0.356708 2.95605 -0.399012 0.762226 2.92557 -0.412838 -0.0579539 3.17265 -0.429214 0.345151 3.15113 -0.469053 0.766214 3.16112 
-0.269967 -0.747312 3.04519 -0.403485 -0.585346 3.07543 -0.345707 -0.578207 2.90316 -0.361224 -0.297083 2.83646 -0.298493 -0.0544646 2.83466 -0.461541 -0.598406 3.24193 -0.466074 -0.301126 3.30211 -0.42118 -0.0670129 3.34099 -0.383788 -0.0501177 3.06555 -0.342235 -0.0433396 2.96383 -0.377555 0.356658 2.9561 -0.399017 0.760196 2.92564 -0.422863 -0.0536428 3.17605 -0.429473 0.347253 3.15097 -0.469024 0.766224 3.16115 
-0.264871 -0.747061 3.04618 -0.403945 -0.585555 3.07539 -0.346627 -0.57592 2.90298 -0.360542 -0.293869 2.84137 -0.298383 -0.0496018 2.83468 -0.461571 -0.598492 3.24204 -0.473635 -0.298462 3.30685 -0.411509 -0.0612008 3.34073 -0.386893 -0.0513221 3.0661 -0.3421 -0.0448695 2.96389 -0.377688 0.355026 2.95631 -0.398986 0.760203 2.92579 -0.414399 -0.0550808 3.17609 -0.429348 0.34725 3.15092 -0.469049 0.766228 3.16109 
-0.265117 -0.747164 3.04578 -0.400561 -0.587129 3.07531 -0.345881 -0.578342 2.90307 -0.347707 -0.288317 2.83951 -0.265681 -0.0549717 2.83689 -0.46199 -0.598896 3.24191 -0.474517 -0.297781 3.30247 -0.411481 -0.0648692 3.34077 -0.383488 -0.0470401 3.05806 -0.343008 -0.0405885 2.95945 -0.374672 0.353952 2.95608 -0.395907 0.759432 2.92565 -0.417307 -0.0515552 3.17318 -0.429497 0.346019 3.1517 -0.469093 0.764062 3.16087 
-0.260202 -0.746976 3.04674 -0.400396 -0.585479 3.07524 -0.346113 -0.578252 2.90304 -0.347667 -0.287407 2.84047 -0.261012 -0.0555468 2.83374 -0.461772 -0.598705 3.24187 -0.474375 -0.293465 3.30241 -0.383371 -0.0570779 3.33999 -0.383641 -0.0490072 3.05801 -0.34346 -0.0377718 2.95879 -0.377725 0.354545 2.95624 -0.399007 0.760209 2.92578 -0.41648 -0.0513686 3.17328 -0.429268 0.343302 3.15155 -0.46911 0.764059 3.16085 
-0.255093 -0.74664 3.04756 -0.393797 -0.587066 3.07493 -0.342929 -0.577597 2.90279 -0.347189 -0.290662 2.84472 -0.259998 -0.0566437 2.84234 -0.452644 -0.599577 3.24168 -0.443573 -0.292872 3.3067 -0.36429 -0.0597578 3.3396 -0.383497 -0.0478864 3.0584 -0.343143 -0.0360929 2.9593 -0.37782 0.35296 2.95618 -0.399012 0.762249 2.92567 -0.407508 -0.0562399 3.16854 -0.429094 0.343334 3.15189 -0.469111 0.761411 3.16102 
-0.251512 -0.746826 3.04809 -0.397081 -0.588668 3.07512 -0.343063 -0.581039 2.90294 -0.347299 -0.288391 2.84453 -0.255069 -0.0581527 2.84554 -0.453075 -0.598351 3.24154 -0.447831 -0.296223 3.30642 -0.364302 -0.0597528 3.33955 -0.383614 -0.0480275 3.05834 -0.340144 -0.0391397 2.95877 -0.377744 0.353142 2.95601 -0.398895 0.761755 2.92201 -0.410801 -0.055988 3.16855 -0.425893 0.342737 3.15173 -0.469103 0.761443 3.16094 
-0.251363 -0.74229 3.04812 -0.393781 -0.586826 3.07142 -0.34287 -0.57931 2.90283 -0.341001 -0.28842 2.84431 -0.254919 -0.0598368 2.8458 -0.453046 -0.599908 3.24125 -0.443675 -0.296466 3.30676 -0.36413 -0.0684649 3.33963 -0.378697 -0.0493912 3.05831 -0.340125 -0.0409466 2.9585 -0.377721 0.353143 2.95613 -0.398896 0.761755 2.92204 -0.40542 -0.0538517 3.16811 -0.425866 0.340714 3.15162 -0.469114 0.761425 3.1609 
-0.251295 -0.737708 3.04792 -0.390608 -0.586975 3.0712 -0.337653 -0.577364 2.90242 -0.333847 -0.288173 2.84388 -0.254837 -0.0545758 2.84719 -0.452465 -0.599486 3.24177 -0.434311 -0.282622 3.30611 -0.355491 -0.063458 3.33441 -0.378415 -0.050296 3.0582 -0.340236 -0.0392865 2.95821 -0.377682 0.354725 2.95613 -0.395927 0.761463 2.92566 -0.401949 -0.0524406 3.16779 -0.429316 0.343836 3.15235 -0.469091 0.764078 3.16096 
-0.246281 -0.742017 3.049 -0.387238 -0.588807 3.06656 -0.33688 -0.57918 2.89807 -0.328736 -0.292289 2.8398 -0.256737 -0.0572814 2.84277 -0.448965 -0.599105 3.24163 -0.43466 -0.286142 3.30148 -0.355383 -0.0671455 3.3343 -0.378163 -0.0480037 3.05814 -0.340324 -0.0420836 2.95816 -0.374653 0.353954 2.95611 -0.39891 0.762299 2.9258 -0.401834 -0.0573168 3.1679 -0.429275 0.343756 3.15234 -0.469067 0.764108 3.16096 
-0.242032 -0.741887 3.04981 -0.3822 -0.588838 3.06628 -0.332727 -0.575 2.8978 -0.328364 -0.285851 2.84332 -0.253709 -0.0561732 2.84536 -0.446131 -0.597111 3.2414 -0.434663 -0.286211 3.30182 -0.355456 -0.0671761 3.33438 -0.37828 -0.0503425 3.05827 -0.340062 -0.0392433 2.95301 -0.374642 0.352386 2.95601 -0.398866 0.762343 2.92578 -0.401846 -0.0561034 3.168 -0.429324 0.341333 3.15223 -0.469084 0.764053 3.16088 
-0.237814 -0.742437 3.04189 -0.382376 -0.589153 3.06622 -0.329086 -0.578944 2.89784 -0.32172 -0.288026 2.8386 -0.252425 -0.0535534 2.84284 -0.449529 -0.597544 3.24151 -0.438078 -0.294018 3.30188 -0.355481 -0.0623839 3.33402 -0.378564 -0.0522018 3.05799 -0.33457 -0.0432861 2.95355 -0.37469 0.353915 2.95559 -0.398877 0.762326 2.92571 -0.408273 -0.0599359 3.16802 -0.429321 0.341376 3.15208 -0.465818 0.763281 3.16079 
-0.237291 -0.743158 3.04202 -0.382416 -0.589506 3.06604 -0.329789 -0.580832 2.89774 -0.323304 -0.284564 2.84262 -0.256481 -0.0542487 2.843 -0.440942 -0.600013 3.2377 -0.438061 -0.298275 3.30277 -0.355967 -0.0577213 3.33038 -0.373838 -0.0515194 3.05776 -0.334781 -0.0430394 2.94794 -0.374437 0.355121 2.95076 -0.395807 0.761537 2.92557 -0.40282 -0.0580822 3.16754 -0.42922 0.341349 3.15198 -0.469013 0.764081 3.16096 
-0.233982 -0.743311 3.04259 -0.379284 -0.589652 3.06589 -0.32624 -0.579338 2.89741 -0.316453 -0.284789 2.83401 -0.254218 -0.0513785 2.83395 -0.43766 -0.600554 3.24101 -0.436368 -0.298747 3.30232 -0.355985 -0.0623272 3.33039 -0.373763 -0.0489181 3.05803 -0.334879 -0.0402181 2.94769 -0.37441 0.355064 2.95086 -0.395733 0.761084 2.92157 -0.406117 -0.0577173 3.16787 -0.429327 0.339365 3.15228 -0.469232 0.765729 3.16625 
-0.226062 -0.743468 3.04417 -0.374381 -0.5898 3.06558 -0.322766 -0.580923 2.89731 -0.315537 -0.286796 2.83455 -0.256717 -0.0493902 2.83455 -0.418382 -0.600497 3.23567 -0.435436 -0.294902 3.30147 -0.364829 -0.0585517 3.33057 -0.363143 -0.0541682 3.05784 -0.33423 -0.0431903 2.9494 -0.374346 0.357625 2.95048 -0.395422 0.761611 2.91634 -0.397375 -0.0625412 3.16703 -0.42905 0.339378 3.15223 -0.469223 0.765699 3.16625 
-0.222337 -0.743711 3.04464 -0.379072 -0.591705 3.06577 -0.316181 -0.583257 2.89331 -0.316507 -0.290246 2.83895 -0.257744 -0.0529048 2.83451 -0.412144 -0.601109 3.23189 -0.435064 -0.298189 3.30234 -0.36481 -0.0633233 3.33067 -0.362765 -0.054823 3.05786 -0.333758 -0.0413626 2.94442 -0.374341 0.361208 2.95027 -0.398574 0.762372 2.91639 -0.397175 -0.0604699 3.16663 -0.425852 0.341275 3.1521 -0.465936 0.764845 3.1661 
-0.218324 -0.743816 3.04544 -0.36912 -0.591655 3.06537 -0.311088 -0.584794 2.89316 -0.318875 -0.297269 2.83824 -0.260611 -0.0507536 2.83387 -0.401043 -0.600383 3.23512 -0.434519 -0.298659 3.29863 -0.365108 -0.0682904 3.33066 -0.367786 -0.0544967 3.05481 -0.333651 -0.0431089 2.94055 -0.374318 0.359278 2.95035 -0.398571 0.762349 2.91632 -0.397205 -0.0603845 3.16695 -0.429087 0.341844 3.15265 -0.465926 0.764834 3.16605 
-0.213849 -0.743818 3.04615 -0.360486 -0.591335 3.06497 -0.31107 -0.583537 2.8965 -0.31785 -0.297358 2.83376 -0.259433 -0.0475719 2.82572 -0.397356 -0.600307 3.23494 -0.434834 -0.298884 3.29424 -0.365154 -0.0644421 3.33047 -0.36805 -0.0531785 3.05455 -0.33404 -0.0414682 2.93982 -0.374005 0.356787 2.94544 -0.398735 0.762323 2.91642 -0.396949 -0.0607777 3.1621 -0.428969 0.34336 3.15256 -0.465919 0.76486 3.16605 
-0.20558 -0.743727 3.04784 -0.354613 -0.590825 3.06483 -0.302374 -0.579414 2.89151 -0.317424 -0.29043 2.82924 -0.257628 -0.0444015 2.8282 -0.392501 -0.600305 3.23475 -0.435354 -0.302534 3.29463 -0.365148 -0.060678 3.33038 -0.368178 -0.0593034 3.05412 -0.329931 -0.0482908 2.93527 -0.373956 0.356585 2.94165 -0.398775 0.762364 2.91623 -0.397394 -0.0627285 3.16179 -0.429014 0.34185 3.15233 -0.46593 0.764852 3.16595 
-0.200554 -0.734924 3.03935 -0.34151 -0.589149 3.05839 -0.300801 -0.575261 2.87772 -0.315823 -0.293028 2.81663 -0.264385 -0.0405935 2.82761 -0.391927 -0.600027 3.23444 -0.427109 -0.302218 3.28468 -0.365921 -0.0642066 3.32185 -0.36432 -0.0598998 3.05398 -0.329404 -0.0501154 2.92645 -0.368402 0.357281 2.9362 -0.398822 0.762405 2.91627 -0.396458 -0.0674327 3.16156 -0.424111 0.342479 3.1524 -0.465972 0.764784 3.1659 
-0.173102 -0.725041 3.04455 -0.324958 -0.589909 3.05433 -0.2823 -0.576399 2.8768 -0.322437 -0.299105 2.81749 -0.283908 -0.0526273 2.82505 -0.382813 -0.597367 3.23031 -0.426706 -0.30015 3.27938 -0.376329 -0.0616685 3.31069 -0.363421 -0.0660042 3.05404 -0.33209 -0.0564509 2.92912 -0.376659 0.35318 2.9324 -0.398732 0.762928 2.91998 -0.38667 -0.0702825 3.15699 -0.42538 0.338674 3.15194 -0.465892 0.762285 3.16619 
-0.159951 -0.721111 3.02879 -0.316846 -0.590713 3.05277 -0.287747 -0.580628 2.87669 -0.322044 -0.295562 2.81314 -0.297004 -0.0511525 2.82557 -0.370968 -0.600008 3.22898 -0.428557 -0.309348 3.26425 -0.376718 -0.0656414 3.30706 -0.357895 -0.0636902 3.04921 -0.332248 -0.0518448 2.92358 -0.376297 0.355337 2.92365 -0.398694 0.762418 2.91585 -0.386505 -0.070128 3.157 -0.425664 0.342932 3.14796 -0.465917 0.764995 3.16604 
-0.148963 -0.71807 3.02173 -0.313059 -0.588078 3.0477 -0.277387 -0.57959 2.87135 -0.333641 -0.301004 2.80543 -0.302833 -0.050124 2.80729 -0.35853 -0.600287 3.2243 -0.427553 -0.312265 3.25728 -0.38639 -0.0664156 3.30251 -0.359617 -0.0678161 3.04906 -0.331398 -0.0564429 2.91898 -0.373285 0.352562 2.92344 -0.398793 0.762415 2.91577 -0.377215 -0.0732313 3.1567 -0.425683 0.338388 3.1487 -0.465962 0.764968 3.16606 
-0.139575 -0.714104 3.0146 -0.309087 -0.5923 3.04312 -0.261485 -0.579603 2.87065 -0.337077 -0.300426 2.78786 -0.326285 -0.0359955 2.7947 -0.352246 -0.600511 3.21901 -0.434177 -0.31733 3.25101 -0.405991 -0.0770275 3.29961 -0.358144 -0.0677241 3.04878 -0.32915 -0.0559666 2.91874 -0.379382 0.354033 2.92319 -0.398888 0.76237 2.91548 -0.376801 -0.0700361 3.1565 -0.429216 0.338887 3.14898 -0.46921 0.765852 3.16632 
-0.112139 -0.708964 3.02008 -0.303443 -0.587914 3.04269 -0.245738 -0.577191 2.86532 -0.343344 -0.300205 2.78778 -0.341937 -0.039248 2.77558 -0.332615 -0.597749 3.21832 -0.426023 -0.31824 3.24673 -0.415745 -0.0658078 3.29933 -0.36104 -0.0653877 3.03976 -0.319414 -0.0549756 2.91469 -0.37936 0.352952 2.91224 -0.398929 0.762301 2.91592 -0.388681 -0.0696484 3.15599 -0.429563 0.336727 3.14821 -0.46929 0.765767 3.16631 
-0.0900734 -0.706113 3.00692 -0.281709 -0.582747 3.03697 -0.242475 -0.577172 2.86475 -0.34219 -0.296705 2.77931 -0.360129 -0.0307587 2.76755 -0.301886 -0.592728 3.20783 -0.42488 -0.316497 3.24399 -0.416702 -0.0641241 3.28926 -0.350973 -0.0624961 3.02929 -0.319884 -0.0541017 2.91445 -0.379489 0.352765 2.91185 -0.39912 0.762219 2.91558 -0.368077 -0.0673487 3.14939 -0.428799 0.341532 3.14771 -0.46928 0.765836 3.16635 
-0.0777574 -0.701833 3.00041 -0.256343 -0.578307 3.03228 -0.232656 -0.572175 2.85587 -0.342164 -0.311191 2.77968 -0.377176 -0.036378 2.74864 -0.301327 -0.592159 3.20775 -0.38688 -0.318033 3.2442 -0.42179 -0.069709 3.2904 -0.330946 -0.0575066 3.02322 -0.311222 -0.0518745 2.90929 -0.378998 0.35523 2.9035 -0.399233 0.759362 2.91564 -0.359324 -0.0636953 3.14498 -0.425056 0.338514 3.148 -0.469216 0.765813 3.16633 
-0.0741977 -0.707396 2.99226 -0.247214 -0.5768 3.02308 -0.229074 -0.569851 2.85036 -0.340619 -0.293224 2.77012 -0.387681 -0.0351858 2.73621 -0.283625 -0.585875 3.18456 -0.372206 -0.314847 3.23933 -0.407958 -0.0678423 3.2802 -0.319028 -0.0552231 3.00887 -0.308101 -0.0497444 2.90524 -0.375857 0.356632 2.90299 -0.399121 0.76044 2.91546 -0.352451 -0.0623928 3.1362 -0.420037 0.344704 3.14308 -0.469159 0.765821 3.16641 
-0.0694383 -0.707338 2.99294 -0.247196 -0.574726 3.01113 -0.228731 -0.569757 2.83688 -0.327162 -0.299954 2.76553 -0.367172 -0.0374724 2.72642 -0.283446 -0.586396 3.1819 -0.366859 -0.315896 3.23857 -0.386315 -0.0744209 3.27432 -0.313277 -0.0535158 3.00776 -0.297351 -0.0455942 2.90147 -0.367358 0.360867 2.90221 -0.398931 0.765218 2.91516 -0.337333 -0.0602587 3.12364 -0.401005 0.350983 3.14735 -0.465906 0.764892 3.16588 
-0.0712731 -0.717414 2.96594 -0.246431 -0.574621 2.998 -0.227369 -0.565201 2.81492 -0.300376 -0.29503 2.75867 -0.337954 -0.0376398 2.71036 -0.283248 -0.58626 3.17432 -0.369017 -0.309732 3.23065 -0.381296 -0.0707057 3.26886 -0.306062 -0.0535232 3.00772 -0.28477 -0.045279 2.89651 -0.340794 0.356293 2.90136 -0.402515 0.765667 2.91065 -0.313288 -0.0599081 3.12207 -0.360575 0.354598 3.14953 -0.465918 0.760773 3.16508 
-0.0729069 -0.722651 2.96571 -0.240705 -0.576898 2.9893 -0.222235 -0.567028 2.81086 -0.287253 -0.294291 2.7583 -0.292534 -0.0349043 2.70213 -0.288743 -0.585426 3.17153 -0.343257 -0.302577 3.2331 -0.340953 -0.0491159 3.26837 -0.288885 -0.0524015 3.00776 -0.268056 -0.0431613 2.89532 -0.314618 0.359912 2.90007 -0.399519 0.761904 2.9111 -0.295973 -0.057442 3.11187 -0.310027 0.354898 3.16464 -0.460354 0.749317 3.15994 
-0.0755384 -0.732517 2.94769 -0.242126 -0.572822 2.98042 -0.210232 -0.562442 2.80164 -0.254533 -0.289018 2.75574 -0.2544 -0.0347916 2.70812 -0.295766 -0.587113 3.16731 -0.314089 -0.291453 3.23199 -0.272713 -0.0516644 3.2704 -0.295834 -0.0503548 3.00767 -0.267077 -0.0378105 2.89469 -0.281894 0.360291 2.89856 -0.403461 0.757615 2.91637 -0.293089 -0.0568911 3.11694 -0.272273 0.337521 3.18397 -0.409924 0.736091 3.16373 
-0.0760972 -0.736524 2.95652 -0.248044 -0.573789 2.97545 -0.209147 -0.56299 2.80115 -0.202358 -0.279633 2.74406 -0.164719 -0.0327272 2.73283 -0.294109 -0.588774 3.1631 -0.296709 -0.294074 3.23086 -0.205657 -0.0661516 3.26445 -0.297714 -0.0560397 3.00887 -0.279967 -0.0410702 2.89114 -0.308638 0.351753 2.89896 -0.40031 0.765316 2.91622 -0.299417 -0.0647759 3.12256 -0.207964 0.319567 3.19547 -0.356728 0.717615 3.18614 
-0.0761386 -0.736544 2.95655 -0.241197 -0.574724 2.97559 -0.176737 -0.560364 2.80005 -0.172912 -0.272288 2.74887 -0.102995 -0.0380228 2.76445 -0.294213 -0.590966 3.16299 -0.27529 -0.287367 3.23422 -0.119826 -0.0824348 3.25844 -0.252297 -0.0521562 3.01199 -0.237328 -0.0409648 2.88866 -0.305222 0.356194 2.90471 -0.396338 0.76115 2.91497 -0.286943 -0.0597524 3.13173 -0.177276 0.326328 3.2078 -0.258779 0.728806 3.20137 
-0.0769598 -0.739984 2.97429 -0.240986 -0.569282 2.97541 -0.171323 -0.563066 2.81208 -0.135078 -0.272711 2.76789 -0.0317572 -0.0625392 2.82112 -0.303896 -0.577915 3.16232 -0.277547 -0.301174 3.24216 -0.119804 -0.120932 3.22297 -0.244393 -0.0468332 3.00743 -0.22508 -0.0394637 2.89285 -0.275682 0.36147 2.91705 -0.392805 0.765787 2.91549 -0.271857 -0.0567223 3.12991 -0.127823 0.323343 3.21587 -0.145322 0.736591 3.23382 
-0.0719012 -0.744787 2.97584 -0.224625 -0.568695 2.97892 -0.162292 -0.563244 2.81602 -0.0833431 -0.281766 2.77239 0.0378748 -0.0920371 2.86536 -0.281452 -0.577332 3.16258 -0.236453 -0.261456 3.25993 -0.0038872 -0.156565 3.20542 -0.209951 -0.0462992 3.01459 -0.184202 -0.0366199 2.89965 -0.244523 0.369502 2.9204 -0.392911 0.764443 2.91929 -0.222467 -0.0529715 3.12895 -0.089826 0.331708 3.21909 -0.0543646 0.741345 3.26221 
-0.0658226 -0.730715 2.99432 -0.204777 -0.562575 2.98611 -0.14884 -0.54774 2.81917 -0.0456062 -0.272668 2.77299 0.122328 -0.158654 2.95848 -0.263301 -0.569409 3.16101 -0.193907 -0.270346 3.26604 0.0388361 -0.189486 3.1523 -0.202736 -0.0416648 3.01788 -0.171089 -0.0327056 2.90945 -0.199058 0.375427 2.91779 -0.389231 0.763943 2.92002 -0.20057 -0.0509884 3.137 -0.0287425 0.319938 3.21843 0.0535224 0.725111 3.27 
-0.0572672 -0.716551 3.00488 -0.19569 -0.547288 3.01495 -0.133177 -0.533454 2.83124 -0.0282243 -0.275799 2.7977 0.151435 -0.220644 2.99438 -0.246342 -0.559136 3.17226 -0.173087 -0.267959 3.28476 0.0701362 -0.24495 3.15717 -0.164876 -0.0225212 3.03309 -0.160662 -0.0133125 2.92841 -0.147985 0.398936 2.91191 -0.380295 0.759787 2.9154 -0.17997 -0.0311416 3.1535 0.0111407 0.326322 3.23892 0.119801 0.728318 3.28241 
-0.0285444 -0.692526 3.01094 -0.149575 -0.507896 3.02111 -0.0993337 -0.495367 2.85363 0.0159659 -0.259701 2.81987 0.157877 -0.236422 3.02198 -0.210239 -0.520009 3.18813 -0.135934 -0.247928 3.31089 0.104768 -0.248527 3.16573 -0.132442 0.00646459 3.04389 -0.118282 0.0184082 2.92932 -0.0932747 0.437218 2.92725 -0.37549 0.762886 2.92024 -0.132794 -0.00652246 3.16725 0.0871814 0.329599 3.26543 0.17976 0.740169 3.27677 
-0.00707329 -0.645141 3.0317 -0.137247 -0.460556 3.04777 -0.0810422 -0.453735 2.87764 0.0489835 -0.200476 2.84133 0.168276 -0.233149 3.03933 -0.177552 -0.469444 3.20106 -0.0924072 -0.1993 3.32343 0.108689 -0.213678 3.19268 -0.0758636 0.0603566 3.05371 -0.0742457 0.0658379 2.956 -0.0127674 0.491618 2.94034 -0.352506 0.750129 2.91939 -0.0738281 0.047916 3.17368 0.192658 0.346382 3.28476 0.219865 0.76327 3.28561 
0.00359436 -0.580191 3.06774 -0.0972538 -0.406955 3.06243 -0.0588255 -0.400941 2.90405 0.0638657 -0.152921 2.86278 0.17562 -0.192732 3.05015 -0.143048 -0.413335 3.24254 -0.0601143 -0.151514 3.3605 0.125468 -0.188334 3.23443 -0.0513614 0.109607 3.09551 -0.0614102 0.129789 2.96723 0.0157439 0.509241 2.9801 -0.343415 0.750756 2.91429 -0.0450214 0.0906671 3.19387 0.235458 0.362054 3.3129 0.224219 0.76278 3.2901 
0.0446346 -0.552232 3.08408 -0.0585703 -0.346048 3.07613 -0.00727133 -0.335853 2.90892 0.111413 -0.0883289 2.86072 0.191835 -0.156147 3.05131 -0.11654 -0.350169 3.24697 -0.0284598 -0.110293 3.36325 0.162754 -0.157928 3.25771 0.00189962 0.161228 3.09807 -0.00297916 0.177488 2.97671 0.0561343 0.583999 2.98198 -0.335356 0.752054 2.91407 -0.0111069 0.145563 3.2042 0.314389 0.359878 3.32106 0.239235 0.760046 3.28476 
0.0897842 -0.49014 3.10048 -0.0229326 -0.274727 3.10817 0.0221219 -0.268948 2.94423 0.13496 -0.0163207 2.88803 0.213157 -0.0897575 3.0535 -0.0646066 -0.28148 3.26161 0.024866 -0.0238373 3.36959 0.188254 -0.0926247 3.24034 0.0159647 0.22646 3.10845 0.0250506 0.245034 3.01415 0.0817639 0.659628 2.99417 -0.302835 0.707925 2.97765 0.021898 0.205858 3.23476 0.367755 0.378061 3.33285 0.242924 0.759313 3.2846 
0.105275 -0.455997 3.11118 0.00450153 -0.249557 3.11535 0.0444408 -0.245759 2.95604 0.153662 0.0170438 2.89943 0.233237 -0.0503429 3.06893 -0.0507942 -0.257359 3.2815 0.0346131 0.00278625 3.37857 0.207903 -0.0725781 3.23982 0.0247458 0.249867 3.12103 0.0294314 0.264081 3.02207 0.0939638 0.687437 3.01193 -0.301192 0.704289 2.98632 0.0301642 0.232426 3.23851 0.380431 0.377398 3.33663 0.243934 0.763264 3.28471 
0.151052 -0.411018 3.14477 0.0284759 -0.19085 3.14326 0.0835586 -0.18704 2.98359 0.179873 0.0818231 2.91762 0.255143 -0.0195391 3.0842 -0.00950286 -0.198064 3.30169 0.0490046 0.0724979 3.41628 0.242836 -0.0101368 3.23422 0.044645 0.299266 3.13742 0.0356598 0.318861 3.0379 0.112215 0.730987 3.03425 -0.285615 0.696968 2.99968 0.0608522 0.285431 3.2539 0.39326 0.398482 3.35492 0.247342 0.764962 3.28923 
0.171679 -0.357476 3.15584 0.0796093 -0.160009 3.15032 0.0980886 -0.159727 2.99978 0.184717 0.12052 2.9193 0.250106 0.0381676 3.07461 0.0231081 -0.158273 3.32638 0.0545371 0.111175 3.42073 0.248418 0.0644518 3.26247 0.0498399 0.326591 3.14099 0.0343325 0.348012 3.05015 0.120234 0.779094 3.0351 -0.252597 0.711169 2.99079 0.0666484 0.303345 3.26669 0.414305 0.41308 3.3554 0.247515 0.762798 3.2843 
0.209069 -0.346531 3.17918 0.09842 -0.131645 3.15793 0.14769 -0.131673 3.00252 0.188078 0.131562 2.91909 0.251806 0.0744226 3.07572 0.0516982 -0.137873 3.33873 0.0772708 0.139473 3.42493 0.252544 0.0909043 3.27257 0.0584878 0.340959 3.14463 0.0565683 0.368916 3.04927 0.124062 0.790043 3.03453 -0.242914 0.708048 2.99195 0.0775929 0.314902 3.26609 0.422563 0.409306 3.3472 0.251719 0.759912 3.28479 
0.223281 -0.321882 3.18988 0.112934 -0.107578 3.1875 0.167823 -0.109764 3.00628 0.199477 0.151123 2.91311 0.257259 0.0854445 3.08557 0.0550244 -0.108768 3.35525 0.0567211 0.164268 3.42848 0.247236 0.0907582 3.27729 0.0618685 0.366397 3.13946 0.0630865 0.38385 3.04838 0.134473 0.809388 3.01574 -0.240954 0.70505 3.01277 0.0776097 0.346584 3.26043 0.431305 0.413665 3.34382 0.251626 0.764025 3.28458 
0.231106 -0.318184 3.19901 0.130966 -0.105235 3.19117 0.187457 -0.104821 3.01009 0.211652 0.153461 2.91221 0.258795 0.0953299 3.09311 0.0736883 -0.105341 3.35471 0.0721502 0.179971 3.43254 0.260243 0.119624 3.29083 0.0689333 0.371554 3.13936 0.073377 0.390452 3.04818 0.13826 0.808788 3.01126 -0.235678 0.706097 3.01231 0.0736689 0.35754 3.26018 0.435475 0.411826 3.32937 0.251672 0.761697 3.2848 
0.246468 -0.319911 3.20196 0.13092 -0.105109 3.19139 0.187793 -0.1062 3.01023 0.20926 0.156418 2.9122 0.256183 0.0960388 3.09382 0.069894 -0.10261 3.3549 0.0805289 0.181335 3.4326 0.252059 0.108915 3.2944 0.0690169 0.3734 3.13941 0.0735479 0.390489 3.04824 0.137895 0.808336 3.00689 -0.242158 0.704426 3.00863 0.0728398 0.359316 3.25593 0.434843 0.41582 3.33232 0.251595 0.764033 3.28443 
0.245723 -0.320316 3.21015 0.13063 -0.110278 3.20448 0.187892 -0.117658 3.01959 0.216613 0.140031 2.92648 0.266784 0.0846768 3.09689 0.0745614 -0.106911 3.35941 0.0863757 0.169237 3.4501 0.255812 0.104949 3.30043 0.0687395 0.365849 3.14404 0.0783427 0.386216 3.05258 0.124514 0.800353 3.02077 -0.24523 0.711714 2.99954 0.076429 0.34041 3.26532 0.434354 0.411811 3.32738 0.251609 0.761738 3.28471 
0.247979 -0.330158 3.2274 0.135456 -0.127124 3.20485 0.186473 -0.140511 3.02472 0.216917 0.120099 2.92698 0.263909 0.0706493 3.10574 0.0837219 -0.11529 3.35969 0.0970781 0.155645 3.45012 0.24864 0.0921529 3.30499 0.06346 0.351771 3.14456 0.0734409 0.366293 3.05334 0.124357 0.78344 3.02602 -0.250861 0.713436 3.00966 0.0714555 0.326487 3.27075 0.426564 0.400636 3.33736 0.251552 0.759861 3.28478 
0.244157 -0.342895 3.21873 0.139189 -0.157492 3.20562 0.186581 -0.162052 3.02579 0.215228 0.10084 2.93189 0.27882 0.0519002 3.09155 0.0940789 -0.146076 3.36003 0.103215 0.132768 3.45367 0.259835 0.0769627 3.30152 0.0582612 0.327365 3.14537 0.0651425 0.344054 3.05009 0.12139 0.763037 3.02726 -0.257857 0.711035 3.00134 0.0675277 0.304427 3.26691 0.427831 0.409946 3.34822 0.251643 0.762094 3.28932 
0.233066 -0.402111 3.20115 0.125827 -0.194358 3.20628 0.181402 -0.20512 3.02231 0.222351 0.0655267 2.9387 0.283522 -0.00438303 3.10785 0.0869955 -0.190437 3.36073 0.119302 0.0703269 3.44997 0.266744 0.00174535 3.299 0.0635583 0.289118 3.15043 0.0592329 0.303451 3.05113 0.107752 0.720235 3.0155 -0.300923 0.690195 2.99767 0.0847281 0.272192 3.27147 0.421055 0.413387 3.34937 0.247552 0.762475 3.28882 
0.216501 -0.449161 3.19931 0.117705 -0.239444 3.2079 0.182933 -0.239831 3.02381 0.245962 0.0208707 2.94494 0.290929 -0.0559303 3.11135 0.0705826 -0.238544 3.36211 0.122092 0.0310198 3.44728 0.288135 -0.0503068 3.29512 0.0707364 0.259749 3.15145 0.0817506 0.269548 3.05641 0.0945149 0.678259 3.01304 -0.302589 0.704554 2.98177 0.0722921 0.240177 3.2734 0.422092 0.415459 3.3511 0.24394 0.76325 3.28455 
0.198477 -0.501174 3.19751 0.117642 -0.298367 3.20962 0.175484 -0.304117 3.02203 0.267676 -0.0644076 2.95312 0.282158 -0.0835487 3.11887 0.0664352 -0.290655 3.3632 0.12226 -0.0198035 3.45024 0.269387 -0.088692 3.29837 0.0737582 0.210477 3.15273 0.0766029 0.220421 3.05805 0.0874036 0.638024 3.0109 -0.312194 0.727609 2.96471 0.0801253 0.200303 3.27777 0.406259 0.399149 3.33371 0.24729 0.762323 3.28433 
0.171133 -0.616253 3.19494 0.106455 -0.415126 3.18326 0.155957 -0.416732 3.02139 0.284617 -0.190198 2.96283 0.302029 -0.211093 3.11555 0.0584487 -0.408825 3.34858 0.148858 -0.148389 3.44063 0.268224 -0.265658 3.33111 0.0891075 0.0972264 3.15565 0.0795209 0.104205 3.06155 0.062846 0.494803 3.00954 -0.317676 0.718685 2.91905 0.100511 0.0959383 3.27554 0.380659 0.379614 3.33237 0.243029 0.759123 3.28486 
0.163839 -0.674122 3.19468 0.0951575 -0.481584 3.17688 0.148519 -0.484684 3.01964 0.289645 -0.27038 2.96078 0.289214 -0.316956 3.13566 0.0465881 -0.480875 3.34576 0.145293 -0.228696 3.45028 0.26721 -0.347074 3.32666 0.0977858 0.04832 3.15233 0.0851498 0.0512278 3.06333 0.047883 0.442401 2.99345 -0.306015 0.705316 2.92268 0.104194 0.0432049 3.2767 0.331162 0.360501 3.3206 0.242993 0.75716 3.28505 
0.159281 -0.773995 3.18804 0.0869854 -0.59637 3.17133 0.148058 -0.597564 3.01508 0.272887 -0.382382 2.93522 0.259987 -0.412054 3.11567 0.0271639 -0.595972 3.348 0.110059 -0.344147 3.45098 0.261033 -0.408556 3.29529 0.0830668 -0.0664996 3.15155 0.0899684 -0.0618379 3.05876 0.0544083 0.333696 2.99262 -0.257579 0.658517 2.94839 0.0880135 -0.0690122 3.27921 0.285971 0.315943 3.29425 0.239408 0.739684 3.29938 
0.151749 -0.863009 3.18842 0.0866 -0.684874 3.17387 0.14287 -0.688469 3.01769 0.275174 -0.45134 2.93493 0.265217 -0.511292 3.11925 0.0273662 -0.683071 3.35007 0.0854025 -0.422605 3.45779 0.240696 -0.487321 3.29578 0.0883845 -0.160019 3.15299 0.109916 -0.157984 3.05693 0.0815619 0.245294 2.99533 -0.147201 0.606754 2.96275 0.0560355 -0.161281 3.28088 0.159046 0.259735 3.27497 0.184358 0.683909 3.29665 
0.160942 -0.926098 3.19101 0.0813949 -0.739831 3.171 0.120078 -0.741748 3.01571 0.242837 -0.503565 2.91755 0.252805 -0.557324 3.10456 0.027994 -0.745371 3.34753 0.0403829 -0.462082 3.45312 0.221925 -0.545752 3.29464 0.0800346 -0.199227 3.15536 0.0958653 -0.197592 3.0626 0.0982745 0.226582 2.99993 -0.0272184 0.606327 2.97981 0.0499202 -0.207859 3.28321 0.106606 0.225701 3.27573 0.0571067 0.629429 3.26754 
0.153886 -0.956654 3.18237 0.0725059 -0.792828 3.17226 0.103948 -0.788398 3.00463 0.216623 -0.549321 2.90745 0.232826 -0.594726 3.07404 0.0245035 -0.792828 3.35239 0.0515103 -0.476459 3.45697 0.203656 -0.548407 3.28806 0.0674476 -0.243959 3.15303 0.0957453 -0.240007 3.05516 0.155528 0.182146 3.02375 0.157212 0.586546 3.0179 0.0188884 -0.245717 3.28327 0.0320293 0.191804 3.26462 -0.147684 0.570836 3.20829 
0.154494 -0.961415 3.17421 0.0727511 -0.797173 3.16831 0.104109 -0.791928 3.00049 0.201842 -0.533053 2.90426 0.241686 -0.594668 3.072 0.020768 -0.796452 3.35221 0.0530936 -0.502141 3.45241 0.2099 -0.570197 3.29317 0.0569993 -0.246383 3.15303 0.0898229 -0.241571 3.04658 0.0864875 0.169086 3.03164 -0.0123323 0.541786 3.02422 0.0182635 -0.245563 3.27857 -0.0029212 0.184391 3.24673 -0.213167 0.543143 3.17353 
0.160458 -0.920035 3.14962 0.0598748 -0.739908 3.16251 0.0814633 -0.733238 2.99361 0.156603 -0.472278 2.88469 0.229664 -0.520658 3.0612 0.0338747 -0.741838 3.3348 0.0687311 -0.46528 3.4429 0.220399 -0.510386 3.26247 0.0383751 -0.197311 3.15198 0.0910878 -0.191158 3.049 0.244992 0.19073 3.0404 0.345501 0.599221 3.03162 0.00614996 -0.200301 3.2736 -0.108556 0.221579 3.20954 -0.340672 0.561494 3.14069 
0.154979 -0.825006 3.14644 0.0476595 -0.654506 3.16015 0.0793076 -0.644918 2.97866 0.121356 -0.380737 2.87704 0.255153 -0.411991 3.04586 0.0177557 -0.658941 3.33286 0.0424424 -0.393002 3.42873 0.214928 -0.425101 3.23554 0.0171665 -0.123665 3.146 0.0677949 -0.122142 3.04328 0.293492 0.235391 3.04326 0.320165 0.65916 3.07393 -0.0308264 -0.12163 3.26852 -0.123191 0.298307 3.19878 -0.383573 0.648218 3.08421 
0.159257 -0.766619 3.15414 0.0517772 -0.569486 3.15799 0.083971 -0.5673 2.98409 0.118859 -0.31112 2.8742 0.21405 -0.339187 3.0384 0.0220177 -0.572097 3.32221 0.0379611 -0.293906 3.43687 0.193371 -0.342243 3.23769 0.0149775 -0.0395705 3.14298 0.0831552 -0.0375132 3.036 0.318472 0.286718 3.07074 0.257398 0.724593 3.07462 -0.0525037 -0.0408708 3.24951 -0.11307 0.406315 3.18165 -0.390238 0.684333 3.05452 
0.160807 -0.630107 3.15981 0.0601018 -0.447786 3.15427 0.090688 -0.44241 2.99683 0.123442 -0.197822 2.87443 0.212633 -0.227983 3.05794 0.0159031 -0.447974 3.31155 0.0288897 -0.151676 3.4259 0.186827 -0.201731 3.23166 0.0045928 0.0810766 3.12543 0.0719189 0.0802966 3.02766 0.333846 0.35641 3.09058 0.236495 0.753701 3.07495 -0.0638465 0.0934132 3.23847 -0.0874362 0.523279 3.21773 -0.426406 0.721288 3.05371 
0.171489 -0.56763 3.16037 0.069455 -0.380333 3.15175 0.117098 -0.378761 2.9942 0.153091 -0.109831 2.88313 0.214777 -0.157201 3.06099 0.012026 -0.380723 3.3054 0.0287639 -0.0928779 3.40917 0.18752 -0.140368 3.24215 -0.0121297 0.151177 3.11998 0.0611534 0.146728 3.02138 0.350387 0.376743 3.09273 0.236802 0.760659 3.06723 -0.0788387 0.158914 3.23682 -0.0619129 0.581384 3.2408 -0.416713 0.705726 3.09323 
0.19398 -0.431606 3.16162 0.0748848 -0.266127 3.14877 0.130422 -0.26504 2.99873 0.154474 -0.0044583 2.88449 0.216404 -0.0423386 3.06181 0.00888348 -0.264731 3.30762 -0.019758 0.0246716 3.37102 0.179877 -0.02187 3.2375 -0.0132217 0.23778 3.12137 0.0598213 0.232427 3.0228 0.387885 0.414279 3.08993 0.245249 0.762392 3.08772 -0.0792218 0.255475 3.23445 -0.0252347 0.659905 3.27398 -0.38979 0.707746 3.10838 
0.20491 -0.393985 3.1629 0.0832698 -0.20484 3.14672 0.144624 -0.201626 2.99211 0.176424 0.0773783 2.88636 0.251052 -0.000155178 3.06033 0.0122938 -0.211462 3.30139 -0.0114044 0.0624977 3.37995 0.187008 0.046027 3.25018 -0.0159835 0.297636 3.12062 0.0573109 0.279289 3.0213 0.401097 0.416245 3.10185 0.244371 0.774151 3.07648 -0.078445 0.302481 3.23858 -0.00145643 0.711235 3.27141 -0.386289 0.718468 3.10785 
0.212884 -0.34339 3.15488 0.0835178 -0.15672 3.14528 0.148448 -0.146506 2.99398 0.169837 0.134909 2.88694 0.237213 0.0660992 3.07068 0.020784 -0.165967 3.30016 -0.0328012 0.118637 3.39381 0.176209 0.0834219 3.26783 -0.012041 0.343182 3.12317 0.0620424 0.329753 3.01958 0.404072 0.426843 3.13364 0.244972 0.773508 3.08198 -0.0778945 0.35936 3.23694 0.00413654 0.766675 3.26672 -0.361711 0.717429 3.11282 
0.219098 -0.325955 3.14714 0.0867613 -0.127016 3.1443 0.153364 -0.117343 2.99294 0.172203 0.161696 2.89099 0.226818 0.084295 3.08824 0.0206615 -0.143156 3.29977 -0.0144376 0.137978 3.40882 0.185687 0.116331 3.27216 -0.0120708 0.359855 3.11859 0.056413 0.346003 3.02339 0.404536 0.430107 3.13791 0.246249 0.773395 3.08861 -0.0816569 0.371127 3.2359 0.0106388 0.782103 3.26859 -0.355737 0.725551 3.11316 
0.218079 -0.307744 3.17163 0.0919629 -0.100484 3.14846 0.154911 -0.090331 2.99669 0.173796 0.186798 2.89488 0.214317 0.106512 3.09057 0.0380963 -0.105285 3.32493 0.0130058 0.173322 3.41196 0.185641 0.11125 3.27954 -0.0161549 0.390622 3.12227 0.0531783 0.367028 3.02288 0.402927 0.426167 3.14476 0.246466 0.772253 3.08903 -0.0829678 0.405324 3.2353 0.00833976 0.810834 3.26945 -0.354368 0.727811 3.11898 
0.217712 -0.297959 3.1631 0.0917814 -0.0956731 3.15265 0.155389 -0.0884373 2.9969 0.175682 0.188124 2.89489 0.215677 0.123378 3.083 0.0378086 -0.100785 3.33288 0.0134365 0.178275 3.40722 0.186061 0.115147 3.27291 -0.0159508 0.393279 3.12199 0.0578698 0.36814 3.02258 0.401594 0.425483 3.15531 0.246054 0.772515 3.08842 -0.082973 0.406647 3.23535 0.0120128 0.809967 3.26993 -0.346593 0.729759 3.12129 
0.222527 -0.312673 3.18942 0.103169 -0.107141 3.15737 0.158388 -0.101524 3.0017 0.172245 0.165515 2.89514 0.223389 0.106073 3.08303 0.0412426 -0.109799 3.34286 0.011597 0.169315 3.39839 0.186254 0.110141 3.27765 -0.016272 0.37361 3.12717 0.0582666 0.352061 3.02323 0.401086 0.424142 3.1454 0.248719 0.763547 3.1022 -0.0778817 0.397219 3.23589 0.00346704 0.809598 3.26933 -0.350257 0.723989 3.11005 
0.217679 -0.316849 3.19668 0.0994943 -0.119153 3.16229 0.171077 -0.115833 3.00634 0.210092 0.136999 2.8924 0.254683 0.079813 3.09302 0.0272008 -0.126306 3.34789 0.0038368 0.149701 3.3946 0.186051 0.120307 3.27276 -0.012573 0.356847 3.13147 0.0629538 0.346012 3.02344 0.402499 0.4315 3.16567 0.248516 0.766713 3.09722 -0.0782068 0.384065 3.23605 0.00765237 0.799541 3.25952 -0.355509 0.720031 3.11444 
0.207484 -0.347393 3.20423 0.0901618 -0.162323 3.18433 0.16195 -0.166665 3.01294 0.219075 0.0868586 2.895 0.256867 0.0919463 3.09353 0.0222872 -0.154453 3.35228 -0.0156851 0.133234 3.38711 0.184518 0.0862612 3.26802 -0.00721165 0.332045 3.13245 0.0577793 0.311686 3.02473 0.402149 0.428437 3.15815 0.245795 0.772075 3.09307 -0.0777142 0.35301 3.24099 0.0135153 0.754306 3.2591 -0.371505 0.71542 3.11197 
0.206209 -0.370513 3.21297 0.0829139 -0.180096 3.20355 0.16704 -0.196519 3.03164 0.223494 0.0398184 2.91095 0.292505 0.024747 3.11158 0.0112977 -0.182361 3.35327 -0.00627075 0.0978417 3.38696 0.185697 0.0616505 3.26694 -0.00831953 0.298153 3.12971 0.0663581 0.280847 3.0256 0.392288 0.402884 3.13321 0.234969 0.772081 3.07643 -0.078606 0.321456 3.23741 0.0134286 0.729031 3.22677 -0.369539 0.708317 3.10462 
0.180853 -0.440718 3.24326 0.081885 -0.25395 3.21352 0.157222 -0.268784 3.05981 0.202365 -0.0353531 2.91385 0.258673 -0.0564766 3.10817 0.00329585 -0.243674 3.36327 -0.00937299 0.0381653 3.3997 0.19539 -0.0137119 3.26795 -0.0093421 0.234361 3.1265 0.0711044 0.217355 3.02341 0.376033 0.385062 3.13423 0.22529 0.771371 3.07082 -0.0836271 0.257418 3.23886 -0.00806475 0.657304 3.22024 -0.393476 0.713557 3.08044 
0.168216 -0.484091 3.24238 0.072885 -0.295286 3.2189 0.153822 -0.304969 3.06135 0.194003 -0.0827004 2.92443 0.257261 -0.104645 3.1082 -0.0105001 -0.2822 3.36874 0.019074 -0.00326654 3.41807 0.179652 -0.0522671 3.27253 -0.0124808 0.197303 3.12737 0.0673421 0.176393 3.0249 0.358726 0.366783 3.129 0.225306 0.766913 3.07086 -0.0790237 0.209272 3.24057 -0.0419484 0.622886 3.22636 -0.422521 0.738514 3.08508 
0.147748 -0.639209 3.25839 0.0490986 -0.445583 3.22339 0.111486 -0.464316 3.07565 0.16212 -0.228188 2.93292 0.209746 -0.250081 3.10997 -0.0222827 -0.433418 3.37609 0.0262997 -0.155229 3.43732 0.184401 -0.227003 3.30107 -0.0139055 0.0614603 3.15377 0.0590148 0.0517788 3.04157 0.314684 0.341851 3.1063 0.24187 0.754265 3.10311 -0.0849065 0.0714055 3.24768 -0.0707901 0.500561 3.2063 -0.433395 0.707095 3.09239 
0.146176 -0.707245 3.25974 0.033455 -0.506439 3.2257 0.0972927 -0.523041 3.07784 0.150057 -0.294635 2.93534 0.194514 -0.317311 3.11246 -0.026342 -0.497588 3.3819 -0.0184313 -0.226965 3.44578 0.17036 -0.300191 3.30853 -0.0184749 -0.00533728 3.16518 0.0524067 -0.00665322 3.04759 0.271144 0.320756 3.09613 0.24406 0.733905 3.1 -0.0853379 0.00716209 3.25285 -0.0935589 0.43521 3.20404 -0.41694 0.69448 3.10008 
0.138863 -0.778403 3.25982 0.0263673 -0.572472 3.23182 0.0893409 -0.593309 3.0799 0.141354 -0.355711 2.9371 0.189853 -0.377935 3.11563 -0.0350378 -0.563104 3.39172 -0.0235027 -0.299703 3.4468 0.147325 -0.335759 3.28339 -0.0194454 -0.0623831 3.17516 0.0471863 -0.0657105 3.05835 0.210537 0.286693 3.09291 0.243072 0.70954 3.10047 -0.0864776 -0.0544115 3.26648 -0.11715 0.367241 3.22312 -0.389005 0.673412 3.13448 
0.1133 -0.847907 3.27383 0.00811408 -0.699167 3.24344 0.0438356 -0.705125 3.07581 0.112992 -0.476592 2.92455 0.180556 -0.464531 3.11832 -0.0389923 -0.6838 3.4195 -0.0380992 -0.397077 3.46804 0.130795 -0.447713 3.31492 -0.0296829 -0.168661 3.19929 0.0151344 -0.169525 3.09019 0.0971976 0.233087 3.08399 0.0639586 0.6494 3.05366 -0.0703899 -0.164396 3.31207 -0.0645463 0.257438 3.25183 -0.272551 0.614279 3.18229 
0.104225 -0.887142 3.28142 0.0132349 -0.734685 3.2495 0.0699314 -0.741389 3.08074 0.110138 -0.499495 2.94219 0.197494 -0.483221 3.12339 -0.0493217 -0.71733 3.43196 -0.054351 -0.428919 3.47873 0.12335 -0.468782 3.32297 -0.0245374 -0.202252 3.21352 0.0204737 -0.198129 3.09974 0.0679421 0.224892 3.07707 -0.0611697 0.615748 3.00799 -0.0737277 -0.198472 3.32333 -0.0571658 0.226991 3.29317 -0.193765 0.608519 3.23983 
0.0895367 -0.912491 3.30482 0.00329346 -0.743682 3.26241 0.0449984 -0.753159 3.09039 0.11398 -0.504538 2.9497 0.228207 -0.488925 3.13839 -0.0584229 -0.736819 3.42924 -0.0896583 -0.443494 3.48191 0.118467 -0.468805 3.32933 -0.0446881 -0.213117 3.21949 -0.00493135 -0.209375 3.10926 -0.0291852 0.209774 3.08805 -0.248029 0.554536 2.97573 -0.0666895 -0.208645 3.33298 -0.0452402 0.218662 3.34481 -0.0590743 0.62993 3.33734 
0.0847512 -0.872624 3.30393 -0.00611211 -0.731535 3.26713 0.054263 -0.734644 3.10714 0.113343 -0.479569 2.99252 0.192516 -0.463388 3.17238 -0.0690668 -0.719236 3.43378 -0.0971401 -0.420319 3.49095 0.097762 -0.424884 3.33965 -0.0498731 -0.198036 3.23207 -0.0105623 -0.192936 3.11376 -0.0900419 0.206902 3.08904 -0.367368 0.535513 2.95883 -0.0706236 -0.196106 3.3415 -0.0126848 0.228391 3.35399 0.0219781 0.666439 3.40243 
0.0888892 -0.801419 3.31151 -0.0144988 -0.658973 3.27005 0.0538767 -0.661999 3.11793 0.0989852 -0.391694 3.0046 0.139774 -0.392286 3.18078 -0.0829774 -0.651033 3.43749 -0.119996 -0.351561 3.50341 0.0901069 -0.3411 3.35838 -0.0591876 -0.130069 3.24383 -0.0182973 -0.124533 3.11639 -0.15954 0.250287 3.07666 -0.476836 0.577887 2.9648 -0.0987078 -0.131021 3.34531 0.0182516 0.287939 3.41461 0.063315 0.707079 3.42061 
0.0890852 -0.752412 3.30281 -0.0280098 -0.60028 3.28956 0.0358613 -0.607199 3.12921 0.0962922 -0.334384 3.00247 0.136667 -0.330721 3.18737 -0.0881822 -0.596619 3.44135 -0.126792 -0.301551 3.50499 0.0813808 -0.307269 3.37441 -0.0632186 -0.0800202 3.2475 -0.0346334 -0.0763447 3.11977 -0.19457 0.308054 3.06867 -0.50805 0.611686 2.97976 -0.101721 -0.0773201 3.34921 0.0675707 0.314405 3.42221 0.0443484 0.730315 3.40989 
0.0842521 -0.626618 3.30834 -0.032935 -0.428487 3.28974 0.0144549 -0.427634 3.12346 0.0541386 -0.173566 3.02865 0.168752 -0.197083 3.19789 -0.0779763 -0.427088 3.44631 -0.100555 -0.164758 3.51547 0.100101 -0.177545 3.38044 -0.106543 0.0722376 3.25404 -0.0916696 0.083151 3.13299 -0.201283 0.48713 3.10073 -0.578512 0.698272 2.99828 -0.102137 0.0646815 3.36891 0.160186 0.354113 3.46529 0.0498026 0.761715 3.41029 
0.0841129 -0.563391 3.30735 -0.0439463 -0.363937 3.28827 0.010634 -0.362918 3.11755 0.0395829 -0.0879772 3.02974 0.128571 -0.124481 3.19445 -0.0876741 -0.365836 3.44538 -0.0943917 -0.101107 3.5179 0.0968344 -0.120052 3.38171 -0.120448 0.135288 3.25305 -0.131786 0.142215 3.15932 -0.17056 0.564223 3.1022 -0.58299 0.703433 3.0076 -0.0986009 0.123691 3.37645 0.177508 0.36693 3.47519 0.0543285 0.762743 3.40998 
0.0853968 -0.446847 3.28877 -0.0513138 -0.261799 3.28133 0.00435807 -0.257645 3.11499 -0.0105724 0.0226116 3.04074 0.105868 -0.0226981 3.20294 -0.0916645 -0.269726 3.44406 -0.0769633 -0.0182191 3.53302 0.103238 -0.062094 3.39764 -0.132995 0.229842 3.25115 -0.152483 0.242976 3.15734 -0.156072 0.675161 3.1078 -0.549906 0.680769 3.03498 -0.119977 0.216297 3.37534 0.18492 0.384997 3.47712 0.0588745 0.76796 3.40984 
0.0859561 -0.373519 3.27031 -0.0563465 -0.20007 3.27634 0.00479032 -0.187357 3.11279 -0.00103011 0.0856139 3.03616 0.0955879 0.0262189 3.2088 -0.115902 -0.209996 3.43893 -0.119578 0.0609179 3.53409 0.0575637 0.0419871 3.40226 -0.143164 0.281041 3.25473 -0.154185 0.297576 3.1599 -0.150902 0.71933 3.10999 -0.549028 0.688989 3.04172 -0.142662 0.264432 3.37493 0.188748 0.38358 3.47687 0.0632648 0.76882 3.40973 
0.082314 -0.313271 3.26043 -0.0603155 -0.143911 3.27474 0.00776034 -0.128 3.11052 -0.0101246 0.152105 3.04363 0.0480579 0.0802961 3.21114 -0.12378 -0.160085 3.43383 -0.167413 0.114871 3.53273 0.0319158 0.0996082 3.39614 -0.181451 0.326077 3.25884 -0.158393 0.348249 3.16323 -0.138416 0.765554 3.10853 -0.528906 0.698257 3.04249 -0.176977 0.303207 3.38026 0.180348 0.384331 3.47738 0.058883 0.766197 3.40988 
0.0821682 -0.299565 3.26022 -0.0603472 -0.117948 3.26554 0.00539897 -0.105043 3.11027 -0.01578 0.174919 3.04918 0.0588409 0.105419 3.20918 -0.123881 -0.132471 3.43359 -0.1857 0.134756 3.52206 0.0226927 0.127509 3.38509 -0.190151 0.345144 3.25831 -0.167337 0.36931 3.1673 -0.132643 0.773617 3.10393 -0.524421 0.69272 3.04482 -0.177745 0.321496 3.37952 0.172839 0.383741 3.4735 0.0542974 0.765369 3.41009 
0.0822634 -0.284845 3.25992 -0.0605765 -0.108901 3.26449 0.00562956 -0.0876178 3.10975 -0.00968393 0.189544 3.04871 0.0580671 0.129433 3.20836 -0.128478 -0.121404 3.42857 -0.18069 0.138533 3.51321 0.0188242 0.134981 3.38641 -0.193604 0.354946 3.25833 -0.168323 0.378095 3.1669 -0.13116 0.779695 3.09922 -0.518277 0.69255 3.0477 -0.185358 0.331877 3.37977 0.171956 0.382077 3.47267 0.0499262 0.766393 3.41013 
0.0834818 -0.270719 3.25097 -0.0604148 -0.0982506 3.26878 -0.00175748 -0.0737517 3.10936 -0.0112538 0.20005 3.04839 0.0594692 0.143936 3.21416 -0.132198 -0.110179 3.43279 -0.186695 0.157016 3.51313 0.0228098 0.13897 3.38302 -0.197068 0.363639 3.25375 -0.175175 0.38686 3.16214 -0.139615 0.782356 3.09485 -0.523398 0.695017 3.04296 -0.201606 0.342451 3.37547 0.163929 0.375632 3.47308 0.0499601 0.764278 3.41013 
0.0833149 -0.270755 3.2509 -0.063942 -0.097723 3.26908 -0.00227683 -0.0762577 3.10937 -0.0127522 0.19715 3.04315 0.0505572 0.144065 3.22074 -0.132408 -0.108087 3.43277 -0.184633 0.159588 3.51263 0.0163989 0.138154 3.38668 -0.197129 0.363718 3.25375 -0.175751 0.388762 3.1666 -0.143123 0.787109 3.09041 -0.51815 0.696781 3.04215 -0.204918 0.34568 3.38024 0.163868 0.388961 3.47259 0.0498705 0.766511 3.41011 
0.0832347 -0.275801 3.25119 -0.0640804 -0.0978864 3.2693 -0.00702989 -0.0814159 3.10979 -0.0172225 0.188678 3.0383 0.0423741 0.146273 3.21247 -0.132556 -0.110106 3.43298 -0.187431 0.164208 3.5127 0.0225097 0.150423 3.38076 -0.203925 0.36644 3.26215 -0.172101 0.385492 3.16683 -0.143667 0.786412 3.09485 -0.524716 0.691938 3.04337 -0.213107 0.349479 3.3844 0.167848 0.380603 3.47236 0.0496407 0.764421 3.41013 
0.073464 -0.312223 3.26754 -0.0641981 -0.118517 3.27436 -0.0256343 -0.108481 3.11082 -0.0233439 0.164816 3.03753 0.063205 0.108381 3.19968 -0.123625 -0.123748 3.43371 -0.175228 0.143264 3.51664 0.0171389 0.132034 3.38757 -0.193612 0.343666 3.26228 -0.183382 0.36038 3.16786 -0.155981 0.778506 3.09989 -0.546819 0.689184 3.02716 -0.179977 0.324025 3.38315 0.175097 0.387006 3.46619 0.0498885 0.76209 3.41036 
0.0668805 -0.332987 3.26702 -0.0640107 -0.140011 3.27089 -0.0259376 -0.1346 3.11148 -0.0177248 0.132915 3.02949 0.0628309 0.0781329 3.19072 -0.123621 -0.153532 3.43483 -0.172334 0.125187 3.52107 0.0238055 0.111886 3.38918 -0.18153 0.32562 3.26172 -0.166754 0.345042 3.16764 -0.159299 0.757548 3.09747 -0.562961 0.687109 3.05325 -0.169204 0.308388 3.38264 0.179619 0.384025 3.46194 0.0543031 0.76289 3.41026 
0.048239 -0.40575 3.27402 -0.0605077 -0.186782 3.28026 -0.0346761 -0.18531 3.11337 -0.00973936 0.0857523 3.02756 0.0897169 0.0458345 3.1772 -0.119369 -0.186298 3.43857 -0.090645 0.0534672 3.51571 0.0924621 0.0312691 3.38364 -0.162686 0.296434 3.25885 -0.162172 0.308737 3.1683 -0.175249 0.721311 3.10032 -0.579486 0.690489 3.04992 -0.154563 0.284381 3.38347 0.192714 0.393001 3.4525 0.0586939 0.765974 3.40993 
0.0354608 -0.427543 3.27259 -0.06064 -0.231365 3.27711 -0.0345896 -0.237857 3.11491 0.00633693 0.0298974 3.02004 0.11258 -0.0144605 3.17514 -0.116114 -0.228397 3.43985 -0.103419 0.0390085 3.52589 0.0796017 0.00356752 3.39419 -0.138248 0.245072 3.25954 -0.153163 0.265344 3.1655 -0.193646 0.680003 3.09101 -0.582485 0.69579 3.05628 -0.137772 0.234446 3.38406 0.206112 0.387536 3.44963 0.0669871 0.76356 3.40964 
0.0313937 -0.478297 3.26401 -0.0600428 -0.277558 3.2786 -0.0394267 -0.274936 3.11609 0.0210895 -0.0200034 3.01759 0.118245 -0.0644532 3.19232 -0.106383 -0.277418 3.44063 -0.0860301 -0.0117555 3.52113 0.100084 -0.0470103 3.40345 -0.129401 0.21501 3.26225 -0.147924 0.223994 3.17044 -0.200038 0.637147 3.08446 -0.583165 0.703571 3.04193 -0.116206 0.200015 3.38411 0.205734 0.397829 3.44463 0.0712874 0.762161 3.40951 
0.0185401 -0.57016 3.25496 -0.0596755 -0.375811 3.28067 -0.020101 -0.374591 3.11894 0.0363922 -0.13453 3.01205 0.12306 -0.175865 3.18942 -0.100577 -0.380924 3.43795 -0.0911346 -0.117864 3.52848 0.101688 -0.163337 3.39052 -0.120377 0.119072 3.25965 -0.135783 0.127941 3.16002 -0.209242 0.513423 3.0937 -0.600387 0.701365 2.99289 -0.0976293 0.108288 3.38017 0.209921 0.37761 3.4344 0.0714066 0.762069 3.40927 
0.0185588 -0.70731 3.25737 -0.064829 -0.478227 3.2788 -0.0304903 -0.475669 3.12191 0.0591528 -0.235145 3.01309 0.127688 -0.289994 3.18983 -0.115971 -0.477108 3.43931 -0.0500228 -0.231965 3.53932 0.0912241 -0.279433 3.38479 -0.100571 0.0342103 3.25885 -0.097335 0.0386949 3.15171 -0.214678 0.419622 3.08478 -0.572476 0.686193 2.99636 -0.0861673 0.0283214 3.3822 0.174677 0.351153 3.41707 0.0674012 0.761035 3.40971 
0.0238783 -0.839992 3.24344 -0.0645421 -0.632778 3.27814 -0.0392441 -0.633511 3.11382 0.0556762 -0.38598 3.01378 0.121971 -0.419938 3.18457 -0.110419 -0.629284 3.43718 -0.0967738 -0.362663 3.54628 0.084505 -0.401153 3.37688 -0.0649106 -0.104549 3.25642 -0.0925775 -0.102067 3.14663 -0.164725 0.2882 3.08414 -0.431128 0.601143 3.03112 -0.0473494 -0.0994287 3.36561 0.0342864 0.302393 3.38702 0.0591363 0.716525 3.411 
0.0321335 -0.880438 3.24506 -0.0596092 -0.703806 3.27159 -0.030007 -0.705015 3.10776 0.0520336 -0.43369 3.007 0.133683 -0.475743 3.18897 -0.103428 -0.703614 3.43851 -0.0934265 -0.429255 3.53542 0.100804 -0.476965 3.36882 -0.0559892 -0.172459 3.24852 -0.0506884 -0.172834 3.13382 -0.127372 0.230898 3.09389 -0.352386 0.578322 3.07498 -0.0475029 -0.169517 3.35675 -0.00437862 0.251189 3.36171 0.013456 0.678278 3.40797 
0.0473816 -0.939349 3.24004 -0.0557584 -0.769839 3.2648 -0.0427009 -0.764188 3.07953 0.0437851 -0.50442 2.98219 0.136878 -0.524438 3.15398 -0.0751607 -0.774476 3.43533 -0.100659 -0.495239 3.52891 0.092977 -0.530463 3.37682 -0.0502658 -0.239785 3.2416 -0.0370668 -0.235553 3.12351 -0.0472722 0.186687 3.09776 -0.165639 0.580941 3.10241 -0.0537569 -0.238738 3.35758 -0.0467937 0.186028 3.3506 -0.154703 0.602293 3.33596 
0.0561735 -0.956183 3.2415 -0.0508427 -0.788334 3.25677 -0.0286971 -0.783559 3.07195 0.0348665 -0.514022 2.95893 0.144743 -0.525727 3.14764 -0.0752051 -0.786703 3.42593 -0.0965624 -0.510135 3.51616 0.10027 -0.542695 3.3675 -0.0502628 -0.246959 3.24213 -0.0180495 -0.241959 3.12233 -0.0310715 0.17574 3.11498 -0.0843643 0.578675 3.10396 -0.065474 -0.249727 3.35821 -0.0542825 0.18289 3.34239 -0.226343 0.573875 3.30761 
0.0719979 -0.952828 3.23512 -0.0539132 -0.781471 3.2427 -0.0289129 -0.777188 3.06287 0.0129063 -0.498557 2.94369 0.157541 -0.516237 3.12098 -0.0753008 -0.781831 3.40977 -0.0690604 -0.5053 3.5105 0.103578 -0.530439 3.35593 -0.0491921 -0.24183 3.2421 0.00872553 -0.239453 3.12642 0.0383229 0.173029 3.1273 0.108447 0.582246 3.11827 -0.0824238 -0.246416 3.35403 -0.117016 0.179045 3.31371 -0.346841 0.545821 3.25584 
0.0809298 -0.917481 3.22773 -0.0460123 -0.755234 3.23356 -0.0232383 -0.751049 3.06137 0.0079246 -0.485015 2.93911 0.158683 -0.502985 3.12091 -0.0557614 -0.749166 3.406 -0.0523714 -0.477333 3.50557 0.106943 -0.498991 3.34842 -0.050319 -0.210114 3.24122 0.00330915 -0.204481 3.13078 0.0869255 0.19169 3.13009 0.187105 0.599573 3.11739 -0.0785087 -0.210943 3.34968 -0.159946 0.203272 3.30917 -0.380813 0.557342 3.24943 
0.101726 -0.838611 3.19598 -0.0373731 -0.668937 3.2186 -0.0134914 -0.663875 3.05419 0.00857056 -0.408607 2.94196 0.152026 -0.423743 3.11621 -0.0480479 -0.674576 3.38282 -0.039377 -0.382904 3.49055 0.116086 -0.403761 3.30227 -0.053533 -0.127801 3.22542 -0.000934703 -0.122048 3.11903 0.167519 0.236678 3.12565 0.24821 0.66855 3.10943 -0.101467 -0.133508 3.33926 -0.182514 0.289144 3.29291 -0.421844 0.6179 3.21077 
0.107653 -0.763312 3.18689 -0.0251669 -0.571099 3.20744 0.00809846 -0.565825 3.04206 0.0259065 -0.286883 2.93616 0.154984 -0.314539 3.09618 -0.0515632 -0.578928 3.37584 -0.0473423 -0.303152 3.4815 0.117326 -0.315531 3.29067 -0.0549957 -0.0515788 3.21959 -0.00324251 -0.0458101 3.10837 0.236113 0.30138 3.11271 0.18955 0.723856 3.13454 -0.110193 -0.0550472 3.33827 -0.137751 0.365905 3.29966 -0.44793 0.695165 3.17886 
0.132573 -0.606616 3.17968 0.00478984 -0.407032 3.19348 0.0301352 -0.400984 3.04032 0.0560413 -0.13458 2.92981 0.15355 -0.168615 3.10099 -0.0572451 -0.414642 3.35903 -0.0558783 -0.128481 3.44419 0.104552 -0.156498 3.28221 -0.0722705 0.114063 3.19532 -0.00326579 0.106005 3.09045 0.283457 0.382698 3.12225 0.183918 0.754191 3.13153 -0.134719 0.121054 3.31421 -0.0812674 0.535663 3.30712 -0.442466 0.721644 3.14635 
0.14108 -0.53887 3.18777 0.00502096 -0.342245 3.19581 0.0435395 -0.33559 3.03755 0.0629186 -0.0609995 2.93081 0.161127 -0.100296 3.0997 -0.0575061 -0.345813 3.36221 -0.0579849 -0.0867863 3.43339 0.116038 -0.0597023 3.34063 -0.0759429 0.175954 3.18551 -0.0117193 0.170205 3.09273 0.31162 0.393466 3.12012 0.184443 0.821839 3.1052 -0.13823 0.186095 3.30918 -0.0587837 0.600871 3.32397 -0.431594 0.709356 3.15818 
0.15289 -0.424918 3.17972 0.00928163 -0.231688 3.1922 0.0641946 -0.228115 3.02908 0.0653198 0.0295482 2.9279 0.150044 -0.00358763 3.09918 -0.0531439 -0.231223 3.35979 -0.0787929 0.0461907 3.42807 0.11104 0.00414946 3.27594 -0.0814777 0.270461 3.17712 -0.0165361 0.260687 3.08158 0.336669 0.41234 3.14567 0.187967 0.766774 3.14285 -0.145158 0.283199 3.28468 -0.0111072 0.665335 3.33678 -0.399988 0.700721 3.19217 
0.15388 -0.376528 3.18727 0.0135778 -0.185594 3.19131 0.0768572 -0.179979 3.01853 0.0673073 0.085553 2.92145 0.152931 0.0491068 3.09824 -0.0492479 -0.193213 3.35899 -0.0840088 0.0749652 3.42312 0.113215 0.044935 3.27013 -0.0817883 0.310559 3.17516 -0.0138039 0.290041 3.06697 0.33781 0.4273 3.15478 0.188074 0.769962 3.14651 -0.150102 0.318107 3.27984 0.00121171 0.707837 3.33941 -0.3925 0.713865 3.19463 
0.162357 -0.311176 3.18732 0.0142277 -0.128428 3.18534 0.0815457 -0.121646 3.01199 0.0849144 0.134915 2.91966 0.193425 0.0985525 3.10121 -0.0490478 -0.135255 3.35739 -0.0790636 0.151908 3.4187 0.10957 0.124156 3.27658 -0.0848759 0.356103 3.165 -0.0229877 0.340873 3.04836 0.331659 0.432634 3.1586 0.185087 0.775057 3.13849 -0.152087 0.372665 3.25568 0.0106813 0.750404 3.34379 -0.369153 0.723838 3.1758 
0.163428 -0.272841 3.1863 0.0191169 -0.0955742 3.17989 0.0916309 -0.0940375 3.00276 0.0998382 0.174504 2.91892 0.175661 0.13314 3.09761 -0.0454354 -0.0993239 3.35198 -0.0758503 0.184154 3.42167 0.119375 0.141497 3.27389 -0.0800299 0.389629 3.15986 -0.0193108 0.375574 3.04249 0.331084 0.434393 3.16493 0.184857 0.789024 3.13714 -0.147928 0.394235 3.25156 0.0100236 0.777012 3.34226 -0.362494 0.727169 3.18308 
0.1666 -0.256691 3.1866 0.019786 -0.0866305 3.17529 0.091569 -0.0803529 3.00222 0.101603 0.19252 2.91681 0.169959 0.137364 3.09491 -0.0417987 -0.0913877 3.34693 -0.0885248 0.194989 3.41824 0.110421 0.145983 3.2703 -0.0804698 0.391445 3.15945 -0.0160459 0.384185 3.04215 0.330691 0.433605 3.16093 0.186212 0.787182 3.13726 -0.143445 0.404337 3.2466 0.00960127 0.790318 3.34035 -0.362728 0.721006 3.19915 
0.166408 -0.252248 3.17787 0.0206861 -0.0737918 3.16194 0.0880085 -0.06418 3.00123 0.0977208 0.199951 2.91672 0.163364 0.171443 3.09458 -0.038202 -0.0865461 3.33855 -0.0884222 0.195571 3.41377 0.11045 0.160299 3.26674 -0.080631 0.397694 3.15923 -0.0164835 0.3908 3.04203 0.334457 0.436402 3.15954 0.186409 0.786592 3.13424 -0.143294 0.414038 3.24591 0.00957707 0.806506 3.34018 -0.351639 0.722997 3.18853 
0.166355 -0.256571 3.16975 0.0209675 -0.0736272 3.15295 0.0913089 -0.060699 2.99653 0.101098 0.205149 2.91689 0.177349 0.162709 3.09499 -0.0415147 -0.0864001 3.32972 -0.079391 0.196581 3.41319 0.11077 0.156441 3.26286 -0.0756612 0.4036 3.16349 -0.0132897 0.393002 3.04608 0.338732 0.441418 3.16114 0.180482 0.78798 3.13495 -0.138338 0.417844 3.24976 0.0105699 0.808227 3.3377 -0.34606 0.717462 3.21088 
0.163228 -0.265206 3.16919 0.0244405 -0.0847992 3.15316 0.0917903 -0.0709113 2.99272 0.102923 0.199295 2.91641 0.160947 0.134846 3.09576 -0.0365186 -0.0992738 3.32178 -0.0610687 0.176651 3.40862 0.119672 0.148398 3.26506 -0.0675735 0.396256 3.16391 -0.0040877 0.382576 3.04606 0.351502 0.43479 3.16447 0.185831 0.788738 3.13952 -0.123346 0.410328 3.25041 0.0139788 0.797765 3.33668 -0.352041 0.721954 3.19803 
0.163129 -0.292021 3.15295 0.0244839 -0.106038 3.15374 0.0917609 -0.0921052 2.99347 0.110728 0.183741 2.91822 0.170896 0.109041 3.0987 -0.0294823 -0.117031 3.3301 -0.0609522 0.158832 3.41382 0.12904 0.133287 3.27374 -0.067826 0.383418 3.16437 -0.00823509 0.369359 3.04626 0.352994 0.443557 3.15581 0.185766 0.798489 3.12112 -0.123231 0.399227 3.25508 0.0189228 0.787502 3.33259 -0.353758 0.72087 3.20665 
0.154132 -0.329319 3.15213 0.0197219 -0.125344 3.14955 0.0906782 -0.115218 2.99407 0.120768 0.162487 2.9177 0.200907 0.0791883 3.10115 -0.0483722 -0.137352 3.31842 -0.058129 0.127833 3.41356 0.11949 0.100149 3.26909 -0.0642608 0.356103 3.16514 -0.00037706 0.3455 3.0468 0.357923 0.442739 3.15611 0.18636 0.785347 3.13004 -0.112855 0.375959 3.25422 0.0150697 0.771479 3.33011 -0.36015 0.717452 3.20441 
0.133725 -0.380205 3.1324 0.0151638 -0.168832 3.15527 0.0868768 -0.160747 2.99172 0.160212 0.112509 2.92464 0.220312 0.0233652 3.10792 -0.0493524 -0.18532 3.32475 -0.045894 0.0640451 3.42302 0.147891 0.0274562 3.27064 -0.062876 0.323507 3.17029 0.00478484 0.307561 3.04841 0.358012 0.431754 3.14451 0.185316 0.81017 3.10782 -0.11308 0.330668 3.26051 0.0106406 0.728079 3.30296 -0.3825 0.713583 3.19904 
0.0887203 -0.454791 3.11703 0.00752339 -0.252816 3.15397 0.0742531 -0.240209 2.99895 0.185577 0.0176793 2.95592 0.215262 -0.0455973 3.12125 -0.0651853 -0.26557 3.32282 -0.0331332 -0.0228214 3.42932 0.13648 -0.0661385 3.28769 -0.0572442 0.252382 3.17203 0.0103501 0.246896 3.05405 0.346622 0.411836 3.13025 0.188206 0.767639 3.1421 -0.118741 0.264963 3.2621 -0.0396129 0.65987 3.29313 -0.40849 0.707076 3.16179 
0.076105 -0.517895 3.10753 0.00329778 -0.322164 3.15172 0.0826471 -0.307969 2.99693 0.204864 -0.0530478 2.96872 0.206777 -0.102551 3.1567 -0.0678262 -0.337837 3.31439 -0.0274777 -0.101288 3.46227 0.127352 -0.140083 3.32 -0.0588704 0.191901 3.17359 0.0112144 0.180312 3.06435 0.344141 0.390571 3.11127 0.187338 0.753945 3.13803 -0.124827 0.198882 3.27084 -0.0525956 0.613825 3.27822 -0.433412 0.711866 3.13745 
0.0473447 -0.596707 3.11225 -0.0135623 -0.384889 3.15358 0.0741171 -0.379324 2.99512 0.211722 -0.144917 2.96508 0.202527 -0.196526 3.14966 -0.0983785 -0.395502 3.31226 -0.00427282 -0.193309 3.49569 0.140794 -0.222076 3.33963 -0.0547372 0.132795 3.17524 0.0180256 0.136529 3.05746 0.337101 0.374373 3.10652 0.188244 0.747804 3.12291 -0.128513 0.142944 3.26874 -0.0609666 0.547406 3.28659 -0.442336 0.721993 3.14569 
0.0157429 -0.724161 3.13515 -0.0445589 -0.514482 3.16601 0.0229235 -0.512117 3.00079 0.203856 -0.310909 2.96291 0.172786 -0.376301 3.11447 -0.110582 -0.522364 3.32405 0.0203241 -0.342109 3.50881 0.154051 -0.409122 3.34068 -0.0583422 0.018635 3.17844 0.0117626 0.0198607 3.0698 0.276283 0.331008 3.09674 0.18869 0.747611 3.14497 -0.125133 0.0162225 3.27557 -0.112964 0.433979 3.26674 -0.432305 0.694345 3.15996 
-0.0137271 -0.850967 3.14979 -0.0774609 -0.637739 3.17089 -0.0318489 -0.627425 3.00209 0.15819 -0.43601 2.94663 0.12731 -0.538292 3.10878 -0.129037 -0.645412 3.32775 0.0268691 -0.46734 3.51182 0.115703 -0.588231 3.36266 -0.0617581 -0.104342 3.182 -0.0270691 -0.0998761 3.0703 0.0105219 0.272925 3.09591 -0.0639164 0.65936 3.1469 -0.0963497 -0.102977 3.28317 -0.0661512 0.319984 3.25641 -0.150663 0.708372 3.19216 
-0.0224175 -0.923559 3.1584 -0.0841924 -0.723986 3.17001 -0.0249264 -0.716526 2.99313 0.151949 -0.510424 2.92962 0.112303 -0.58754 3.09546 -0.140907 -0.73568 3.33459 -0.00564866 -0.54238 3.49973 0.0882866 -0.615607 3.29183 -0.0534841 -0.186693 3.1865 0.00654424 -0.180363 3.08879 0.0687414 0.229264 3.08064 0.120447 0.63209 3.08941 -0.119363 -0.186692 3.29689 -0.152415 0.2319 3.26305 -0.33554 0.611203 3.24041 
-0.0311259 -0.973948 3.1579 -0.0975178 -0.799686 3.16842 -0.0351783 -0.792578 2.99584 0.121174 -0.56385 2.91418 0.100355 -0.640677 3.07339 -0.161707 -0.802519 3.3361 -0.0508872 -0.54876 3.49765 0.0808878 -0.626988 3.29127 -0.0600829 -0.260505 3.18926 -0.00374709 -0.249854 3.09661 0.00791485 0.174825 3.07456 -0.0899864 0.585401 3.04391 -0.128334 -0.265547 3.30954 -0.12446 0.172772 3.29251 -0.240899 0.568288 3.275 
-0.0415197 -0.992116 3.16508 -0.112257 -0.816642 3.16521 -0.048499 -0.819932 2.99732 0.109431 -0.584743 2.90697 0.0980021 -0.625996 3.11392 -0.159519 -0.82074 3.3369 -0.087038 -0.549493 3.47679 0.04299 -0.622364 3.30381 -0.0648443 -0.283226 3.19116 -0.0197256 -0.279617 3.08876 -0.0405621 0.145604 3.0718 -0.240773 0.524752 3.00016 -0.112165 -0.285256 3.31468 -0.0835507 0.153587 3.31728 -0.183987 0.537191 3.32004 
-0.0444553 -1.00143 3.165 -0.120696 -0.816985 3.17003 -0.0570768 -0.816374 3.00134 0.0584641 -0.575983 2.9051 0.066912 -0.604822 3.11334 -0.170399 -0.81921 3.34123 -0.122696 -0.547175 3.47399 0.0329939 -0.577119 3.30278 -0.0808338 -0.278179 3.19201 -0.0537997 -0.273095 3.08499 -0.14172 0.145979 3.06532 -0.398657 0.509472 2.99529 -0.119045 -0.278065 3.31428 -0.0614344 0.152271 3.32131 -0.0585321 0.570578 3.33886 
-0.0359658 -0.973384 3.15764 -0.1214 -0.793076 3.16963 -0.0612333 -0.790715 3.005 0.0463346 -0.544659 2.91881 0.057865 -0.569921 3.10423 -0.169119 -0.793902 3.3405 -0.171325 -0.516644 3.46622 0.0228257 -0.545676 3.28668 -0.0841675 -0.242057 3.19047 -0.0484299 -0.239988 3.06325 -0.19773 0.168498 3.05012 -0.462702 0.508571 2.97109 -0.121996 -0.246455 3.31349 -0.0578335 0.185539 3.34638 -0.0168901 0.591523 3.34745 
-0.0417657 -0.904609 3.15518 -0.125329 -0.719436 3.18028 -0.0688133 -0.720199 3.01191 0.012584 -0.448476 2.92093 0.0684939 -0.460743 3.10576 -0.18398 -0.72228 3.33953 -0.178636 -0.456324 3.45302 0.00714031 -0.455292 3.29248 -0.120359 -0.189004 3.19045 -0.0844636 -0.181832 3.07209 -0.249612 0.219546 3.03745 -0.54409 0.567588 2.97352 -0.149534 -0.19144 3.31774 0.00557526 0.219903 3.35392 0.013663 0.646767 3.34802 
-0.028872 -0.81743 3.17314 -0.125482 -0.625471 3.18621 -0.0686173 -0.624041 3.01327 0.00534472 -0.350554 2.92125 0.072669 -0.372635 3.10189 -0.189078 -0.628225 3.33803 -0.19111 -0.366967 3.45001 -0.00404495 -0.372933 3.27434 -0.136001 -0.0937642 3.18388 -0.117663 -0.0862201 3.06565 -0.28984 0.3193 3.02283 -0.571619 0.631745 2.97128 -0.158089 -0.097788 3.31615 0.0332589 0.273865 3.35888 0.00138658 0.691393 3.33806 
-0.0126787 -0.700563 3.17356 -0.12159 -0.510682 3.18702 -0.0719591 -0.506247 3.01746 -0.0423144 -0.229999 2.91784 0.0610582 -0.26862 3.10521 -0.162643 -0.518436 3.3392 -0.185092 -0.257539 3.45272 -0.00343783 -0.266023 3.29306 -0.162592 0.0133848 3.18205 -0.167461 0.0221856 3.06797 -0.277039 0.414882 3.03144 -0.648512 0.690522 2.96908 -0.154201 0.00692547 3.30946 0.0813155 0.34578 3.35411 -0.0529825 0.747777 3.3102 
0.00185239 -0.589009 3.18236 -0.121824 -0.401063 3.18418 -0.0904759 -0.389302 3.00931 -0.058302 -0.113312 2.91224 0.0189641 -0.133912 3.09579 -0.13867 -0.410672 3.33634 -0.187434 -0.147401 3.44672 0.00637082 -0.150892 3.29007 -0.181523 0.111813 3.17981 -0.208865 0.121039 3.07057 -0.2734 0.531301 3.02678 -0.667853 0.727085 2.93998 -0.161198 0.105419 3.299 0.105727 0.387843 3.34366 -0.0437623 0.760718 3.27963 
0.0213802 -0.471167 3.16611 -0.118319 -0.280859 3.1849 -0.0798733 -0.274333 3.01826 -0.101097 -0.0124926 2.90876 0.0312742 -0.0317168 3.10078 -0.141031 -0.288544 3.34996 -0.187387 -0.0113537 3.45635 0.0095135 -0.00346197 3.30022 -0.206011 0.221543 3.17595 -0.220944 0.230692 3.06741 -0.255316 0.656275 3.02129 -0.659653 0.696814 2.98805 -0.192476 0.207211 3.28435 0.131983 0.39574 3.34323 -0.0385922 0.764004 3.27494 
0.0261721 -0.400704 3.19153 -0.111761 -0.220023 3.18703 -0.0748696 -0.212794 3.02405 -0.10152 0.0443142 2.93244 0.021673 0.0252631 3.09973 -0.14443 -0.227039 3.35766 -0.196856 0.0573375 3.44757 -0.028862 0.050257 3.30927 -0.209287 0.270606 3.17211 -0.220062 0.286837 3.0655 -0.250924 0.705805 3.01971 -0.664929 0.70214 3.01247 -0.188625 0.255732 3.27891 0.136662 0.40307 3.34256 -0.0387639 0.764074 3.27478 
0.0339915 -0.345593 3.19186 -0.113531 -0.174678 3.18577 -0.0804022 -0.169825 3.02154 -0.105256 0.0960561 2.93432 0.00694315 0.061503 3.09623 -0.144344 -0.186095 3.35588 -0.213966 0.0957866 3.44811 -0.030197 0.0739402 3.29661 -0.21765 0.310242 3.17523 -0.232799 0.322559 3.06498 -0.230588 0.738305 3.0229 -0.635379 0.700374 3.01097 -0.195744 0.294492 3.28161 0.145615 0.404702 3.34189 -0.0386193 0.766434 3.27508 
0.0336976 -0.330772 3.20911 -0.108628 -0.157183 3.18478 -0.071161 -0.145003 3.02573 -0.0932425 0.125015 2.93209 0.0205833 0.0796161 3.09645 -0.141006 -0.166665 3.35188 -0.218236 0.112742 3.44406 -0.0299892 0.109486 3.28641 -0.214217 0.331468 3.1745 -0.221398 0.341526 3.06366 -0.22432 0.764917 3.0206 -0.621512 0.700572 3.02928 -0.192276 0.316512 3.27976 0.148465 0.404095 3.341 -0.0385805 0.766538 3.27502 
0.0341152 -0.307921 3.19996 -0.112316 -0.122846 3.18377 -0.0675395 -0.12033 3.01587 -0.0807911 0.143353 2.92195 -0.0135486 0.101354 3.09082 -0.15817 -0.136874 3.35131 -0.223883 0.135307 3.4439 -0.0453478 0.135167 3.29668 -0.217883 0.349104 3.17409 -0.219756 0.361662 3.06772 -0.215751 0.790526 3.0193 -0.596076 0.700415 3.02128 -0.201435 0.338176 3.28106 0.149236 0.40865 3.3422 -0.0387369 0.76829 3.27509 
0.0283491 -0.280029 3.19846 -0.117158 -0.107508 3.18353 -0.0682016 -0.102952 3.02369 -0.0818954 0.172421 2.9252 -0.0117012 0.127503 3.09126 -0.161934 -0.113169 3.35062 -0.224179 0.152846 3.44331 -0.0473417 0.139972 3.28821 -0.218115 0.36105 3.17381 -0.226254 0.379926 3.06736 -0.212299 0.803631 3.01483 -0.589691 0.700992 3.03206 -0.2017 0.34716 3.28146 0.149804 0.410758 3.34297 -0.0386407 0.768325 3.27518 
0.0287333 -0.279878 3.18987 -0.117036 -0.103041 3.18333 -0.0599697 -0.0990674 3.02365 -0.0809337 0.186515 2.92437 -0.0181674 0.13662 3.0878 -0.167328 -0.107107 3.3421 -0.23305 0.165751 3.43865 -0.0466281 0.150522 3.3045 -0.217866 0.370479 3.17372 -0.217852 0.384824 3.06699 -0.212136 0.806267 3.0147 -0.58917 0.696355 3.02916 -0.212665 0.352457 3.28127 0.149823 0.410333 3.34294 -0.0386214 0.768204 3.27491 
0.0289205 -0.279899 3.18098 -0.117027 -0.102879 3.17948 -0.0530029 -0.0941324 3.01919 -0.0870578 0.191471 2.92816 -0.0180498 0.143456 3.08474 -0.167852 -0.107307 3.3418 -0.231647 0.165566 3.43847 -0.0472819 0.151994 3.30006 -0.21789 0.372221 3.17382 -0.224941 0.38822 3.07105 -0.207008 0.806415 3.01422 -0.586978 0.698812 3.02042 -0.207021 0.350719 3.28955 0.146133 0.411349 3.33883 -0.0384125 0.766546 3.27516 
0.0251081 -0.279263 3.18919 -0.117006 -0.101013 3.17943 -0.0530554 -0.0941994 3.02336 -0.0918717 0.19194 2.93695 -0.0178942 0.141946 3.08471 -0.167731 -0.107352 3.34173 -0.240461 0.159847 3.43867 -0.0466604 0.153269 3.29442 -0.221145 0.37055 3.17407 -0.221568 0.387235 3.0672 -0.207249 0.803869 3.01418 -0.596165 0.705848 3.0192 -0.207817 0.351171 3.29018 0.146548 0.406888 3.33928 -0.0387208 0.766406 3.27495 
0.0160168 -0.298081 3.19682 -0.117406 -0.114466 3.18372 -0.0726941 -0.110092 3.02827 -0.104277 0.16618 2.93531 -0.0196871 0.119899 3.08703 -0.167408 -0.118389 3.35109 -0.241336 0.136705 3.45386 -0.0475319 0.130711 3.30681 -0.218194 0.350493 3.17408 -0.233685 0.368718 3.0679 -0.220641 0.802729 3.01514 -0.606403 0.70313 3.02182 -0.201411 0.33456 3.28569 0.14061 0.413701 3.33724 -0.0387494 0.768251 3.27506 
0.0161931 -0.307805 3.18837 -0.117288 -0.130185 3.18434 -0.0768028 -0.125461 3.02463 -0.102047 0.142172 2.93669 -0.0235061 0.104059 3.09247 -0.167104 -0.144979 3.35592 -0.225348 0.123583 3.45964 -0.0331808 0.127885 3.30854 -0.218212 0.343774 3.17399 -0.237328 0.36243 3.0681 -0.224255 0.796517 3.01983 -0.614995 0.708269 3.03184 -0.197544 0.329385 3.27184 0.145158 0.408018 3.33254 -0.0388485 0.768216 3.27485 
0.00889814 -0.343229 3.17896 -0.122029 -0.161381 3.18992 -0.0797411 -0.150267 3.02616 -0.106972 0.122456 2.93537 -0.0200999 0.084309 3.09906 -0.163416 -0.171246 3.36123 -0.195712 0.0956381 3.47046 -0.00954625 0.0578213 3.32288 -0.214693 0.327601 3.17369 -0.233283 0.342929 3.06883 -0.22555 0.763906 3.03969 -0.634195 0.705556 3.05511 -0.19248 0.308261 3.27596 0.144415 0.407655 3.33067 -0.0388206 0.768277 3.27517 
-0.00422792 -0.384587 3.19511 -0.122036 -0.190736 3.19089 -0.0804258 -0.18758 3.02676 -0.0945861 0.0758668 2.93305 0.0292164 0.0386978 3.10019 -0.159969 -0.192959 3.36166 -0.194949 0.0664026 3.46109 -0.0239676 0.0606825 3.31054 -0.217764 0.295603 3.17552 -0.228458 0.312737 3.06961 -0.253383 0.731412 3.04636 -0.654174 0.708445 3.04987 -0.195825 0.279842 3.27802 0.139561 0.402724 3.33554 -0.0388615 0.766306 3.27485 
-0.0250961 -0.457579 3.1754 -0.122052 -0.256251 3.18846 -0.088847 -0.26115 3.02163 -0.0649459 -0.0124014 2.90648 0.0471137 -0.0379248 3.08952 -0.144567 -0.258122 3.36211 -0.175167 0.0218353 3.44846 0.0179707 -0.00700098 3.28133 -0.210889 0.233416 3.17686 -0.22908 0.248309 3.06714 -0.261476 0.669841 3.03523 -0.663153 0.703654 3.01094 -0.188332 0.223913 3.27837 0.141635 0.405132 3.32483 -0.0388155 0.764067 3.27445 
-0.0505137 -0.535608 3.18135 -0.130419 -0.327033 3.19037 -0.108411 -0.326076 3.01986 -0.0311918 -0.0860093 2.90377 0.0390118 -0.105578 3.09532 -0.147295 -0.324311 3.35952 -0.144748 -0.0536773 3.43906 0.0200818 -0.0780043 3.29212 -0.202412 0.171632 3.17811 -0.225869 0.18093 3.06424 -0.290031 0.580472 3.04949 -0.693896 0.736117 2.95289 -0.179276 0.164546 3.28218 0.128006 0.396839 3.31433 -0.0386135 0.757146 3.2748 
-0.0732623 -0.613346 3.15194 -0.130306 -0.413535 3.18835 -0.0984314 -0.415343 3.01456 -0.0104355 -0.187028 2.92879 0.0540322 -0.206274 3.10503 -0.149519 -0.413677 3.3407 -0.123751 -0.141904 3.46353 0.030603 -0.17857 3.31433 -0.19836 0.0995279 3.17506 -0.222297 0.105949 3.06175 -0.305999 0.503721 3.01581 -0.69375 0.715811 2.95349 -0.168884 0.0984209 3.28805 0.114631 0.375388 3.30569 -0.0386733 0.759381 3.27453 
-0.0764172 -0.713314 3.15387 -0.137094 -0.504267 3.19115 -0.0878243 -0.504759 3.00469 0.0340386 -0.288642 2.9324 0.0602101 -0.311546 3.1045 -0.180289 -0.506298 3.33932 -0.122373 -0.236039 3.46913 0.0404837 -0.273977 3.3151 -0.18612 0.00357614 3.17748 -0.212602 0.0093424 3.06007 -0.318667 0.398182 3.00097 -0.649189 0.685298 2.95651 -0.15494 0.00340679 3.28963 0.0655577 0.348692 3.30941 -0.0435777 0.750845 3.27516 
-0.0836941 -0.783711 3.15383 -0.133919 -0.596959 3.18556 -0.103607 -0.598062 3.01255 0.0393403 -0.37612 2.92733 0.0435851 -0.379547 3.09964 -0.188836 -0.598929 3.34138 -0.127155 -0.34867 3.47095 0.00603227 -0.366045 3.31944 -0.177492 -0.0739631 3.17993 -0.2052 -0.0780217 3.0544 -0.329248 0.323032 3.00711 -0.600958 0.645558 2.968 -0.138105 -0.0670277 3.28309 0.0106645 0.312567 3.27766 -0.0402307 0.734233 3.28443 
-0.0752341 -0.929468 3.14963 -0.14494 -0.738116 3.18584 -0.107612 -0.737441 3.01335 0.0265248 -0.496624 2.92721 0.03548 -0.50077 3.10981 -0.183621 -0.74681 3.34064 -0.15843 -0.505111 3.4728 0.00194067 -0.496284 3.31648 -0.153372 -0.20169 3.17311 -0.150332 -0.197933 3.04761 -0.239718 0.213678 3.01076 -0.440376 0.569823 3.03115 -0.140672 -0.202559 3.27097 -0.118468 0.225114 3.27935 -0.11118 0.63613 3.29533 
-0.0771563 -0.961057 3.14992 -0.148393 -0.778822 3.17453 -0.120191 -0.776434 3.00652 0.0358666 -0.527852 2.91912 0.0464406 -0.536205 3.11373 -0.183146 -0.785881 3.34097 -0.14857 -0.533991 3.47355 0.016404 -0.529957 3.30941 -0.14128 -0.23567 3.16914 -0.143106 -0.232566 3.04838 -0.171394 0.177995 3.01336 -0.352075 0.563156 3.03909 -0.144461 -0.236356 3.26505 -0.133402 0.185022 3.25868 -0.221741 0.583336 3.2826 
-0.0723951 -1.01201 3.14246 -0.147875 -0.821277 3.15371 -0.131144 -0.81582 2.99039 -0.00279084 -0.554293 2.89875 0.0533712 -0.556335 3.07341 -0.163766 -0.822904 3.33727 -0.154739 -0.570316 3.45693 0.0146647 -0.551577 3.28735 -0.147044 -0.275841 3.1517 -0.133855 -0.271381 3.04476 -0.0792453 0.14091 3.02462 -0.155241 0.560631 3.03507 -0.164694 -0.27823 3.26265 -0.193046 0.139971 3.24961 -0.386718 0.502732 3.23176 
-0.0674851 -1.00546 3.11706 -0.147061 -0.818075 3.1455 -0.138626 -0.814266 2.97864 -0.0394756 -0.55531 2.87759 0.0438218 -0.524137 3.0536 -0.15965 -0.823348 3.33267 -0.158096 -0.56241 3.45674 0.00880621 -0.54243 3.28203 -0.150958 -0.275429 3.14765 -0.135391 -0.272005 3.04492 -0.0439212 0.117559 3.02852 -0.0491008 0.560428 3.04417 -0.174406 -0.277455 3.25949 -0.217722 0.140161 3.24573 -0.440124 0.499155 3.21401 
-0.0545041 -0.967604 3.10127 -0.151285 -0.778936 3.14371 -0.135218 -0.765814 2.96404 -0.0912357 -0.490866 2.85195 0.0166351 -0.473616 3.03885 -0.150461 -0.789886 3.3231 -0.139253 -0.499971 3.43905 0.0135212 -0.480372 3.26874 -0.147667 -0.238336 3.15583 -0.106236 -0.234784 3.04329 0.0362635 0.148673 3.05134 0.115209 0.563435 3.05147 -0.185591 -0.24101 3.25869 -0.288743 0.179992 3.21267 -0.530261 0.529672 3.14538 
-0.042052 -0.923653 3.09387 -0.146473 -0.732245 3.13428 -0.130619 -0.720685 2.96223 -0.0935304 -0.455092 2.85871 0.0245978 -0.421912 3.03388 -0.159036 -0.739635 3.31001 -0.15718 -0.476268 3.42104 0.00939461 -0.442532 3.23416 -0.150232 -0.194814 3.13794 -0.105836 -0.190505 3.04159 0.0599059 0.165788 3.04989 0.132853 0.580652 3.05338 -0.203739 -0.200651 3.25444 -0.291809 0.217727 3.20195 -0.536156 0.564644 3.1175 
-0.0369419 -0.881344 3.094 -0.147148 -0.684965 3.13237 -0.126671 -0.672482 2.95986 -0.0949462 -0.399849 2.84817 0.0119727 -0.372074 3.02087 -0.155227 -0.694927 3.30781 -0.151445 -0.416804 3.41656 0.00748305 -0.390175 3.23085 -0.150703 -0.150713 3.14166 -0.0897538 -0.145233 3.03965 0.106728 0.202763 3.05003 0.136148 0.632207 3.0706 -0.213059 -0.156588 3.25725 -0.296196 0.24751 3.20313 -0.538964 0.617743 3.10797 
-0.0117162 -0.69882 3.09457 -0.138036 -0.519924 3.12731 -0.101543 -0.507869 2.95321 -0.0722823 -0.249143 2.83627 0.0379164 -0.260791 3.01206 -0.161645 -0.528824 3.29087 -0.188128 -0.256195 3.4049 -0.0117294 -0.233077 3.23094 -0.157339 0.00754741 3.12377 -0.0971308 0.0088457 3.02917 0.158843 0.324657 3.05532 0.0645725 0.740059 3.08038 -0.221317 0.00904319 3.24686 -0.233096 0.443786 3.20304 -0.565105 0.701718 3.058 
-0.000838175 -0.582708 3.0936 -0.127035 -0.428717 3.12005 -0.0873533 -0.415757 2.95329 -0.0672946 -0.138127 2.83654 0.0444164 -0.145244 3.02244 -0.163079 -0.439879 3.27896 -0.188319 -0.16595 3.39023 -0.00809916 -0.141229 3.23232 -0.164213 0.100693 3.12136 -0.104399 0.0965974 3.02183 0.180915 0.386368 3.05823 0.0602225 0.760721 3.10449 -0.224843 0.10832 3.24052 -0.226099 0.532226 3.22813 -0.582774 0.717343 3.07618 
0.00975198 -0.537304 3.09415 -0.115154 -0.360167 3.11723 -0.0774865 -0.349737 2.95099 -0.0503536 -0.0675515 2.83285 0.0516382 -0.0851973 3.01207 -0.158518 -0.365868 3.26937 -0.188322 -0.100859 3.38214 -0.00529864 -0.0778466 3.22662 -0.171102 0.157443 3.11959 -0.110921 0.150561 3.00716 0.188019 0.399529 3.05138 0.0575914 0.756756 3.08878 -0.224996 0.165067 3.23139 -0.225194 0.612133 3.23231 -0.589471 0.720617 3.07747 
0.0387896 -0.421552 3.08861 -0.0923436 -0.236306 3.11216 -0.0378806 -0.219644 2.94445 -0.0269973 0.0546211 2.84534 0.0786656 0.0171237 3.01709 -0.15038 -0.243062 3.27008 -0.19028 0.0195173 3.37357 0.00414785 0.0384421 3.20915 -0.178323 0.271182 3.10851 -0.118026 0.26621 2.99997 0.21795 0.420657 3.08012 0.0621832 0.779885 3.09364 -0.24728 0.281224 3.2208 -0.188824 0.697963 3.2407 -0.563874 0.717142 3.07049 
0.0677063 -0.344321 3.0836 -0.0829029 -0.166508 3.10533 -0.0384081 -0.151264 2.92831 -0.0404044 0.126488 2.85022 0.0326373 0.08814 3.01567 -0.130759 -0.178034 3.25924 -0.163922 0.0520981 3.37518 0.00389069 0.0614917 3.21779 -0.186095 0.332606 3.11144 -0.132822 0.322809 2.9991 0.222556 0.432018 3.0827 0.0624192 0.780768 3.09743 -0.250189 0.33784 3.22432 -0.153195 0.746183 3.24288 -0.53229 0.716291 3.10613 
0.0698651 -0.320548 3.075 -0.0772534 -0.13616 3.10437 -0.0301202 -0.124735 2.9306 -0.0314148 0.164908 2.85351 0.0408946 0.10705 3.01493 -0.133832 -0.164236 3.26054 -0.188857 0.100452 3.37878 0.00126274 0.110051 3.22283 -0.187049 0.34678 3.11115 -0.12937 0.343396 2.99834 0.226762 0.433891 3.08495 0.0611699 0.779177 3.09863 -0.250731 0.359684 3.22019 -0.157446 0.77006 3.24464 -0.527841 0.716495 3.10254 
0.084723 -0.261288 3.0852 -0.0665306 -0.0979069 3.10299 -0.0186798 -0.0712796 2.92455 -0.0375975 0.199622 2.86053 0.033355 0.159597 3.00799 -0.118825 -0.114418 3.2579 -0.187927 0.134043 3.37879 -0.022005 0.152398 3.2267 -0.189405 0.380319 3.11026 -0.132077 0.365897 2.99718 0.226433 0.438184 3.0874 0.0594504 0.77756 3.09091 -0.253022 0.389787 3.22218 -0.15833 0.806146 3.24792 -0.519551 0.729042 3.10544 
0.0850793 -0.256396 3.08496 -0.0661873 -0.0833065 3.10257 -0.0110464 -0.0607418 2.92392 -0.042585 0.21629 2.85584 0.0314312 0.162053 3.01189 -0.117339 -0.105059 3.25734 -0.188832 0.146101 3.3819 -0.0217883 0.157572 3.22971 -0.185996 0.393126 3.10945 -0.132333 0.377356 3.00142 0.226037 0.440765 3.08628 0.0583814 0.779037 3.08843 -0.249637 0.404124 3.22167 -0.153786 0.806906 3.24495 -0.514283 0.727827 3.10086 
0.0894714 -0.256709 3.08585 -0.0578765 -0.0814334 3.09821 -0.0103127 -0.0605788 2.92378 -0.042739 0.223023 2.85641 0.0341408 0.161617 3.01527 -0.108666 -0.102769 3.2529 -0.189773 0.154592 3.37856 -0.0148875 0.162318 3.22184 -0.186112 0.395968 3.10955 -0.123376 0.377991 3.00111 0.227312 0.438642 3.08632 0.0651902 0.783175 3.09279 -0.249844 0.400845 3.22199 -0.153633 0.805065 3.25388 -0.519378 0.727297 3.11026 
0.0901283 -0.265812 3.08651 -0.0543526 -0.0880039 3.09807 0.00270292 -0.0652499 2.92385 -0.0327031 0.212649 2.85489 0.0500568 0.162693 3.01556 -0.118629 -0.106127 3.2574 -0.190476 0.146712 3.37464 0.0022724 0.151213 3.22083 -0.181233 0.386444 3.10973 -0.126714 0.370673 2.99691 0.226706 0.440134 3.08454 0.060508 0.779592 3.09331 -0.245056 0.395309 3.22214 -0.157891 0.804936 3.24519 -0.519632 0.727201 3.11057 
0.0938602 -0.272186 3.09739 -0.0549711 -0.100948 3.10271 -0.00211283 -0.0815753 2.92912 -0.0033262 0.191468 2.85095 0.0431905 0.151082 3.01498 -0.113651 -0.116903 3.25833 -0.192383 0.133679 3.37137 0.0147968 0.154008 3.22687 -0.181869 0.36146 3.11054 -0.124105 0.35757 2.99713 0.235361 0.437159 3.09192 0.0621783 0.777932 3.09688 -0.24544 0.379272 3.22241 -0.153946 0.796789 3.2442 -0.51994 0.722668 3.10948 
0.0891556 -0.322559 3.0873 -0.0548562 -0.146836 3.1042 0.00385465 -0.123241 2.93476 0.00869914 0.161549 2.8607 0.0418757 0.0951443 3.02687 -0.113751 -0.169351 3.25905 -0.192226 0.0860295 3.36854 -0.00206401 0.0981754 3.23175 -0.178036 0.331928 3.10591 -0.112969 0.326383 2.99785 0.227648 0.429215 3.07588 0.0574044 0.781076 3.09308 -0.242524 0.348919 3.21881 -0.147868 0.747703 3.23892 -0.529209 0.712741 3.09402 
0.081388 -0.349458 3.07796 -0.0598061 -0.173962 3.10515 0.00913515 -0.147813 2.93575 0.0291222 0.131809 2.86718 0.0453509 0.0803057 3.02829 -0.122069 -0.188662 3.25952 -0.17964 0.0559478 3.37151 0.0197764 0.0637235 3.2316 -0.178392 0.311194 3.11131 -0.11408 0.302259 2.99912 0.226461 0.419613 3.07087 0.0545969 0.781539 3.08375 -0.242341 0.314236 3.21558 -0.157304 0.728757 3.23388 -0.534095 0.70616 3.09763 
0.0627557 -0.389063 3.08377 -0.0662131 -0.204646 3.10633 -0.00652472 -0.189672 2.94218 0.0458489 0.0827087 2.87507 0.0824458 0.0332042 3.04208 -0.133003 -0.221429 3.26161 -0.171981 0.0271627 3.37588 0.0247267 0.032615 3.23291 -0.174616 0.279205 3.10812 -0.105332 0.268203 2.99559 0.227798 0.41428 3.07062 0.0586575 0.780101 3.08982 -0.23827 0.289907 3.21675 -0.165566 0.701053 3.22966 -0.55724 0.711266 3.09419 
0.0210985 -0.514919 3.07874 -0.0832757 -0.298231 3.11391 -0.0111682 -0.280046 2.96272 0.0559449 -0.00197654 2.8891 0.0706866 -0.065695 3.08194 -0.150721 -0.309665 3.26028 -0.177172 -0.0638388 3.38061 0.0197084 -0.0883342 3.24266 -0.174158 0.208085 3.10996 -0.101494 0.1964 3.00153 0.213313 0.408351 3.05949 0.0566166 0.766758 3.09566 -0.238393 0.217381 3.21939 -0.1922 0.624024 3.23018 -0.571092 0.714702 3.09228 
0.0125776 -0.566206 3.0871 -0.0862362 -0.335636 3.1152 -0.00978931 -0.318517 2.95998 0.0543054 -0.0468593 2.89406 0.0843042 -0.118437 3.08694 -0.15961 -0.358998 3.26577 -0.172695 -0.106918 3.39445 0.0239096 -0.119542 3.24022 -0.174935 0.16382 3.11506 -0.101683 0.163252 3.00298 0.1992 0.394872 3.06334 0.0608065 0.754224 3.1055 -0.243013 0.166853 3.21971 -0.196543 0.568235 3.23511 -0.581654 0.719894 3.09332 
-0.0251302 -0.681119 3.08262 -0.110515 -0.462077 3.11526 -0.0344632 -0.452279 2.95297 0.0348078 -0.193951 2.89314 0.0560402 -0.258945 3.0967 -0.183014 -0.479257 3.26917 -0.173167 -0.240481 3.38146 0.0215025 -0.250514 3.24436 -0.160536 0.0451127 3.11947 -0.0847354 0.0492123 3.01038 0.156855 0.351047 3.09082 0.0588046 0.761965 3.12021 -0.239901 0.0456129 3.23068 -0.211445 0.45649 3.22074 -0.569351 0.698005 3.11998 
-0.0526086 -0.748474 3.08753 -0.122408 -0.550664 3.11875 -0.038015 -0.538559 2.95716 0.0307461 -0.279997 2.88335 0.0228708 -0.301629 3.08278 -0.201999 -0.569795 3.26771 -0.191365 -0.300354 3.39087 0.00540092 -0.3181 3.25931 -0.152148 -0.0313204 3.12098 -0.0844356 -0.0240472 3.01635 0.0885696 0.325919 3.06708 0.0592428 0.750821 3.12172 -0.228568 -0.0337067 3.23216 -0.224665 0.368401 3.23486 -0.533452 0.671507 3.1426 
-0.0782535 -0.862867 3.09382 -0.149844 -0.661541 3.11124 -0.0688354 -0.657009 2.95394 0.0059514 -0.403767 2.87869 0.0436985 -0.429088 3.08094 -0.222976 -0.66952 3.27194 -0.225486 -0.414866 3.38561 -0.0219528 -0.411025 3.24233 -0.154153 -0.130143 3.12879 -0.0819208 -0.123177 3.02444 0.0132589 0.27057 3.0623 0.0384626 0.69747 3.06526 -0.226836 -0.134156 3.24711 -0.233249 0.285879 3.24171 -0.476866 0.615211 3.18805 
-0.0809589 -0.898627 3.09406 -0.154666 -0.703624 3.10738 -0.0773671 -0.695968 2.95199 0.00467876 -0.445206 2.86931 0.0380973 -0.457915 3.07739 -0.222117 -0.714638 3.27286 -0.261675 -0.43977 3.37908 -0.0398476 -0.436118 3.23677 -0.154043 -0.175355 3.12926 -0.0816846 -0.167771 3.02573 -0.0445421 0.248252 3.05865 -0.0282407 0.674914 3.06333 -0.225137 -0.178566 3.24701 -0.23014 0.246114 3.24756 -0.428598 0.602617 3.20542 
-0.0978313 -0.927766 3.09187 -0.162908 -0.738301 3.10597 -0.0961206 -0.733994 2.95788 0.00430065 -0.471726 2.86551 0.0235085 -0.47277 3.07556 -0.236938 -0.744574 3.27398 -0.294703 -0.476443 3.37211 -0.0626634 -0.459556 3.24735 -0.154704 -0.200455 3.13465 -0.0878163 -0.193916 3.0225 -0.0757843 0.231476 3.0389 -0.125498 0.654223 3.03004 -0.230479 -0.204944 3.25276 -0.22944 0.220426 3.25353 -0.363483 0.622365 3.25065 
-0.115391 -0.946697 3.09772 -0.185728 -0.740562 3.10678 -0.102882 -0.734971 2.95392 -0.014563 -0.472833 2.8632 0.00567885 -0.457554 3.07333 -0.257648 -0.740978 3.27046 -0.307855 -0.474887 3.36844 -0.0870905 -0.444569 3.25037 -0.164398 -0.197563 3.13497 -0.0917228 -0.195484 3.02722 -0.0969219 0.234348 3.03569 -0.181801 0.65724 3.01818 -0.241356 -0.201917 3.25789 -0.225789 0.226646 3.26091 -0.300745 0.629255 3.29402 
-0.121853 -0.88014 3.10417 -0.209587 -0.684698 3.10639 -0.124895 -0.689864 2.95746 -0.0123308 -0.4185 2.86468 -0.00304341 -0.380647 3.06342 -0.288001 -0.692897 3.2687 -0.322361 -0.427592 3.35741 -0.0936001 -0.361351 3.23294 -0.176702 -0.15651 3.13462 -0.12816 -0.155618 3.02661 -0.144221 0.275731 3.02205 -0.249752 0.689596 2.98021 -0.246879 -0.163997 3.25268 -0.221848 0.276294 3.30448 -0.265315 0.678307 3.3278 
-0.144557 -0.823849 3.0892 -0.214703 -0.653509 3.109 -0.123841 -0.651303 2.95603 -0.0290556 -0.385697 2.87313 -0.0114902 -0.326708 3.06689 -0.292061 -0.659241 3.27408 -0.317693 -0.371139 3.35461 -0.107299 -0.319276 3.23248 -0.184948 -0.10812 3.13283 -0.136517 -0.102795 3.01666 -0.151062 0.314282 3.00345 -0.274999 0.727179 2.96007 -0.242496 -0.113521 3.25074 -0.19463 0.307305 3.31713 -0.282981 0.71808 3.35468 
-0.142446 -0.751804 3.09722 -0.217636 -0.561464 3.10303 -0.139216 -0.561681 2.95744 -0.0525875 -0.307359 2.8744 -0.0300725 -0.251064 3.05676 -0.288114 -0.564894 3.27132 -0.320841 -0.274848 3.34505 -0.0869134 -0.240522 3.21527 -0.193806 -0.0241446 3.12597 -0.145334 -0.0191996 3.00993 -0.148968 0.386972 2.96446 -0.305906 0.765024 2.93289 -0.238254 -0.025594 3.2484 -0.156181 0.377067 3.34946 -0.306761 0.765443 3.35432 
-0.142778 -0.746978 3.08786 -0.217907 -0.548631 3.10269 -0.14816 -0.548155 2.9571 -0.0757416 -0.27817 2.87446 -0.0363904 -0.224456 3.04753 -0.290695 -0.549873 3.27511 -0.307596 -0.264799 3.3467 -0.0763323 -0.223132 3.22383 -0.194314 -0.0182504 3.12588 -0.147998 -0.0100502 3.00973 -0.13345 0.389275 2.95944 -0.30035 0.764282 2.92825 -0.22404 -0.0211569 3.24421 -0.133991 0.378485 3.34897 -0.306711 0.76449 3.35022 
-0.142916 -0.757663 3.0792 -0.225896 -0.56026 3.10724 -0.166962 -0.554616 2.95421 -0.14126 -0.283009 2.86891 -0.0635414 -0.248839 3.04867 -0.295686 -0.569679 3.27556 -0.304611 -0.290994 3.35482 -0.0923013 -0.254516 3.22059 -0.204094 -0.0325077 3.12725 -0.159213 -0.0275357 3.01135 -0.141544 0.366585 2.96949 -0.300899 0.759588 2.93325 -0.231084 -0.0308058 3.24894 -0.163925 0.363749 3.32839 -0.311657 0.760344 3.34918 
-0.143643 -0.762386 3.08816 -0.232457 -0.570426 3.1041 -0.174084 -0.571065 2.95463 -0.142213 -0.306117 2.86895 -0.0536687 -0.266222 3.0403 -0.296335 -0.582835 3.27549 -0.316714 -0.31409 3.37315 -0.104022 -0.271845 3.23617 -0.20876 -0.0471914 3.12423 -0.161932 -0.0418732 3.01184 -0.150542 0.363971 2.97493 -0.306831 0.761036 2.94677 -0.236052 -0.0497642 3.24687 -0.191408 0.356875 3.3202 -0.310741 0.762144 3.34902 
-0.148388 -0.784622 3.115 -0.242106 -0.594978 3.10526 -0.177761 -0.595627 2.95612 -0.107084 -0.341658 2.84009 -0.0140978 -0.316074 3.03783 -0.301891 -0.601501 3.27184 -0.281656 -0.338279 3.41174 -0.0620211 -0.329133 3.26615 -0.215472 -0.0725817 3.12923 -0.169196 -0.0629335 3.00891 -0.209703 0.348579 2.99092 -0.301507 0.758661 2.94375 -0.256081 -0.0740481 3.25083 -0.230553 0.348205 3.31271 -0.315257 0.753166 3.34543 
-0.14831 -0.784618 3.11502 -0.252681 -0.60185 3.10571 -0.188095 -0.602802 2.95671 -0.0976974 -0.378977 2.83701 0.0753265 -0.339821 3.01731 -0.312165 -0.610473 3.27828 -0.256673 -0.373939 3.42372 -0.0543669 -0.332688 3.2843 -0.217647 -0.0707726 3.12398 -0.176505 -0.0598754 3.00884 -0.244106 0.35314 2.99319 -0.311802 0.760723 2.94351 -0.270657 -0.0761426 3.24635 -0.27455 0.355639 3.29495 -0.324553 0.754037 3.34512 
-0.148533 -0.780199 3.11495 -0.252714 -0.602373 3.10559 -0.18714 -0.598474 2.95689 -0.0660425 -0.41126 2.81414 0.13013 -0.327476 2.901 -0.314297 -0.609918 3.26594 -0.267544 -0.411042 3.44818 -0.0528123 -0.337455 3.56019 -0.230079 -0.0579118 3.13387 -0.188548 -0.0515492 3.0143 -0.252884 0.361738 2.99328 -0.314799 0.762745 2.9404 -0.286033 -0.063126 3.24612 -0.29633 0.368133 3.26897 -0.332905 0.755359 3.35088 
-0.153247 -0.775508 3.11397 -0.252832 -0.604074 3.10589 -0.19007 -0.596437 2.96099 -0.0555209 -0.426436 2.80914 0.197356 -0.34793 2.88008 -0.314337 -0.610516 3.27364 -0.297104 -0.418574 3.48095 -0.0968462 -0.325256 3.6524 -0.238717 -0.0646934 3.1389 -0.204578 -0.0560003 3.01509 -0.277414 0.350463 2.99446 -0.31976 0.764263 2.94053 -0.282971 -0.0683145 3.24558 -0.29742 0.361726 3.27069 -0.333904 0.755996 3.35072 
-0.143971 -0.776067 3.10649 -0.238299 -0.608377 3.11062 -0.187102 -0.600669 2.96091 -0.0755945 -0.44238 2.79775 0.121141 -0.366481 2.78257 -0.290308 -0.610871 3.29114 -0.375896 -0.414985 3.51666 -0.32153 -0.233427 3.74862 -0.235469 -0.0668661 3.1437 -0.215474 -0.0618316 3.01561 -0.269143 0.351052 2.99405 -0.314907 0.76312 2.94044 -0.267698 -0.0721147 3.25055 -0.290467 0.360625 3.27052 -0.329291 0.754349 3.35068 
-0.130769 -0.775874 3.10899 -0.235016 -0.611517 3.12614 -0.178149 -0.604679 2.96488 -0.136027 -0.471106 2.75259 0.0260814 -0.374538 2.50314 -0.292603 -0.613733 3.29166 -0.42025 -0.456491 3.52785 -0.472007 -0.392842 3.77741 -0.235469 -0.069149 3.14372 -0.215689 -0.0641795 3.01551 -0.269187 0.346085 2.99424 -0.315071 0.761557 2.94398 -0.270731 -0.0719353 3.2545 -0.290494 0.356157 3.27819 -0.329307 0.754335 3.35067 
-0.0904284 -0.770435 3.13408 -0.215355 -0.619326 3.12544 -0.165472 -0.611676 2.96881 -0.259801 -0.525096 2.73862 -0.29042 -0.465526 2.46857 -0.26101 -0.622899 3.28199 -0.472006 -0.509211 3.46061 -0.67468 -0.462317 3.6572 -0.221135 -0.0637286 3.1468 -0.204877 -0.0579663 3.02715 -0.272908 0.350477 2.99871 -0.319742 0.760617 2.94436 -0.243687 -0.0710249 3.25411 -0.291063 0.359867 3.28269 -0.333716 0.753819 3.34587 
-0.081116 -0.775611 3.12733 -0.207003 -0.623405 3.12909 -0.165351 -0.614595 2.9728 -0.260528 -0.531583 2.74359 -0.364613 -0.489204 2.5156 -0.243762 -0.631016 3.28158 -0.479294 -0.519949 3.43931 -0.687122 -0.476007 3.6226 -0.220919 -0.0708035 3.1464 -0.20313 -0.0572736 3.0265 -0.26482 0.348452 3.0023 -0.314896 0.763138 2.94411 -0.234497 -0.0750524 3.25331 -0.29109 0.356015 3.2773 -0.337334 0.754738 3.34597 
-0.0727888 -0.766003 3.13736 -0.2101 -0.632668 3.13341 -0.155492 -0.624411 2.98136 -0.300298 -0.5453 2.75142 -0.458279 -0.501677 2.51889 -0.248638 -0.635778 3.27285 -0.498784 -0.545246 3.41197 -0.731422 -0.517572 3.58745 -0.220621 -0.0748573 3.14612 -0.196893 -0.0650121 3.0264 -0.264791 0.348202 2.99852 -0.314899 0.76152 2.94405 -0.2394 -0.0774407 3.25418 -0.28719 0.35528 3.28242 -0.329022 0.755008 3.3455 
-0.0726228 -0.761105 3.13733 -0.213553 -0.632291 3.12969 -0.156043 -0.624068 2.9774 -0.293982 -0.548748 2.75131 -0.456484 -0.502683 2.5103 -0.270338 -0.636063 3.27379 -0.500865 -0.545512 3.42166 -0.721006 -0.528302 3.58782 -0.220601 -0.0728748 3.14593 -0.193184 -0.0641505 3.02647 -0.259677 0.349467 3.00215 -0.311943 0.76226 2.9435 -0.243657 -0.0781863 3.25415 -0.283352 0.349189 3.28226 -0.329042 0.755012 3.34542 
-0.0805964 -0.752125 3.1268 -0.217602 -0.629906 3.12565 -0.165882 -0.619662 2.97293 -0.280756 -0.534579 2.74947 -0.405505 -0.493557 2.50215 -0.281351 -0.623957 3.28202 -0.502155 -0.537616 3.45087 -0.713456 -0.50888 3.62663 -0.223708 -0.0684204 3.14614 -0.187028 -0.062715 3.02256 -0.259466 0.35172 3.00207 -0.315057 0.763155 2.9436 -0.250712 -0.074703 3.2545 -0.286904 0.352039 3.28254 -0.329085 0.75641 3.35058 
-0.0809034 -0.747235 3.12663 -0.217936 -0.626641 3.11771 -0.166857 -0.616151 2.96922 -0.278931 -0.52841 2.74008 -0.379144 -0.480841 2.48238 -0.285471 -0.633781 3.27808 -0.481109 -0.536109 3.46505 -0.691793 -0.496932 3.6547 -0.223535 -0.0698531 3.14634 -0.186019 -0.0624134 3.02271 -0.25956 0.351345 3.00211 -0.315077 0.763196 2.94359 -0.257723 -0.0738754 3.25457 -0.286889 0.359528 3.28718 -0.324403 0.75745 3.35042 
-0.0897055 -0.742426 3.1249 -0.222932 -0.624783 3.12229 -0.173609 -0.614988 2.96951 -0.298973 -0.520879 2.7454 -0.348068 -0.456817 2.47363 -0.277501 -0.63095 3.28262 -0.473403 -0.540189 3.47369 -0.653496 -0.492862 3.67088 -0.22361 -0.0682471 3.14639 -0.192119 -0.0614396 3.02301 -0.264589 0.352943 3.0022 -0.315034 0.761203 2.94371 -0.257412 -0.0739084 3.25461 -0.286923 0.359814 3.28688 -0.324468 0.757448 3.3504 
-0.0944651 -0.747299 3.12404 -0.223213 -0.621191 3.13011 -0.178752 -0.61437 2.9697 -0.284432 -0.523027 2.73774 -0.343527 -0.45779 2.46424 -0.275763 -0.62682 3.29123 -0.4668 -0.543124 3.48414 -0.650054 -0.516628 3.69609 -0.22361 -0.0681679 3.14654 -0.192098 -0.058901 3.02295 -0.264366 0.350665 2.99851 -0.311814 0.760826 2.94371 -0.260794 -0.0734284 3.25497 -0.283329 0.35474 3.28306 -0.324688 0.755632 3.35017 
-0.0947374 -0.747302 3.12399 -0.223269 -0.623626 3.13017 -0.173919 -0.616609 2.9696 -0.291723 -0.522892 2.73694 -0.339958 -0.460486 2.46161 -0.280926 -0.627188 3.29132 -0.475475 -0.551514 3.49182 -0.655525 -0.535061 3.70334 -0.223544 -0.0681141 3.14678 -0.186852 -0.060545 3.02294 -0.259529 0.355768 3.00196 -0.314983 0.763202 2.94372 -0.252408 -0.0732441 3.25503 -0.286934 0.353433 3.28265 -0.324424 0.756087 3.34535 
-0.0892396 -0.738387 3.11598 -0.232107 -0.618509 3.13481 -0.179758 -0.607835 2.96938 -0.288407 -0.521595 2.71539 -0.331487 -0.473236 2.45359 -0.287907 -0.624551 3.29618 -0.477252 -0.553047 3.48961 -0.650633 -0.547446 3.70154 -0.223621 -0.0697127 3.14672 -0.188488 -0.0633286 3.02306 -0.253976 0.352454 3.00207 -0.315012 0.763115 2.94369 -0.258657 -0.0725316 3.25513 -0.286768 0.354746 3.28262 -0.324468 0.754071 3.345 
