15 208 4
0 0 0 0 0 0
0.126709 -1.60177 -0.124246 3.89049 0.231406 3.58272
-0.00192581 3.06012 0.0318007 -0.628713 0.14033 7.36518
0.113973 1.61967 0.116063 -3.58253 0.439694 3.68812
0.26394 -0.67153 2.79562 0.0999704 -0.590639 2.73975 0.1816 -0.58775 2.57802 0.153603 -0.297398 2.50634 0.22368 -0.0523216 2.51013 0.026965 -0.593933 2.91418 -0.0103281 -0.298741 2.97005 0.0208372 -0.0622534 3.03733 0.115172 -0.0392004 2.75688 0.171333 -0.0354432 2.64974 0.127906 0.362586 2.66199 0.0951204 0.757565 2.67438 0.0686119 -0.0408281 2.85944 0.0790903 0.364908 2.85128 0.0246553 0.756083 2.8274 
0.264361 -0.675302 2.79574 0.10498 -0.591953 2.7397 0.184259 -0.587827 2.5779 0.159307 -0.301079 2.5106 0.218151 -0.0513331 2.50985 0.0267965 -0.594238 2.91413 -0.0179503 -0.306848 2.96937 0.0155511 -0.0768027 3.03234 0.115588 -0.0364293 2.75258 0.171557 -0.0354605 2.6497 0.127878 0.364901 2.66175 0.0924287 0.756979 2.67446 0.0684907 -0.0423686 2.85949 0.0788656 0.364873 2.85128 0.024842 0.7522 2.82763 
0.264644 -0.6752 2.79583 0.104929 -0.591966 2.73967 0.184325 -0.587814 2.57789 0.159313 -0.301106 2.51056 0.218109 -0.0513613 2.51409 0.0267268 -0.596371 2.91419 -0.0185 -0.309457 2.96941 0.0143193 -0.0786079 3.03208 0.115761 -0.0378945 2.75265 0.171555 -0.0354679 2.64968 0.127908 0.364946 2.66176 0.0924247 0.756978 2.67446 0.0687574 -0.0438345 2.85957 0.0789225 0.364892 2.85128 0.0248434 0.752198 2.82763 
0.269438 -0.675286 2.79737 0.103046 -0.594538 2.74398 0.184745 -0.58829 2.58239 0.158993 -0.300645 2.50645 0.224633 -0.0525014 2.52329 0.0267189 -0.595822 2.9142 -0.0287932 -0.310114 2.96893 0.0174911 -0.0776199 3.02681 0.115939 -0.0379119 2.7526 0.17253 -0.0347014 2.64578 0.133389 0.361084 2.66657 0.092393 0.756993 2.67447 0.069102 -0.0392686 2.85925 0.0839712 0.362934 2.85144 0.0248385 0.752196 2.82761 
0.263855 -0.675644 2.79567 0.102894 -0.590773 2.73971 0.179505 -0.588583 2.58262 0.162314 -0.303259 2.50711 0.229456 -0.0525125 2.52394 0.0266732 -0.596094 2.91014 -0.0241446 -0.313933 2.96895 0.0227852 -0.0763439 3.02647 0.12114 -0.0329496 2.75226 0.172278 -0.0293291 2.64546 0.133524 0.3611 2.66658 0.092526 0.756995 2.67449 0.0691621 -0.0347951 2.85928 0.0789139 0.360732 2.85172 0.0248267 0.750953 2.82766 
0.264487 -0.670659 2.81223 0.106029 -0.594653 2.7441 0.179668 -0.589051 2.58696 0.166922 -0.299662 2.51146 0.242151 -0.0532111 2.52884 0.0268696 -0.597822 2.91433 -0.0226443 -0.304202 2.96914 0.0290306 -0.0748381 3.02291 0.121437 -0.0322673 2.75217 0.172749 -0.0315621 2.64555 0.136234 0.356682 2.66684 0.0979576 0.75796 2.6743 0.0686602 -0.0348086 2.85911 0.0843845 0.359828 2.85163 0.0247968 0.752193 2.82767 
0.264604 -0.674398 2.8125 0.111443 -0.592371 2.74404 0.185728 -0.588652 2.58688 0.173 -0.293969 2.5155 0.248389 -0.0526518 2.53331 0.0268409 -0.595961 2.91436 -0.0260071 -0.303543 2.96991 0.0462617 -0.0626677 3.0228 0.126945 -0.034545 2.75215 0.172861 -0.0296233 2.64543 0.147244 0.35963 2.66653 0.0983556 0.75788 2.67405 0.0684984 -0.0343351 2.85907 0.0839212 0.365465 2.85118 0.0249049 0.752162 2.8279 
0.273148 -0.681493 2.82583 0.108374 -0.590872 2.74397 0.185724 -0.588606 2.58685 0.17236 -0.296387 2.51581 0.249148 -0.0527635 2.53353 0.0315328 -0.59456 2.91414 -0.0263747 -0.304083 2.97408 0.0480216 -0.0636871 3.02317 0.121047 -0.0352563 2.7608 0.175335 -0.0300631 2.64952 0.139291 0.363339 2.66648 0.0982367 0.75731 2.6697 0.0682921 -0.0329275 2.85918 0.0839344 0.365539 2.85131 0.024901 0.752216 2.82784 
0.274227 -0.688033 2.83123 0.111062 -0.594261 2.74819 0.185552 -0.590467 2.59111 0.171408 -0.302641 2.51215 0.24832 -0.0549442 2.53365 0.0263328 -0.596674 2.91861 -0.019767 -0.297023 2.97707 0.0629106 -0.0721214 3.02741 0.129599 -0.0358439 2.76089 0.175447 -0.0326854 2.64973 0.147592 0.361198 2.66658 0.0982725 0.755336 2.67407 0.071168 -0.0399582 2.86385 0.0841007 0.362892 2.85147 0.0249263 0.747098 2.82797 
0.269488 -0.679522 2.8142 0.105929 -0.595644 2.74837 0.185074 -0.590692 2.59108 0.167479 -0.300882 2.5117 0.244128 -0.0547716 2.53316 0.026568 -0.596341 2.91875 -0.0192244 -0.2951 2.97718 0.073283 -0.0627868 3.03169 0.129475 -0.0330697 2.76511 0.17535 -0.0297185 2.64964 0.147681 0.361229 2.66664 0.0980648 0.755405 2.67421 0.0713209 -0.0369711 2.86383 0.0840904 0.365528 2.8514 0.0248806 0.747096 2.82794 
0.273523 -0.686724 2.83742 0.105957 -0.597649 2.75262 0.185182 -0.591224 2.59555 0.167482 -0.30712 2.51604 0.239545 -0.0540589 2.53321 0.0263947 -0.598627 2.92286 -0.0158101 -0.300146 2.97745 0.0689509 -0.0623937 3.04387 0.132659 -0.0333151 2.76507 0.178246 -0.0299876 2.64962 0.147062 0.360315 2.66661 0.100861 0.753175 2.67432 0.0715153 -0.0353159 2.86367 0.0864709 0.36697 2.85112 0.0248023 0.748658 2.82802 
0.274121 -0.6802 2.8381 0.111037 -0.597437 2.75257 0.185418 -0.591135 2.59554 0.168831 -0.302808 2.51608 0.245886 -0.0548058 2.53363 0.0313435 -0.596658 2.92276 -0.0160467 -0.296899 2.97732 0.0677055 -0.0632817 3.04775 0.133065 -0.030358 2.76491 0.178274 -0.0271204 2.64953 0.147069 0.362508 2.66649 0.100957 0.753123 2.6743 0.074392 -0.0372071 2.86377 0.0869237 0.367897 2.85143 0.0248431 0.749025 2.83216 
0.272651 -0.681364 2.83911 0.111013 -0.595906 2.75257 0.185657 -0.589106 2.59553 0.167733 -0.304539 2.51607 0.244372 -0.0541923 2.53751 0.0263659 -0.595449 2.92685 -0.0159282 -0.293068 2.97303 0.0717515 -0.0648107 3.04799 0.138992 -0.0297796 2.76919 0.184025 -0.0265298 2.64942 0.146857 0.360033 2.67532 0.101008 0.753138 2.67437 0.079731 -0.0338629 2.86761 0.0866825 0.363379 2.85564 0.0248284 0.750907 2.82803 
0.26739 -0.670416 2.82178 0.110962 -0.593882 2.75265 0.185437 -0.588955 2.59963 0.168214 -0.303712 2.52044 0.24459 -0.0541165 2.53343 0.0313835 -0.59316 2.92676 -0.00703699 -0.289276 2.97734 0.0695879 -0.0586133 3.04861 0.142222 -0.0322892 2.77375 0.186664 -0.0299589 2.65385 0.146826 0.359958 2.67971 0.100874 0.756729 2.67406 0.0796322 -0.0368843 2.86805 0.0863334 0.363507 2.85513 0.0247618 0.748703 2.82804 
0.267026 -0.670343 2.82956 0.111097 -0.591332 2.75259 0.18562 -0.588905 2.59968 0.169949 -0.302864 2.52069 0.246436 -0.0566513 2.53375 0.03151 -0.595235 2.927 -0.0122785 -0.287969 2.97743 0.0696038 -0.0585445 3.05301 0.142311 -0.0322615 2.77397 0.186562 -0.0270782 2.65383 0.14699 0.360131 2.67985 0.0980408 0.759008 2.674 0.0793304 -0.0369198 2.86807 0.0862417 0.363537 2.85499 0.0248234 0.748631 2.82805 
0.28192 -0.682511 2.86197 0.113881 -0.591155 2.76102 0.185505 -0.587476 2.59978 0.169351 -0.303616 2.52081 0.245155 -0.0534154 2.53773 0.0348933 -0.593627 2.93963 -0.00794803 -0.289072 2.98217 0.0657672 -0.0612306 3.05798 0.142126 -0.0333594 2.78259 0.186006 -0.030236 2.6541 0.147028 0.361328 2.68423 0.0981839 0.757736 2.67409 0.0786238 -0.0372763 2.87273 0.0864333 0.365292 2.85934 0.0247819 0.748653 2.82823 
0.283508 -0.689859 2.87384 0.113962 -0.593721 2.76119 0.185489 -0.587558 2.59983 0.168307 -0.309499 2.52102 0.244364 -0.0535393 2.53771 0.0401914 -0.594484 2.93951 -0.00152642 -0.28854 2.98216 0.0596195 -0.0581818 3.05807 0.139109 -0.035875 2.78278 0.182974 -0.0308925 2.65418 0.155664 0.361809 2.67992 0.0981994 0.757765 2.6741 0.0784762 -0.0381014 2.87271 0.0862852 0.363482 2.8636 0.0246437 0.748757 2.82814 
0.283558 -0.689649 2.85947 0.113817 -0.594102 2.76955 0.185448 -0.587586 2.59996 0.16768 -0.314528 2.52123 0.243738 -0.0530015 2.53771 0.0403194 -0.598566 2.94415 -0.00324007 -0.296778 2.98726 0.0503816 -0.0572687 3.06249 0.139279 -0.0358106 2.78277 0.183093 -0.032809 2.65427 0.149958 0.359302 2.68434 0.100872 0.756929 2.67409 0.0784604 -0.0409636 2.87681 0.0865434 0.365944 2.85926 0.0247229 0.748746 2.82818 
0.277902 -0.675798 2.84121 0.116914 -0.5941 2.76966 0.18837 -0.587998 2.60409 0.170301 -0.311294 2.53401 0.24925 -0.0567528 2.54197 0.0494433 -0.59454 2.94819 -0.00353325 -0.294203 2.9914 0.0502435 -0.0610278 3.06274 0.139689 -0.0357238 2.78324 0.182753 -0.0309312 2.65865 0.146889 0.36185 2.68427 0.100861 0.754479 2.67415 0.0782248 -0.0412202 2.88603 0.0861505 0.367591 2.86854 0.0247776 0.749175 2.83234 
0.281764 -0.686416 2.86913 0.116917 -0.594192 2.76986 0.193671 -0.587797 2.60427 0.172086 -0.311286 2.53852 0.252746 -0.0535655 2.54221 0.0438163 -0.594929 2.94824 -0.0010981 -0.297111 2.99154 0.050133 -0.0613801 3.06695 0.139587 -0.0358 2.78333 0.182806 -0.0330728 2.66308 0.147005 0.361846 2.6843 0.100819 0.753039 2.6742 0.077799 -0.041414 2.89024 0.0861506 0.365021 2.86864 0.0247041 0.749192 2.83249 
0.293427 -0.701461 2.89593 0.121618 -0.591452 2.77378 0.193498 -0.586352 2.60421 0.174948 -0.310461 2.53853 0.254188 -0.0496398 2.54234 0.0405066 -0.59469 2.94835 0.0046831 -0.303452 2.98758 0.0496509 -0.066279 3.06714 0.142239 -0.0362318 2.78339 0.182803 -0.0331095 2.66307 0.146871 0.359558 2.68444 0.0955281 0.754584 2.67419 0.077652 -0.0414848 2.89465 0.0858284 0.365053 2.86846 0.0244852 0.75109 2.83658 
0.284143 -0.684803 2.85957 0.121415 -0.592873 2.78222 0.193389 -0.589751 2.60858 0.173786 -0.31222 2.53813 0.253965 -0.0512073 2.54641 0.040137 -0.595915 2.94842 -0.0149583 -0.305424 2.99073 0.0374258 -0.0740517 3.06539 0.14586 -0.0329998 2.78333 0.186023 -0.029871 2.6717 0.141009 0.359026 2.68454 0.0929128 0.755506 2.67445 0.0811485 -0.0345505 2.89446 0.0861574 0.36546 2.86854 0.024773 0.750947 2.83672 
0.287342 -0.681376 2.88388 0.124463 -0.593451 2.78649 0.196601 -0.588304 2.60854 0.170667 -0.306753 2.53343 0.258928 -0.0516658 2.54659 0.0422497 -0.59216 2.95256 -0.0243118 -0.30319 2.99071 0.0378085 -0.0721889 3.06491 0.143028 -0.0294801 2.78329 0.180324 -0.0260714 2.67173 0.140376 0.358563 2.68439 0.0918862 0.753091 2.67466 0.0839277 -0.035942 2.89887 0.0888196 0.368795 2.88986 0.024627 0.751449 2.8365 
0.291571 -0.67986 2.89031 0.126982 -0.592106 2.7953 0.199421 -0.585254 2.6128 0.188806 -0.303998 2.53414 0.267972 -0.0547347 2.56936 0.0458968 -0.585738 2.95618 -0.0353498 -0.302193 2.99869 0.0250882 -0.0731134 3.06039 0.145694 -0.0244798 2.78734 0.183426 -0.025036 2.67613 0.172161 0.359955 2.68409 0.0916106 0.758833 2.66994 0.087168 -0.028879 2.90269 0.11894 0.368299 2.90889 0.0301276 0.752609 2.8317 
0.287359 -0.673244 2.90499 0.124809 -0.588554 2.80356 0.20255 -0.583322 2.62555 0.185891 -0.29537 2.539 0.274873 -0.0535352 2.57948 0.0465174 -0.582739 2.96043 -0.0351886 -0.300254 2.99038 0.0220761 -0.0605782 3.06008 0.151591 -0.023512 2.78718 0.195435 -0.0204242 2.67583 0.18685 0.363847 2.68387 0.0947535 0.755474 2.67013 0.0841925 -0.0252542 2.90253 0.140651 0.371545 2.91295 0.038472 0.752186 2.83584 
0.293177 -0.66017 2.91189 0.132903 -0.552841 2.80646 0.214166 -0.554514 2.64178 0.194598 -0.271324 2.55679 0.289041 -0.0383592 2.58954 0.0541243 -0.558874 2.96809 -0.0432434 -0.278059 3.003 0.0185577 -0.0461339 3.04258 0.146086 -0.012547 2.79103 0.192982 -0.0110645 2.68904 0.236562 0.367282 2.6796 0.0992251 0.752332 2.67464 0.0747681 -0.0134476 2.91522 0.185424 0.374877 2.94433 0.0641768 0.749848 2.82679 
0.294002 -0.652181 2.91496 0.138059 -0.535342 2.80996 0.224879 -0.527755 2.64451 0.194887 -0.247565 2.56017 0.291914 -0.026444 2.60162 0.0513363 -0.534373 2.97635 -0.0436185 -0.267488 3.00618 0.02211 -0.0186605 3.05072 0.134795 -0.00490193 2.79533 0.189821 -0.00647875 2.70206 0.262628 0.374593 2.67481 0.0991633 0.75439 2.67014 0.0698496 -0.00624056 2.91513 0.213865 0.373872 2.95362 0.0680315 0.728792 2.82281 
0.297727 -0.607792 2.94097 0.143228 -0.511856 2.81329 0.238323 -0.498273 2.66416 0.214451 -0.20222 2.57934 0.29781 0.0208003 2.61668 0.0552474 -0.517056 2.98741 -0.0522432 -0.23762 3.02484 -0.00442442 0.00219833 3.05916 0.128331 0.0167385 2.82939 0.180832 0.0205676 2.71815 0.285252 0.388054 2.69768 0.0884488 0.73986 2.67085 0.0621265 0.0180928 2.93232 0.250528 0.368706 3.02152 0.0690159 0.659181 2.81253 
0.293422 -0.601328 2.96339 0.13953 -0.497585 2.82931 0.235814 -0.477798 2.67217 0.226154 -0.184237 2.60483 0.306952 0.0368428 2.62506 0.0350054 -0.503028 3.00427 -0.0562726 -0.220701 3.03707 -0.00554117 0.0217181 3.06755 0.119869 0.0277544 2.84717 0.180064 0.0284295 2.72683 0.294118 0.394708 2.70206 0.108756 0.761717 2.67396 0.0601862 0.024796 2.95068 0.257408 0.359364 3.06178 0.0452181 0.576058 2.82523 
0.272385 -0.622892 2.97804 0.126136 -0.5074 2.87851 0.228882 -0.499906 2.72539 0.257272 -0.209785 2.62432 0.312404 0.0226399 2.62696 0.0207539 -0.506925 3.03046 -0.0771454 -0.239661 3.05953 -0.0569364 -0.0142918 3.13471 0.10134 4.26273e-05 2.87498 0.168287 0.00295794 2.77684 0.282733 0.375602 2.72436 0.0281631 0.655477 2.6795 0.0431721 0.00111116 2.99026 0.273752 0.280817 3.16814 0.0355158 0.473764 2.91042 
0.27082 -0.69296 3.09394 0.109958 -0.582243 2.95847 0.201271 -0.582786 2.81101 0.215591 -0.341791 2.66933 0.275336 -0.0986343 2.65535 0.0177794 -0.575966 3.11514 -0.114145 -0.318283 3.1728 -0.104056 -0.0787412 3.25763 0.0910508 -0.0853591 2.95777 0.157087 -0.0792459 2.84619 0.193729 0.330129 2.77495 0.11583 0.733159 2.68024 0.0159083 -0.092709 3.06023 0.250392 0.156521 3.28083 -0.065994 0.310035 3.05738 
0.264121 -0.736608 3.13889 0.10619 -0.614781 2.99076 0.192442 -0.616454 2.83869 0.189845 -0.370362 2.69355 0.265319 -0.130414 2.6773 0.0128484 -0.609115 3.13516 -0.122791 -0.347445 3.21902 -0.122593 -0.126476 3.32058 0.0761454 -0.120765 2.97313 0.143097 -0.107019 2.87016 0.182518 0.290703 2.8088 0.129555 0.700584 2.6866 0.00187256 -0.136463 3.09348 0.173864 0.136267 3.33557 -0.0645972 0.33649 3.11071 
0.254837 -0.790988 3.219 0.0892815 -0.676227 3.08243 0.169987 -0.684936 2.92336 0.138578 -0.462352 2.74541 0.194676 -0.218064 2.70786 0.0144151 -0.677776 3.2303 -0.142715 -0.42353 3.33173 -0.133504 -0.194977 3.43525 0.0279735 -0.174375 3.05791 0.0914834 -0.165285 2.94821 0.238263 0.212027 2.88787 0.0843647 0.588106 2.76453 -0.0283615 -0.180307 3.17139 0.146562 0.152201 3.37923 -0.0654858 0.478469 3.27787 
0.244056 -0.799337 3.259 0.0794855 -0.684237 3.11006 0.154349 -0.687028 2.95381 0.11496 -0.454817 2.78027 0.183249 -0.214747 2.73358 0.00382475 -0.68263 3.27313 -0.151251 -0.431754 3.3708 -0.138602 -0.200423 3.49103 0.0319572 -0.173669 3.09458 0.0990025 -0.16528 2.99161 0.263746 0.188797 2.93924 0.0281066 0.499314 2.81888 -0.0329802 -0.172459 3.20437 0.111232 0.168676 3.38507 -0.063327 0.552808 3.34809 
0.202183 -0.754397 3.27561 0.0528661 -0.664046 3.17392 0.11702 -0.665004 3.02209 0.0600208 -0.43761 2.84024 0.113746 -0.166264 2.77936 -0.0162553 -0.656157 3.33801 -0.174881 -0.411999 3.42607 -0.135606 -0.193196 3.55229 0.02175 -0.131076 3.15369 0.0852618 -0.133265 3.05545 0.327956 0.15971 3.00431 -0.0527053 0.336316 2.94524 -0.0489601 -0.127712 3.27693 0.0139522 0.280012 3.3709 -0.0636877 0.66461 3.42009 
0.188954 -0.681531 3.32406 0.0327746 -0.607539 3.25445 0.0992818 -0.605334 3.08915 0.0428869 -0.347492 2.92854 0.0782929 -0.0956738 2.83422 -0.0382502 -0.605299 3.40311 -0.176438 -0.348004 3.47999 -0.132575 -0.131737 3.60096 0.00282864 -0.0889639 3.23263 0.0709711 -0.0894831 3.11297 0.3367 0.16672 3.07481 -0.0540452 0.297301 3.10152 -0.0598441 -0.0781022 3.33157 0.00150554 0.3209 3.4151 -0.102288 0.723924 3.4259 
0.171648 -0.638095 3.34588 0.0118986 -0.539637 3.29581 0.0690015 -0.538936 3.1388 0.00202261 -0.294827 3.00973 -0.00814942 -0.0380492 2.91677 -0.0484453 -0.53897 3.45647 -0.136863 -0.26095 3.54055 -0.121309 -0.0278929 3.63106 -0.011806 -0.0302939 3.2825 0.0611673 -0.0328537 3.16011 0.311496 0.229687 3.17209 -0.0715056 0.394689 3.23565 -0.0859831 -0.0250938 3.38975 0.0077834 0.379216 3.47098 -0.12822 0.760231 3.4226 
0.162543 -0.627132 3.38625 0.00559852 -0.535242 3.32618 0.0602077 -0.542749 3.16589 -0.000571711 -0.291757 3.0496 -0.0412992 -0.0255899 2.98861 -0.0531867 -0.534188 3.48634 -0.130864 -0.265567 3.5542 -0.121746 -0.0232608 3.63105 -0.0188946 -0.0211121 3.3112 0.0532144 -0.0206977 3.18961 0.275453 0.269722 3.24218 -0.0665942 0.512034 3.26859 -0.090528 -0.0161564 3.41545 0.0113073 0.376522 3.48011 -0.123393 0.74763 3.42394 
0.148998 -0.630847 3.39322 -0.00744079 -0.54282 3.33938 0.0550595 -0.54729 3.17947 -0.0156059 -0.297423 3.08897 -0.0424601 -0.0231319 3.06266 -0.0655267 -0.538126 3.50391 -0.134633 -0.261926 3.5674 -0.0449298 -0.0754413 3.63362 -0.0335466 -0.0169481 3.32692 0.0202833 -0.018402 3.21714 0.192231 0.316583 3.27712 -0.0525846 0.652307 3.28269 -0.0951709 -0.0175502 3.43094 0.00150014 0.375787 3.48416 -0.120091 0.751097 3.42351 
0.14017 -0.661035 3.4175 -0.0162106 -0.553243 3.36519 0.0465391 -0.553296 3.19217 -0.0170437 -0.272322 3.11905 -0.00250055 -0.0273547 3.13251 -0.08828 -0.551339 3.52701 -0.192672 -0.277397 3.57224 -0.121264 -0.0486509 3.63139 -0.0558134 -0.0219778 3.35936 -0.00792688 -0.0183097 3.25653 0.0745779 0.370607 3.31804 -0.0973478 0.74605 3.27661 -0.10532 -0.0241363 3.47449 0.00247051 0.376739 3.49297 -0.120579 0.746952 3.42327 
0.126046 -0.659962 3.4243 -0.0202281 -0.546365 3.36961 0.0595238 -0.53875 3.20002 0.000482182 -0.262586 3.14075 0.0112885 -0.0135758 3.14107 -0.0971679 -0.549521 3.53555 -0.209537 -0.280568 3.57228 -0.124422 -0.0603782 3.63192 -0.0672581 -0.0158908 3.38263 -0.0168324 -0.00623777 3.27399 0.0613068 0.373467 3.33143 -0.106234 0.75487 3.27646 -0.105323 -0.0191419 3.48801 0.0327311 0.368831 3.5028 -0.115432 0.745926 3.42322 
0.105404 -0.640268 3.44768 -0.04251 -0.51335 3.40027 0.0586971 -0.503311 3.24651 0.0109013 -0.217406 3.17786 0.0445251 0.0180641 3.19531 -0.126933 -0.53049 3.56073 -0.214735 -0.256936 3.59573 -0.156482 -0.0404733 3.64484 -0.0826232 0.0121673 3.41599 -0.0229742 0.0177986 3.3149 0.0734826 0.378792 3.33982 -0.120672 0.754396 3.28125 -0.144347 0.00744152 3.52934 0.0517455 0.369639 3.55992 -0.120501 0.714621 3.43695 
0.103259 -0.642693 3.47907 -0.0379356 -0.504131 3.40859 0.0647712 -0.489491 3.25532 0.0461289 -0.194304 3.20375 0.0578434 0.0438645 3.20978 -0.127394 -0.524745 3.56856 -0.223297 -0.256869 3.61749 -0.172728 -0.0367763 3.68134 -0.0879967 0.0119769 3.45301 -0.0295889 0.0201661 3.3279 0.085361 0.373496 3.33992 -0.112779 0.743585 3.28124 -0.154249 0.00264636 3.55024 0.0635129 0.346142 3.60078 -0.129375 0.63909 3.44807 
0.0731472 -0.632822 3.48685 -0.0560405 -0.500229 3.44651 0.0425311 -0.483595 3.29824 0.0682979 -0.190662 3.23048 0.111598 0.054616 3.22957 -0.145915 -0.520017 3.59572 -0.271142 -0.25396 3.6578 -0.174655 -0.0413786 3.74347 -0.115772 -0.00441989 3.47439 -0.0601526 0.00525587 3.35986 0.0865682 0.373565 3.34057 -0.0911906 0.768847 3.28082 -0.1731 -0.0123445 3.58186 0.0702534 0.291258 3.70301 -0.20371 0.475976 3.49527 
0.0453236 -0.660901 3.52784 -0.0699589 -0.54111 3.49949 0.0196139 -0.517713 3.35585 0.037785 -0.245293 3.27074 0.147292 -0.011208 3.27692 -0.184178 -0.552316 3.64332 -0.301755 -0.309383 3.72984 -0.246124 -0.107948 3.83666 -0.137254 -0.0395163 3.50089 -0.0827075 -0.0283514 3.40263 0.0346546 0.352794 3.35959 -0.0973935 0.756471 3.2887 -0.20171 -0.0498687 3.61351 0.0462379 0.177101 3.83423 -0.272221 0.308788 3.60731 
0.0147916 -0.700777 3.56919 -0.0838864 -0.573298 3.53503 0.00978899 -0.567087 3.38733 0.0168253 -0.301262 3.2725 0.132842 -0.0824077 3.28634 -0.195371 -0.583317 3.68001 -0.313562 -0.340312 3.78859 -0.28191 -0.140387 3.8961 -0.147213 -0.0819077 3.53524 -0.087499 -0.0640373 3.42662 0.00450076 0.331594 3.39611 -0.0984458 0.742508 3.30319 -0.214495 -0.090797 3.63983 0.0228701 0.129965 3.88718 -0.30275 0.27447 3.66206 
-0.0106494 -0.766086 3.63717 -0.131478 -0.659424 3.59773 -0.0422293 -0.651393 3.44579 -0.0343049 -0.396913 3.29734 0.0800764 -0.183728 3.3136 -0.217796 -0.662359 3.76373 -0.35789 -0.433247 3.88211 -0.309609 -0.230701 4.0115 -0.178987 -0.161173 3.5752 -0.118328 -0.138553 3.47206 -0.0638937 0.276477 3.42055 -0.0628179 0.671429 3.34541 -0.246266 -0.175333 3.69301 -0.105463 0.0628841 3.96105 -0.327177 0.30721 3.80738 
-0.0214798 -0.792841 3.68875 -0.137733 -0.690766 3.64786 -0.0575378 -0.694769 3.48734 -0.069781 -0.451385 3.33084 0.0221883 -0.219859 3.33939 -0.231803 -0.693563 3.80369 -0.378434 -0.472567 3.94007 -0.332075 -0.272323 4.06682 -0.19187 -0.185032 3.62188 -0.126467 -0.175533 3.52688 -0.0579589 0.221678 3.48772 -0.0763778 0.628489 3.38768 -0.262027 -0.198998 3.73949 -0.137302 0.0718003 3.9931 -0.345986 0.363215 3.88913 
-0.0661015 -0.788993 3.73165 -0.190477 -0.721845 3.71271 -0.122742 -0.710968 3.54684 -0.170369 -0.471095 3.39254 -0.126758 -0.22589 3.35382 -0.24948 -0.727311 3.87205 -0.413509 -0.509271 4.0064 -0.345784 -0.312302 4.11378 -0.263062 -0.205614 3.69677 -0.183585 -0.201675 3.58497 0.0386511 0.132859 3.57701 -0.205237 0.464364 3.48257 -0.325081 -0.20711 3.79921 -0.244515 0.159656 3.98236 -0.403673 0.547883 3.99434 
-0.0772359 -0.763288 3.78464 -0.210048 -0.668279 3.7806 -0.130176 -0.66165 3.61302 -0.207923 -0.441404 3.46394 -0.193129 -0.173632 3.38882 -0.292438 -0.680456 3.94524 -0.442681 -0.46987 4.0512 -0.374867 -0.265441 4.13855 -0.280331 -0.160515 3.77958 -0.20747 -0.158197 3.66361 0.0663848 0.105247 3.6804 -0.239158 0.327094 3.6339 -0.355311 -0.159031 3.88282 -0.314249 0.263405 3.97272 -0.419468 0.678921 4.04699 
-0.0948762 -0.710805 3.79373 -0.240017 -0.622983 3.80779 -0.164836 -0.615944 3.64318 -0.258568 -0.386687 3.48086 -0.274704 -0.114617 3.40273 -0.311616 -0.627278 3.96389 -0.473664 -0.411379 4.06991 -0.412899 -0.204364 4.15859 -0.294607 -0.111746 3.80302 -0.216921 -0.112389 3.70519 0.0646455 0.0969282 3.70007 -0.268975 0.283418 3.70397 -0.379947 -0.102204 3.91951 -0.367495 0.326302 3.99856 -0.479275 0.75437 4.05349 
-0.117956 -0.633996 3.84792 -0.266778 -0.537954 3.86942 -0.211957 -0.528546 3.7084 -0.292718 -0.290687 3.55251 -0.333291 -0.0413633 3.47424 -0.328605 -0.553513 4.0191 -0.483388 -0.303279 4.11203 -0.464622 -0.0776727 4.17697 -0.324199 -0.027289 3.86572 -0.261168 -0.0333257 3.76165 0.0363779 0.138542 3.7653 -0.297401 0.295023 3.78207 -0.394663 -0.0250889 3.96609 -0.371635 0.386023 4.05323 -0.491417 0.772046 4.05312 
-0.136353 -0.61488 3.85766 -0.288422 -0.499861 3.88209 -0.217271 -0.492001 3.7166 -0.304337 -0.256338 3.59392 -0.342749 0.00229549 3.51214 -0.336533 -0.511288 4.03558 -0.474026 -0.248278 4.11581 -0.474 -0.0138044 4.17869 -0.350444 0.000831326 3.88316 -0.280461 -0.0017721 3.77945 0.0247713 0.192552 3.8131 -0.319063 0.375917 3.82365 -0.435582 -0.000806199 3.99524 -0.341816 0.378335 4.08359 -0.486484 0.771068 4.05337 
-0.145841 -0.574793 3.87621 -0.305484 -0.49553 3.89115 -0.234126 -0.483925 3.72544 -0.300379 -0.228967 3.63586 -0.35007 0.0432794 3.61921 -0.35754 -0.507692 4.06109 -0.478029 -0.238151 4.11401 -0.478625 -0.00054078 4.16464 -0.365653 0.0150993 3.91605 -0.295464 0.0191048 3.80203 -0.0350372 0.274195 3.88499 -0.358691 0.520284 3.87995 -0.441093 0.0141344 4.02356 -0.346842 0.386633 4.0929 -0.485767 0.773091 4.05438 
-0.15075 -0.577726 3.88517 -0.305208 -0.502232 3.8973 -0.238778 -0.487882 3.73896 -0.293799 -0.224905 3.64466 -0.288752 0.0296208 3.64096 -0.37153 -0.511069 4.06659 -0.482773 -0.249375 4.1139 -0.494482 0.000565499 4.16259 -0.385157 0.0129651 3.92387 -0.334701 0.0181688 3.82609 -0.138049 0.328918 3.91397 -0.394371 0.618697 3.89001 -0.450255 0.00847946 4.02712 -0.351822 0.381582 4.09192 -0.485218 0.768895 4.05489 
-0.151497 -0.611694 3.89361 -0.312825 -0.517957 3.90721 -0.243136 -0.490244 3.73936 -0.281819 -0.205832 3.69248 -0.235928 0.0188592 3.72032 -0.385025 -0.536867 4.07348 -0.513125 -0.280071 4.1171 -0.469121 -0.0452963 4.17018 -0.383455 0.00411321 3.9512 -0.337935 0.0122452 3.85005 -0.281911 0.388166 3.92213 -0.452883 0.759034 3.8937 -0.448411 -0.00962555 4.04602 -0.35454 0.382933 4.08891 -0.48074 0.760882 4.05432 
-0.150745 -0.625678 3.87555 -0.314442 -0.524371 3.89579 -0.250915 -0.503602 3.73084 -0.273614 -0.20549 3.71087 -0.204179 0.0135001 3.76679 -0.380377 -0.555636 4.06785 -0.512398 -0.294859 4.11935 -0.469963 -0.0534893 4.18141 -0.387655 0.00173931 3.95178 -0.344106 0.0105013 3.84882 -0.311898 0.383078 3.91277 -0.457296 0.773255 3.90252 -0.451667 -0.0137595 4.05482 -0.369594 0.376725 4.07853 -0.489255 0.762778 4.05024 
-0.153882 -0.631563 3.85772 -0.314353 -0.543228 3.89599 -0.252038 -0.514475 3.73388 -0.260288 -0.223632 3.71112 -0.180383 -0.00954444 3.77309 -0.380627 -0.573119 4.06392 -0.514564 -0.30215 4.12299 -0.468005 -0.0591174 4.18884 -0.391139 -0.0101821 3.95628 -0.34419 0.00303763 3.85236 -0.320093 0.379512 3.89395 -0.456856 0.767671 3.89737 -0.452014 -0.0257918 4.06374 -0.378083 0.368711 4.06854 -0.489657 0.761081 4.04933 
-0.157823 -0.635675 3.85784 -0.314549 -0.55769 3.90072 -0.261354 -0.528614 3.73781 -0.260228 -0.236472 3.71558 -0.180079 -0.0339129 3.77356 -0.376457 -0.579622 4.06938 -0.514228 -0.313374 4.12549 -0.467034 -0.0744638 4.19276 -0.390593 -0.0306529 3.95418 -0.344459 -0.0131169 3.84981 -0.349288 0.377283 3.88926 -0.465118 0.766276 3.89974 -0.452423 -0.0412062 4.06399 -0.387576 0.362197 4.07336 -0.485867 0.757839 4.04935 
-0.15416 -0.639992 3.8575 -0.314511 -0.560306 3.89606 -0.265102 -0.531204 3.73851 -0.26079 -0.238454 3.71116 -0.182897 -0.0348211 3.77 -0.376555 -0.582136 4.06919 -0.509605 -0.320049 4.13244 -0.466851 -0.0783723 4.19341 -0.390897 -0.0371164 3.953 -0.348421 -0.0212849 3.84981 -0.358656 0.374124 3.88944 -0.469065 0.761301 3.89977 -0.453263 -0.0450267 4.05679 -0.393013 0.35991 4.07839 -0.485997 0.75373 4.04923 
-0.15823 -0.63992 3.8573 -0.314622 -0.562359 3.89589 -0.264574 -0.533014 3.73038 -0.26028 -0.238548 3.70701 -0.178906 -0.0243994 3.76406 -0.381032 -0.579687 4.0642 -0.503854 -0.318517 4.13169 -0.451892 -0.0802485 4.19389 -0.390861 -0.0390279 3.94896 -0.352388 -0.0213747 3.84553 -0.367052 0.367963 3.88936 -0.469222 0.761344 3.89975 -0.454047 -0.0464822 4.04873 -0.377155 0.356641 4.08353 -0.485853 0.747339 4.03015 
-0.154467 -0.639956 3.85717 -0.314554 -0.562302 3.89588 -0.264513 -0.532911 3.73032 -0.269131 -0.238119 3.70693 -0.215662 -0.0152926 3.75911 -0.380911 -0.579412 4.06069 -0.497189 -0.311275 4.12891 -0.444098 -0.0791465 4.19377 -0.386991 -0.0367671 3.94827 -0.347163 -0.0195358 3.84571 -0.340513 0.365957 3.8892 -0.465171 0.762181 3.89971 -0.454243 -0.0436356 4.04853 -0.367842 0.354532 4.08827 -0.486208 0.741482 4.02472 
-0.158039 -0.631825 3.83982 -0.314601 -0.536592 3.89585 -0.261037 -0.518128 3.72496 -0.286359 -0.228778 3.69849 -0.243547 0.010818 3.71846 -0.384168 -0.562098 4.06333 -0.481897 -0.292695 4.13081 -0.407076 -0.0559723 4.19044 -0.390789 -0.0146307 3.9442 -0.34616 0.00102969 3.83715 -0.239902 0.360631 3.90263 -0.428633 0.734543 3.90716 -0.451377 -0.0271005 4.03934 -0.358863 0.363319 4.08327 -0.490019 0.761572 4.03454 
-0.154155 -0.622518 3.8484 -0.314294 -0.518063 3.89187 -0.260016 -0.500725 3.72685 -0.297211 -0.206018 3.68869 -0.25635 0.0272636 3.70946 -0.380384 -0.54086 4.06834 -0.4753 -0.269942 4.13602 -0.39945 -0.0319019 4.19068 -0.405806 -0.000417353 3.92342 -0.346682 0.008576 3.82371 -0.188952 0.337453 3.90708 -0.408166 0.70831 3.91179 -0.460956 -0.0117503 4.02975 -0.367275 0.383109 4.06987 -0.496559 0.76232 4.02982 
-0.152168 -0.572637 3.80409 -0.314628 -0.491193 3.89119 -0.278094 -0.478263 3.72138 -0.295053 -0.199071 3.64811 -0.280169 0.0472321 3.65341 -0.375276 -0.50011 4.05514 -0.435507 -0.216723 4.15648 -0.353733 0.0118843 4.19659 -0.398273 0.0147034 3.89746 -0.34621 0.0180635 3.78717 -0.083544 0.282445 3.88199 -0.34942 0.554629 3.88066 -0.45262 0.0158481 4.01983 -0.349278 0.382811 4.07926 -0.5 0.770433 4.03908 
-0.151591 -0.582543 3.79502 -0.318532 -0.499578 3.8825 -0.286468 -0.490866 3.71252 -0.325858 -0.208743 3.6358 -0.292893 0.035826 3.63558 -0.367249 -0.504282 4.04994 -0.423404 -0.235009 4.16289 -0.352766 0.00376709 4.20442 -0.38257 0.00473703 3.88123 -0.322716 0.00393521 3.77708 -0.0334115 0.213736 3.86306 -0.312968 0.4457 3.84134 -0.446922 0.00991902 3.99309 -0.358433 0.389633 4.06004 -0.49942 0.772107 4.03642 
-0.140591 -0.646864 3.7403 -0.309173 -0.545265 3.84059 -0.274648 -0.531268 3.67176 -0.334953 -0.25518 3.57513 -0.285921 -0.0107096 3.57362 -0.335426 -0.557254 4.01275 -0.426499 -0.317514 4.13436 -0.353684 -0.0729132 4.19377 -0.352361 -0.0439648 3.84916 -0.296397 -0.0463285 3.7433 0.0102524 0.125392 3.7867 -0.291638 0.359807 3.74534 -0.413203 -0.0389351 3.95858 -0.384628 0.359393 4.0021 -0.495314 0.76551 4.02327 
-0.122608 -0.700685 3.72205 -0.287627 -0.593666 3.81737 -0.263063 -0.576708 3.64413 -0.325512 -0.325659 3.56676 -0.282497 -0.0621213 3.55447 -0.31365 -0.611998 3.98585 -0.432009 -0.373322 4.12123 -0.391334 -0.134402 4.18005 -0.340598 -0.0873342 3.82377 -0.273778 -0.0946429 3.71481 0.0309792 0.0999694 3.74615 -0.261037 0.348949 3.7099 -0.395234 -0.0787657 3.944 -0.401705 0.324781 3.98402 -0.477978 0.728449 4.02778 
-0.0948617 -0.752017 3.67834 -0.268674 -0.653491 3.75694 -0.214387 -0.637018 3.59016 -0.292147 -0.361319 3.48968 -0.274785 -0.103964 3.46202 -0.31005 -0.665979 3.9155 -0.469844 -0.472846 4.04955 -0.415512 -0.25461 4.11489 -0.322352 -0.146572 3.77771 -0.255184 -0.14663 3.65874 0.0281216 0.110369 3.64638 -0.219014 0.439705 3.56838 -0.381063 -0.144328 3.87843 -0.343908 0.263512 3.95794 -0.467705 0.654285 3.98998 
-0.0767039 -0.775822 3.65216 -0.250772 -0.666722 3.72222 -0.196239 -0.658269 3.57156 -0.26599 -0.393734 3.46877 -0.253647 -0.126529 3.42647 -0.30569 -0.688728 3.90036 -0.478159 -0.476193 4.01228 -0.42712 -0.268771 4.07548 -0.296749 -0.159863 3.749 -0.228229 -0.158215 3.63651 -0.00535222 0.164068 3.62517 -0.188064 0.530045 3.51784 -0.369226 -0.158673 3.85526 -0.267167 0.226139 3.95909 -0.465084 0.590016 3.95625 
-0.071135 -0.768868 3.63456 -0.229374 -0.652173 3.68451 -0.16506 -0.64431 3.51646 -0.242684 -0.38773 3.40655 -0.206151 -0.115746 3.36129 -0.301196 -0.661866 3.85025 -0.479547 -0.445453 3.92669 -0.473273 -0.2239 3.99496 -0.269802 -0.142177 3.70519 -0.204919 -0.135682 3.579 -0.0728133 0.248907 3.55449 -0.174309 0.669194 3.46017 -0.32882 -0.143852 3.81274 -0.175478 0.208724 3.96166 -0.442416 0.488146 3.83957 
-0.0693476 -0.740619 3.59956 -0.211577 -0.614184 3.65297 -0.12606 -0.610588 3.4934 -0.136577 -0.333986 3.39124 -0.103075 -0.0691277 3.32208 -0.304557 -0.619975 3.82776 -0.482334 -0.388928 3.88445 -0.492312 -0.157065 3.95389 -0.242868 -0.100069 3.67887 -0.19245 -0.089677 3.56884 -0.118554 0.318244 3.51555 -0.198188 0.735803 3.42345 -0.283742 -0.108594 3.78555 -0.0683469 0.195474 3.95718 -0.386014 0.412382 3.78198 
-0.0521425 -0.670648 3.58229 -0.201449 -0.534995 3.62288 -0.123896 -0.537968 3.46352 -0.113843 -0.259262 3.34291 -0.0484295 -0.0179277 3.27434 -0.274445 -0.532952 3.77396 -0.439622 -0.289878 3.78246 -0.489571 -0.0514911 3.81809 -0.214817 -0.0258175 3.62392 -0.175939 -0.0197692 3.4985 -0.0617314 0.3658 3.48557 -0.201621 0.759965 3.41977 -0.272929 -0.0314898 3.71671 0.0014475 0.210738 3.88632 -0.289454 0.360785 3.66928 
-0.0332366 -0.663117 3.5661 -0.196669 -0.512074 3.5914 -0.0976064 -0.510476 3.44404 -0.0696575 -0.250469 3.32526 0.0113641 -0.0174256 3.26965 -0.273287 -0.509205 3.755 -0.407384 -0.246379 3.75659 -0.445944 -0.0057795 3.78963 -0.208825 -0.0141551 3.57673 -0.153185 -0.00907532 3.487 -0.0494715 0.381338 3.48082 -0.197979 0.763608 3.41929 -0.272546 -0.0152251 3.69624 0.0449354 0.218231 3.85878 -0.227762 0.416218 3.64111 
-0.0206615 -0.677038 3.56703 -0.175303 -0.517136 3.57873 -0.0795679 -0.526339 3.41468 -0.0600661 -0.2667 3.31967 0.0319009 -0.0425936 3.28356 -0.260331 -0.511453 3.73404 -0.373331 -0.252398 3.73179 -0.372521 -0.0116654 3.76596 -0.201576 -0.0175129 3.55387 -0.152807 -0.0146484 3.45436 -0.0449916 0.373093 3.45038 -0.197874 0.763704 3.4146 -0.258566 -0.0200381 3.65299 0.0470608 0.239386 3.76853 -0.189109 0.517596 3.58027 
-0.0200278 -0.716588 3.56703 -0.152899 -0.536497 3.57431 -0.0659195 -0.544264 3.41025 -0.0554017 -0.288014 3.31033 0.0393447 -0.070824 3.29205 -0.247206 -0.522327 3.72852 -0.37643 -0.264344 3.71978 -0.342819 -0.0128373 3.75028 -0.191811 -0.0247636 3.54582 -0.135188 -0.0223803 3.43142 -0.0651006 0.36089 3.43277 -0.20173 0.752856 3.41459 -0.23536 -0.0262764 3.64356 0.0385362 0.256803 3.73659 -0.158164 0.605387 3.57415 
-0.0118118 -0.747275 3.57591 -0.144069 -0.55154 3.57387 -0.0628429 -0.564681 3.40548 -0.0566819 -0.310651 3.29528 0.0427352 -0.0941534 3.31286 -0.238054 -0.541472 3.72095 -0.364444 -0.28278 3.72149 -0.338164 -0.0387791 3.74802 -0.181562 -0.0280751 3.5213 -0.13479 -0.0304438 3.41254 -0.0741512 0.360235 3.41939 -0.205534 0.756035 3.41445 -0.220588 -0.0268126 3.63363 0.0318453 0.287281 3.69017 -0.141767 0.677442 3.56889 
-0.00776748 -0.756867 3.56803 -0.135818 -0.564361 3.57369 -0.0561292 -0.578008 3.40152 -0.0525905 -0.326802 3.29597 0.0460832 -0.106251 3.33558 -0.212384 -0.547505 3.72083 -0.339621 -0.277558 3.72326 -0.265231 -0.0644798 3.77138 -0.167073 -0.0383352 3.51142 -0.11869 -0.0377229 3.39965 -0.0644177 0.359344 3.41913 -0.201953 0.750016 3.41039 -0.221574 -0.0396543 3.62517 -0.0153642 0.31405 3.645 -0.143592 0.708998 3.56703 
-0.00368759 -0.761198 3.56829 -0.131679 -0.562088 3.56979 -0.0554662 -0.580107 3.40177 -0.0569162 -0.327037 3.29145 0.0394292 -0.111295 3.33025 -0.207799 -0.540854 3.72028 -0.316604 -0.265725 3.75138 -0.20682 -0.0563615 3.79267 -0.157234 -0.0351761 3.50154 -0.104718 -0.0351987 3.39454 -0.0596381 0.373677 3.41857 -0.197637 0.753525 3.41424 -0.204972 -0.0336244 3.62105 -0.0318686 0.337159 3.62815 -0.163171 0.725999 3.56936 
0.000187921 -0.752407 3.57657 -0.111018 -0.554999 3.56944 -0.0557201 -0.56953 3.401 -0.051895 -0.308251 3.29093 0.0360276 -0.0963201 3.32933 -0.174355 -0.531004 3.7193 -0.268691 -0.251294 3.76505 -0.151979 -0.0446659 3.7964 -0.133355 -0.0213986 3.50061 -0.0963208 -0.0217814 3.39086 -0.0231123 0.37447 3.41786 -0.189052 0.745227 3.4143 -0.187102 -0.0229526 3.60493 -0.040424 0.367833 3.62405 -0.163625 0.735368 3.56404 
0.00509492 -0.743931 3.5685 -0.10302 -0.539113 3.56048 -0.0506141 -0.557325 3.40115 -0.0442131 -0.28895 3.2857 0.0360415 -0.0792819 3.32317 -0.169991 -0.513853 3.71601 -0.229827 -0.239991 3.7677 -0.12535 -0.0112163 3.80067 -0.129438 -0.0089408 3.48905 -0.0870807 -0.0107776 3.39155 0.0238943 0.376265 3.42141 -0.18452 0.737445 3.4147 -0.178969 -0.00344701 3.60101 -0.0360498 0.378914 3.62047 -0.151328 0.732432 3.56305 
0.014741 -0.687716 3.55172 -0.0842721 -0.493873 3.54279 -0.0374633 -0.517261 3.38263 -0.0493975 -0.248848 3.27534 0.0376859 -0.027682 3.28067 -0.143263 -0.472879 3.70601 -0.134061 -0.183779 3.75666 0.00816207 -0.00818813 3.78537 -0.115848 0.017651 3.47871 -0.0675563 0.0197725 3.35966 0.085223 0.375469 3.42083 -0.157664 0.703107 3.41494 -0.173353 0.0231115 3.57703 -0.00923309 0.384855 3.62792 -0.132682 0.724614 3.56369 
0.0245355 -0.671882 3.52625 -0.084004 -0.483219 3.53435 -0.037451 -0.502895 3.37308 -0.0581 -0.244558 3.26218 0.0246781 -0.00284085 3.25132 -0.139074 -0.458495 3.70184 -0.0780201 -0.172986 3.74639 0.0800266 -0.0250342 3.77105 -0.12013 0.0232833 3.46584 -0.0681392 0.0177832 3.35483 0.133047 0.363378 3.42467 -0.144522 0.648673 3.4143 -0.172475 0.0256142 3.56829 0.00849479 0.38937 3.63129 -0.13636 0.729933 3.5688 
0.0335926 -0.654638 3.51862 -0.0750033 -0.472081 3.5161 -0.0415757 -0.490227 3.35959 -0.0577542 -0.233132 3.23824 0.00843649 0.013998 3.21778 -0.133438 -0.444832 3.693 -0.0531807 -0.167359 3.73309 0.123805 -0.0476293 3.74405 -0.111401 0.0377255 3.45241 -0.0578455 0.0331503 3.34877 0.185485 0.328294 3.41495 -0.120143 0.569113 3.40593 -0.154839 0.0438695 3.56554 0.0207455 0.386241 3.63129 -0.12088 0.727104 3.56821 
0.0446779 -0.670326 3.46786 -0.06987 -0.463706 3.49818 -0.0448617 -0.478703 3.33439 -0.0483977 -0.215828 3.21023 0.011851 0.0169314 3.17506 -0.123807 -0.441766 3.65374 -0.0211101 -0.165877 3.70545 0.170919 -0.064586 3.70398 -0.0827669 0.0379185 3.4294 -0.02567 0.0279966 3.32279 0.246226 0.257336 3.38083 -0.101436 0.449845 3.35062 -0.137284 0.0484205 3.55224 0.0324258 0.377715 3.62708 -0.107809 0.722095 3.56744 
0.0591924 -0.694374 3.44346 -0.0609591 -0.485259 3.46897 -0.0482825 -0.500787 3.30424 -0.0512018 -0.224264 3.16716 0.0243748 -0.0189042 3.12833 -0.0958367 -0.471822 3.63697 -0.0097629 -0.180171 3.69832 0.177253 -0.0173675 3.66397 -0.0700385 0.00318244 3.40875 -0.0219288 -0.00709501 3.30211 0.277294 0.185237 3.34053 -0.0740749 0.333306 3.29115 -0.116755 0.0142717 3.52444 0.00561987 0.392126 3.6005 -0.138624 0.759799 3.55681 
0.0625044 -0.709781 3.41835 -0.0602002 -0.515415 3.43871 -0.040533 -0.532477 3.27461 -0.0560443 -0.258718 3.14162 0.0119358 -0.0400967 3.09795 -0.0764152 -0.504701 3.60728 0.00412013 -0.212883 3.68549 0.204946 -0.0657076 3.63594 -0.0485055 -0.0249535 3.38672 -0.0129632 -0.0330428 3.27132 0.308157 0.139208 3.29163 -0.0397237 0.28472 3.24679 -0.0967209 -0.0120692 3.49278 -0.00660091 0.377053 3.56563 -0.14149 0.737723 3.56356 
0.0744447 -0.806002 3.36091 -0.0502912 -0.596886 3.3841 -0.0302403 -0.614037 3.21536 -0.0501977 -0.332916 3.08408 0.0143744 -0.102864 3.02937 -0.0613304 -0.596498 3.56457 0.000103024 -0.320856 3.64557 0.208588 -0.184215 3.633 -0.0335471 -0.10368 3.33934 0.00227313 -0.108065 3.22445 0.319402 0.0940013 3.19326 0.0129938 0.293803 3.1328 -0.0863062 -0.0967139 3.44574 -0.0463596 0.314204 3.49596 -0.132731 0.706415 3.55932 
0.0802522 -0.849502 3.32007 -0.0252849 -0.662027 3.36318 -0.00830994 -0.661421 3.19534 -0.0180438 -0.391281 3.04529 0.05065 -0.159079 2.99506 -0.0481542 -0.653975 3.52192 -0.00998493 -0.376756 3.63869 0.20837 -0.2388 3.62518 -0.0245636 -0.142677 3.30936 0.0218888 -0.159515 3.19873 0.327625 0.0903035 3.16369 0.0304027 0.336386 3.06906 -0.0813378 -0.128625 3.427 -0.0574003 0.279494 3.48731 -0.0991314 0.680126 3.5544 
0.0804813 -0.889598 3.31178 -0.0212932 -0.685902 3.33027 0.00497821 -0.702278 3.15747 -0.00502048 -0.42065 3.0101 0.0604254 -0.196831 2.95075 -0.0443594 -0.680387 3.50563 -0.0288063 -0.431492 3.59992 0.166327 -0.276388 3.62262 -0.0175509 -0.180839 3.28816 0.0350684 -0.185954 3.17731 0.30692 0.095947 3.11779 0.0680509 0.402337 3.00305 -0.0695891 -0.172005 3.4106 -0.0254834 0.241503 3.47744 -0.111514 0.653432 3.53665 
0.0954975 -0.911833 3.25505 0.00448681 -0.719183 3.26646 0.0254462 -0.718313 3.09385 0.0163668 -0.442264 2.95517 0.0869761 -0.216862 2.8841 -0.0426913 -0.709817 3.43743 -0.0815773 -0.465977 3.54271 0.11429 -0.298914 3.60575 0.00848572 -0.188202 3.22681 0.0565663 -0.191362 3.12064 0.258658 0.153962 3.05393 0.0938824 0.541941 2.91575 -0.041259 -0.185619 3.35363 0.069589 0.21014 3.423 -0.125352 0.5585 3.42994 
0.109497 -0.914073 3.22385 0.0128913 -0.709145 3.235 0.0740612 -0.715855 3.06293 0.0862355 -0.468193 2.92758 0.172797 -0.233313 2.8607 -0.0540254 -0.699427 3.40834 -0.134869 -0.443285 3.50218 0.0459232 -0.270159 3.59871 0.049011 -0.178426 3.20753 0.0883591 -0.174911 3.08032 0.165479 0.231821 3.01673 0.11449 0.63304 2.9034 0.0123236 -0.174333 3.3228 0.199681 0.18276 3.41771 -0.123955 0.475072 3.37948 
0.131217 -0.893453 3.20204 0.0134791 -0.677755 3.20023 0.0839031 -0.696937 3.04094 0.112881 -0.439305 2.88403 0.209817 -0.212503 2.83155 -0.0527615 -0.679395 3.36453 -0.155003 -0.405018 3.46944 -0.000358426 -0.235238 3.58498 0.076892 -0.148267 3.1629 0.10261 -0.148491 3.06569 0.153094 0.274418 2.98837 0.0907805 0.699066 2.89162 0.0187158 -0.146619 3.28211 0.221572 0.189124 3.39337 -0.106272 0.413744 3.31306 
0.148762 -0.776228 3.12766 0.0395414 -0.585981 3.12466 0.122298 -0.591823 2.96375 0.175291 -0.327852 2.83179 0.26804 -0.119921 2.77947 -0.0448967 -0.579883 3.28898 -0.172775 -0.323488 3.36736 -0.087543 -0.124814 3.50566 0.0821183 -0.0654072 3.09382 0.107594 -0.05959 2.99685 0.122144 0.354121 2.9276 0.0644913 0.756091 2.8491 0.0259704 -0.0689691 3.21436 0.32017 0.209381 3.3116 -0.0345673 0.338632 3.16709 
0.160992 -0.74068 3.12082 0.0645845 -0.539668 3.09659 0.147999 -0.541513 2.94461 0.20935 -0.285114 2.82508 0.344512 -0.0837524 2.78261 -0.0365585 -0.532925 3.26207 -0.162306 -0.269245 3.33204 -0.119964 -0.0484359 3.46034 0.0746854 -0.0275339 3.0753 0.121439 -0.0234378 2.96867 0.181706 0.361467 2.90861 0.0785822 0.756821 2.8444 0.0149426 -0.0288217 3.19088 0.355156 0.227276 3.27482 0.0221889 0.361155 3.0994 
0.173656 -0.718717 3.12227 0.0649006 -0.529234 3.08337 0.15645 -0.537518 2.94394 0.228441 -0.278503 2.8286 0.347031 -0.0675785 2.78606 -0.0452578 -0.524227 3.23592 -0.144121 -0.26191 3.27308 -0.113066 -0.0258744 3.37132 0.0810317 -0.0195298 3.04824 0.110386 -0.0187911 2.9334 0.214431 0.363151 2.88666 0.0741568 0.765293 2.83938 0.0254487 -0.0166804 3.14651 0.34651 0.242853 3.20826 0.0831782 0.460972 3.05568 
0.188245 -0.719786 3.12491 0.0724424 -0.542708 3.07843 0.153318 -0.559111 2.92271 0.220298 -0.292793 2.83336 0.332123 -0.0681343 2.79779 -0.0360921 -0.52947 3.23183 -0.131466 -0.268173 3.22758 -0.0915278 -0.0240478 3.26781 0.0854841 -0.028496 3.00914 0.126767 -0.024004 2.91992 0.230946 0.361213 2.88153 0.0821042 0.733864 2.84473 0.0325799 -0.0274158 3.13331 0.338521 0.294529 3.14524 0.0967001 0.585674 3.03721 
0.201058 -0.71971 3.12796 0.0755086 -0.55925 3.07395 0.15718 -0.56993 2.91043 0.203518 -0.297645 2.82801 0.318566 -0.0658825 2.80248 -0.0273115 -0.535288 3.23209 -0.12714 -0.267967 3.20523 -0.065069 -0.0298656 3.2452 0.0940189 -0.0264044 3.00436 0.149454 -0.0289288 2.89783 0.207597 0.350267 2.87837 0.080994 0.74432 2.84476 0.0494828 -0.0238029 3.11999 0.319807 0.314214 3.09913 0.103658 0.652433 3.03476 
0.21068 -0.710678 3.13777 0.0815097 -0.571602 3.0579 0.157749 -0.585328 2.88983 0.190585 -0.307673 2.80831 0.296318 -0.0778301 2.81532 -0.00763539 -0.551733 3.21937 -0.12223 -0.273281 3.19647 -0.0454854 -0.0428229 3.22317 0.105931 -0.0282551 2.99558 0.155637 -0.0293668 2.87129 0.194602 0.348186 2.85989 0.0796636 0.750225 2.83555 0.077348 -0.0240852 3.08836 0.273773 0.340299 3.08384 0.106875 0.718666 3.01896 
0.215448 -0.703878 3.17206 0.0774622 -0.581575 3.05041 0.15284 -0.591505 2.88572 0.177546 -0.312759 2.7992 0.276092 -0.112685 2.85075 0.00213573 -0.558082 3.21867 -0.0988227 -0.269787 3.20064 -0.00812896 -0.0540084 3.22342 0.110786 -0.0293182 2.99085 0.162831 -0.0302121 2.8668 0.184477 0.347331 2.86006 0.0827688 0.746773 2.83992 0.0706453 -0.0246973 3.07944 0.205797 0.345173 3.05295 0.0875698 0.727106 2.99643 
0.228576 -0.71654 3.19165 0.0771888 -0.583461 3.05038 0.147011 -0.592063 2.88564 0.163249 -0.316766 2.7945 0.267532 -0.123234 2.86637 0.00208838 -0.557829 3.21453 -0.0861336 -0.267655 3.20466 0.000739297 -0.0577362 3.25436 0.10188 -0.03392 2.99099 0.159759 -0.0381545 2.86697 0.181001 0.342903 2.85569 0.0794469 0.749271 2.83985 0.067673 -0.0267242 3.07975 0.192162 0.34336 3.0448 0.0879617 0.728071 2.99195 
0.22232 -0.7056 3.17081 0.0802649 -0.587476 3.05031 0.15045 -0.593834 2.88562 0.152396 -0.319623 2.79409 0.254183 -0.122482 2.86431 0.00217082 -0.558343 3.21848 -0.0704749 -0.266163 3.2079 0.023888 -0.0615906 3.26787 0.102013 -0.0311538 2.99059 0.15691 -0.0363762 2.86707 0.156668 0.351227 2.85121 0.0679737 0.749313 2.83995 0.0702794 -0.0280144 3.08003 0.202526 0.343806 3.0446 0.100975 0.726727 2.9916 
0.220779 -0.704287 3.17297 0.0804253 -0.587447 3.04192 0.158813 -0.593652 2.88541 0.15587 -0.315615 2.7946 0.254131 -0.114968 2.86209 0.00695953 -0.564203 3.21389 -0.0772188 -0.266213 3.20891 0.0244342 -0.0632893 3.28102 0.102274 -0.0331148 2.98659 0.157779 -0.0337231 2.8669 0.152802 0.35737 2.85089 0.0642148 0.750751 2.83993 0.0684405 -0.028921 3.08019 0.20646 0.344405 3.04454 0.0989663 0.723268 3.00073 
0.21376 -0.694563 3.16725 0.0857204 -0.584956 3.04197 0.162464 -0.592706 2.88561 0.17482 -0.303504 2.79915 0.246345 -0.0746926 2.81978 0.00548162 -0.561166 3.20997 -0.100427 -0.271231 3.22237 0.0186501 -0.0663856 3.28966 0.0943183 -0.0308446 2.99538 0.157226 -0.029509 2.87543 0.166201 0.355414 2.85984 0.0706577 0.750981 2.83563 0.0494612 -0.0251125 3.08945 0.231005 0.343984 3.05662 0.107453 0.723043 2.9958 
0.22214 -0.679319 3.16005 0.0858646 -0.576912 3.05015 0.176706 -0.580191 2.88506 0.183804 -0.287929 2.80716 0.238876 -0.0581899 2.81256 0.00177546 -0.559082 3.21036 -0.10952 -0.273897 3.22728 0.0108158 -0.0688847 3.29438 0.0942959 -0.0223249 2.99974 0.152405 -0.0233992 2.88437 0.190002 0.344677 2.87382 0.079076 0.748602 2.83986 0.0525712 -0.0239749 3.10322 0.253474 0.341752 3.07544 0.100873 0.716401 2.99654 
0.224369 -0.672929 3.18368 0.0857373 -0.547131 3.04918 0.18048 -0.553568 2.88443 0.188053 -0.268452 2.81358 0.247854 -0.0383689 2.81684 -0.00301999 -0.54279 3.20629 -0.118498 -0.263307 3.2405 0.00980143 -0.0541144 3.29463 0.0922694 -0.0182677 3.00048 0.137272 -0.0145774 2.90186 0.223106 0.348687 2.87814 0.0800932 0.743125 2.8404 0.0477265 -0.0159488 3.11587 0.279471 0.340772 3.08895 0.0944808 0.689537 2.99321 
0.212575 -0.655462 3.18116 0.0826692 -0.51223 3.05638 0.176589 -0.516919 2.90393 0.198859 -0.230977 2.82701 0.261641 0.0121055 2.79975 -0.0165111 -0.513535 3.20593 -0.12418 -0.248666 3.25318 -0.0198124 -0.0427926 3.29494 0.074685 -0.00569457 3.03475 0.12216 -0.0016956 2.92865 0.248041 0.37228 2.87707 0.0790972 0.735741 2.84506 0.00931108 -0.00429189 3.14186 0.322693 0.304374 3.1461 0.0812295 0.558511 3.02013 
0.218511 -0.651187 3.20604 0.0810355 -0.50641 3.0765 0.173109 -0.504753 2.93868 0.194437 -0.224656 2.82696 0.281968 0.0045388 2.79156 -0.0258461 -0.508824 3.218 -0.127892 -0.239007 3.27354 -0.0585537 -0.00664981 3.2897 0.0538423 -0.00156968 3.05616 0.097277 -0.000961834 2.93709 0.226815 0.374504 2.89062 0.0784806 0.76587 2.84859 -0.00646757 -0.00331349 3.16815 0.345926 0.233345 3.23114 0.0222099 0.41057 3.05759 
0.198445 -0.656582 3.24208 0.0811482 -0.516509 3.09526 0.176483 -0.520111 2.95184 0.183674 -0.266033 2.829 0.273418 -0.0351933 2.7887 -0.0319662 -0.515582 3.24514 -0.132853 -0.242503 3.29576 -0.0748167 0.0061277 3.31542 0.0534456 -0.0193236 3.06605 0.10155 -0.0191236 2.95992 0.20732 0.365105 2.91276 0.0786209 0.756885 2.85332 -0.00870863 -0.0252491 3.18224 0.334633 0.181868 3.30303 0.0127257 0.323341 3.11311 
0.181619 -0.712874 3.27904 0.0649067 -0.584185 3.15816 0.158873 -0.5888 3.01459 0.177952 -0.378991 2.85043 0.235993 -0.131656 2.81269 -0.0514886 -0.563143 3.30989 -0.143237 -0.295028 3.3623 -0.114638 -0.0420381 3.36563 0.041176 -0.089217 3.10426 0.0981462 -0.0842015 3.00107 0.159841 0.321072 2.9604 0.0778348 0.732233 2.86821 -0.0193701 -0.0944044 3.20949 0.307865 0.0921106 3.40196 -0.0175609 0.268636 3.19636 
0.155296 -0.743708 3.30022 0.0386266 -0.637619 3.20247 0.143774 -0.64893 3.04708 0.123929 -0.426501 2.86535 0.187896 -0.192343 2.80215 -0.0562346 -0.602409 3.35457 -0.169629 -0.332206 3.39984 -0.137341 -0.0865195 3.41912 0.0175805 -0.135495 3.13159 0.081104 -0.128279 3.01294 0.120149 0.278061 2.97549 0.0866742 0.696137 2.88742 -0.0368433 -0.139709 3.23972 0.249082 0.0709991 3.45106 -0.0509514 0.309501 3.26692 
0.145993 -0.77954 3.33625 0.0180547 -0.672667 3.24335 0.114669 -0.709656 3.0927 0.0593818 -0.508959 2.90816 0.0807581 -0.26921 2.80643 -0.0629723 -0.653667 3.40213 -0.187447 -0.383324 3.43948 -0.164749 -0.136618 3.48583 -0.00152559 -0.176567 3.19468 0.0591738 -0.171684 3.07636 0.199527 0.207249 3.02631 0.0540804 0.589981 2.91085 -0.0577156 -0.178367 3.30676 0.148726 0.136262 3.48985 -0.0726052 0.446786 3.37928 
0.124958 -0.78113 3.37493 0.0048121 -0.671511 3.28194 0.0842045 -0.709827 3.12264 0.0252247 -0.504328 2.939 0.00861045 -0.258831 2.82067 -0.0754125 -0.657747 3.44101 -0.194315 -0.385902 3.4815 -0.161675 -0.144186 3.50829 -0.0157629 -0.177373 3.21799 0.0557013 -0.179183 3.10286 0.254908 0.15823 3.0414 0.0189569 0.491702 2.94216 -0.0845897 -0.173337 3.33145 0.0834139 0.185526 3.49503 -0.111577 0.541145 3.43342 
0.128225 -0.78026 3.39204 0.00267118 -0.66877 3.30296 0.0734731 -0.693585 3.14762 0.00987207 -0.479865 2.97297 -0.038107 -0.245139 2.82973 -0.0763374 -0.652327 3.47172 -0.190074 -0.382265 3.50851 -0.153909 -0.130561 3.5513 -0.017396 -0.16314 3.25636 0.051561 -0.170402 3.14162 0.28727 0.137446 3.07087 0.015247 0.407219 2.98601 -0.0850038 -0.153792 3.36718 0.00458771 0.24292 3.49133 -0.134775 0.635442 3.48714 
0.109207 -0.711318 3.43147 -0.0291051 -0.603641 3.36217 0.0372526 -0.622396 3.19847 0.00740085 -0.446607 3.03268 -0.0479605 -0.227002 2.8819 -0.0953951 -0.588634 3.51386 -0.195976 -0.310099 3.56795 -0.129894 -0.0841202 3.61747 -0.0373059 -0.0891463 3.30855 0.0284969 -0.110209 3.20572 0.323859 0.106828 3.10863 0.0185083 0.321712 3.06903 -0.0993071 -0.0742774 3.4227 -0.0711496 0.335114 3.49536 -0.19001 0.730802 3.54275 
0.0844099 -0.666315 3.46273 -0.046967 -0.554243 3.40102 0.0171275 -0.568837 3.24505 -0.0516041 -0.349967 3.07461 -0.104426 -0.129881 2.92074 -0.113499 -0.534527 3.56129 -0.171554 -0.257305 3.60361 -0.132295 -0.0168381 3.65365 -0.0509761 -0.0483183 3.3469 0.0103674 -0.0594863 3.24541 0.325557 0.118382 3.16907 0.0155389 0.318737 3.16426 -0.113144 -0.0276851 3.46349 -0.0706464 0.381891 3.50488 -0.19681 0.758429 3.52616 
0.0833412 -0.646333 3.51328 -0.0435706 -0.542348 3.4223 0.0151675 -0.556982 3.2655 -0.0555254 -0.332524 3.11742 -0.131953 -0.0824854 2.97372 -0.103647 -0.528796 3.59128 -0.0999469 -0.245742 3.6269 0.0142472 -0.0972413 3.69737 -0.0800312 -0.0268288 3.37852 -0.0102858 -0.0400116 3.25666 0.303265 0.158901 3.22969 0.00770981 0.387365 3.24353 -0.147651 -0.0147236 3.48508 -0.0628792 0.376418 3.54884 -0.192772 0.748416 3.53548 
0.0764456 -0.649268 3.52173 -0.0595627 -0.550551 3.44491 0.0101036 -0.568301 3.28184 -0.0634288 -0.35068 3.17508 -0.109327 -0.0804999 3.09326 -0.128505 -0.532839 3.61229 -0.118831 -0.239535 3.64425 -0.0187962 -0.0735833 3.70686 -0.0805794 -0.0349398 3.39513 -0.0120365 -0.0394799 3.2879 0.238696 0.259666 3.3097 -0.049395 0.561562 3.33332 -0.148787 -0.0274951 3.50705 -0.05985 0.374486 3.5568 -0.197691 0.759545 3.53562 
0.0678368 -0.656708 3.53779 -0.0607534 -0.554734 3.45688 0.00666775 -0.573741 3.29579 -0.0640369 -0.343712 3.18386 -0.104398 -0.0778297 3.12329 -0.128194 -0.537398 3.62046 -0.110797 -0.247625 3.64418 0.00419788 -0.112328 3.70645 -0.0730471 -0.0353472 3.41565 -0.00880715 -0.0381618 3.29765 0.183178 0.295475 3.34074 -0.053773 0.640782 3.34147 -0.14119 -0.0286819 3.52539 -0.0719375 0.373253 3.55745 -0.188388 0.737616 3.5277 
0.0592807 -0.666384 3.54592 -0.0612703 -0.560638 3.47019 0.0117259 -0.576128 3.31827 -0.0649646 -0.333945 3.21749 -0.0709967 -0.0595606 3.17134 -0.137984 -0.545085 3.6339 -0.126008 -0.255021 3.65274 -0.0154794 -0.127757 3.70719 -0.0781668 -0.0297737 3.43455 -0.0143088 -0.031528 3.32315 0.0734164 0.341716 3.3686 -0.0908504 0.736509 3.36808 -0.146779 -0.0316179 3.54143 -0.0855745 0.363797 3.55789 -0.198044 0.744132 3.52042 
0.0487098 -0.664354 3.56208 -0.0704347 -0.560485 3.47022 0.0149505 -0.573606 3.32243 -0.0448801 -0.315503 3.22144 -0.01984 -0.0497065 3.19549 -0.163748 -0.544908 3.63086 -0.254169 -0.256267 3.65143 -0.18391 -0.0386395 3.71472 -0.0925958 -0.0275653 3.45372 -0.0235028 -0.0229921 3.35319 0.00452304 0.361706 3.39511 -0.129995 0.757018 3.38198 -0.147258 -0.0279682 3.55387 -0.0898372 0.368523 3.56254 -0.197503 0.74494 3.52601 
0.0376688 -0.684897 3.58389 -0.071927 -0.560565 3.48113 0.0146877 -0.569493 3.33038 0.00355873 -0.301443 3.23607 0.0327261 -0.0435019 3.21427 -0.188501 -0.549496 3.63924 -0.271498 -0.268297 3.65156 -0.205228 -0.0444968 3.71009 -0.0937278 -0.0273945 3.47312 -0.0300104 -0.0244728 3.3726 0.00465896 0.357168 3.39974 -0.129777 0.756699 3.37371 -0.163931 -0.0270891 3.57277 -0.0636112 0.365748 3.5751 -0.187115 0.734577 3.51933 
0.0329846 -0.684329 3.59518 -0.0752593 -0.561152 3.48989 0.0138755 -0.56509 3.33438 0.0166158 -0.295097 3.2549 0.0580428 -0.0617919 3.22557 -0.192898 -0.554056 3.64346 -0.276497 -0.268629 3.65162 -0.232549 -0.0492528 3.71501 -0.0993578 -0.0297102 3.47733 -0.0397077 -0.031681 3.37764 0.00484368 0.355322 3.39978 -0.126895 0.759499 3.37794 -0.165321 -0.0293265 3.58175 -0.0515489 0.345913 3.60207 -0.170032 0.73018 3.51958 
0.0145396 -0.675413 3.593 -0.0878064 -0.550768 3.50402 0.0148938 -0.540473 3.35668 0.0522724 -0.261186 3.28371 0.129796 -0.0142042 3.27275 -0.201682 -0.547602 3.64367 -0.305957 -0.274653 3.66176 -0.281639 -0.0443792 3.71961 -0.129774 -0.0266288 3.49782 -0.0593731 -0.0245819 3.39922 0.0127751 0.36219 3.41305 -0.132836 0.750986 3.37816 -0.198927 -0.0248712 3.61268 4.78853e-05 0.343307 3.63716 -0.165239 0.702678 3.5236 
0.000591071 -0.659659 3.57667 -0.104559 -0.51307 3.50834 0.0155817 -0.507671 3.36583 0.0753386 -0.236988 3.29134 0.182411 -0.000624989 3.27963 -0.211143 -0.519705 3.64375 -0.337397 -0.246029 3.68803 -0.308516 -0.0206375 3.71987 -0.150696 -0.00637474 3.51079 -0.0878535 0.00550726 3.41103 0.0377434 0.366227 3.4172 -0.12311 0.752009 3.38622 -0.21476 -0.00793593 3.62136 0.00866893 0.326747 3.68464 -0.166944 0.612598 3.52358 
0.0139274 -0.669195 3.65054 -0.113512 -0.491581 3.53043 0.0134904 -0.48782 3.39347 0.0792721 -0.20931 3.30918 0.190866 0.0158609 3.32337 -0.219922 -0.50683 3.65694 -0.346667 -0.237094 3.70908 -0.341698 0.00676723 3.73759 -0.1745 -0.00224886 3.53395 -0.101423 0.00814358 3.44015 0.03313 0.379952 3.42675 -0.123387 0.765987 3.38597 -0.24583 -0.00347351 3.63514 0.0430958 0.261749 3.74792 -0.184844 0.503592 3.5581 
-0.0299602 -0.675191 3.67135 -0.12441 -0.500143 3.55117 0.00697087 -0.501877 3.42774 0.0804262 -0.229202 3.34899 0.178891 -0.0119216 3.36346 -0.242834 -0.503184 3.68497 -0.360431 -0.234855 3.72283 -0.42233 0.00454387 3.78696 -0.198346 -0.00898023 3.55991 -0.126483 -0.00567294 3.46119 0.0208459 0.372339 3.44535 -0.127515 0.76249 3.3858 -0.270718 -0.0189131 3.66296 0.0287634 0.154119 3.8681 -0.238133 0.332229 3.62838 
-0.0482373 -0.697803 3.6671 -0.132937 -0.540205 3.57861 -0.00553231 -0.540178 3.46448 0.0688567 -0.270107 3.36566 0.157287 -0.0424626 3.37122 -0.253173 -0.535331 3.69206 -0.377827 -0.271031 3.77618 -0.45361 -0.0222451 3.82968 -0.198272 -0.0345172 3.56648 -0.130783 -0.0241095 3.46508 -0.00164287 0.357067 3.44956 -0.12799 0.765591 3.38999 -0.274712 -0.0559791 3.67188 0.0114535 0.0890793 3.92062 -0.255854 0.283721 3.64986 
-0.0757069 -0.733337 3.67869 -0.144116 -0.573301 3.63198 -0.0273824 -0.584554 3.49949 0.028323 -0.334893 3.40618 0.113925 -0.100479 3.36594 -0.274599 -0.569486 3.76425 -0.400165 -0.311895 3.81437 -0.491081 -0.0811738 3.88175 -0.202936 -0.0870674 3.59783 -0.121296 -0.0813048 3.49809 -0.0569865 0.336292 3.48599 -0.128798 0.745184 3.39792 -0.274311 -0.0968724 3.70419 -0.046466 0.0487249 4.00612 -0.278204 0.255055 3.74178 
-0.1162 -0.810285 3.72225 -0.198764 -0.660591 3.68726 -0.0662186 -0.668077 3.54543 -0.0476046 -0.422646 3.42773 0.00864265 -0.183333 3.36573 -0.317344 -0.644845 3.81339 -0.45326 -0.391126 3.87949 -0.545308 -0.173771 3.94243 -0.206878 -0.165421 3.6486 -0.131495 -0.152575 3.55929 -0.0885147 0.258133 3.51471 -0.107821 0.669769 3.419 -0.287965 -0.170846 3.76175 -0.164187 0.0446686 4.05804 -0.315581 0.32684 3.83339 
-0.13629 -0.844873 3.74844 -0.207878 -0.683921 3.70864 -0.0798125 -0.697556 3.56511 -0.067904 -0.444062 3.43299 -0.0535899 -0.200085 3.36807 -0.318235 -0.6828 3.84651 -0.476683 -0.443168 3.89159 -0.556827 -0.216923 3.9701 -0.21778 -0.182754 3.68997 -0.140049 -0.176667 3.57703 -0.0636714 0.229214 3.55884 -0.124475 0.628708 3.42832 -0.297448 -0.19202 3.78839 -0.179746 0.0690933 4.06487 -0.35412 0.391548 3.89464 
-0.145447 -0.853525 3.78392 -0.223565 -0.704217 3.71945 -0.114249 -0.704516 3.58358 -0.109393 -0.464539 3.44173 -0.0823994 -0.211798 3.3669 -0.327365 -0.70591 3.87738 -0.496071 -0.459099 3.92869 -0.576618 -0.236563 3.9956 -0.260264 -0.193578 3.71787 -0.180354 -0.183877 3.62903 -0.0347573 0.190097 3.59345 -0.139248 0.56614 3.46607 -0.331888 -0.20304 3.83259 -0.22613 0.105382 4.0712 -0.391438 0.47748 3.94347 
-0.167106 -0.855966 3.81128 -0.244413 -0.705955 3.78106 -0.13778 -0.702182 3.63877 -0.171558 -0.469571 3.48426 -0.161074 -0.212855 3.37906 -0.357711 -0.708771 3.92284 -0.538869 -0.479436 3.97874 -0.589602 -0.247936 4.05201 -0.286649 -0.18375 3.78158 -0.21104 -0.187091 3.6768 0.0289706 0.133867 3.6746 -0.214036 0.43422 3.54942 -0.372897 -0.186116 3.88822 -0.319241 0.210632 4.02342 -0.4358 0.634482 4.03141 
-0.181248 -0.840584 3.83839 -0.269836 -0.679598 3.80209 -0.163632 -0.673973 3.64419 -0.201232 -0.452793 3.49765 -0.193338 -0.193622 3.3891 -0.370413 -0.683555 3.95489 -0.548194 -0.45584 4.00146 -0.595044 -0.22597 4.0703 -0.304415 -0.158 3.81055 -0.212931 -0.162675 3.70975 0.0391312 0.111491 3.69871 -0.233888 0.380094 3.57462 -0.385085 -0.15215 3.92055 -0.35682 0.2728 4.01801 -0.479254 0.690731 4.05244 
-0.199192 -0.778447 3.85693 -0.304279 -0.6206 3.83701 -0.203741 -0.61869 3.68293 -0.212723 -0.418547 3.51008 -0.210511 -0.161134 3.39753 -0.384392 -0.625087 4.00045 -0.556509 -0.410875 4.04321 -0.602659 -0.17282 4.09628 -0.328086 -0.100893 3.84046 -0.248398 -0.102993 3.74045 0.0605417 0.0983406 3.71113 -0.255835 0.327857 3.63556 -0.407536 -0.0978198 3.94834 -0.41465 0.336951 4.02067 -0.527679 0.746299 4.05662 
-0.231526 -0.695837 3.91385 -0.313997 -0.529957 3.8934 -0.234206 -0.526522 3.73963 -0.275468 -0.3141 3.55608 -0.265995 -0.0687147 3.449 -0.407215 -0.531646 4.04331 -0.553796 -0.284084 4.10027 -0.631045 -0.0469909 4.15452 -0.377998 -0.0204829 3.89409 -0.296862 -0.0273177 3.78583 0.0343245 0.121454 3.76922 -0.288844 0.343451 3.78064 -0.451667 -0.0130518 4.00527 -0.415851 0.384328 4.08005 -0.542192 0.771488 4.05364 
-0.237077 -0.689428 3.9322 -0.317926 -0.511614 3.91214 -0.240209 -0.510808 3.76388 -0.282783 -0.284583 3.60863 -0.268041 -0.0438349 3.47757 -0.412915 -0.516438 4.06652 -0.54837 -0.25098 4.11799 -0.612631 -0.0139594 4.16596 -0.384243 -0.0115745 3.91881 -0.311566 -0.00977102 3.81222 0.0224635 0.173652 3.79744 -0.311279 0.396161 3.83369 -0.463419 -0.00518297 4.02779 -0.402473 0.387347 4.09808 -0.536759 0.768503 4.05826 
-0.242603 -0.679695 3.93317 -0.34082 -0.508619 3.92355 -0.252532 -0.508195 3.77381 -0.285296 -0.276947 3.64108 -0.274039 -0.02806 3.53467 -0.432171 -0.513037 4.07962 -0.543457 -0.24346 4.11815 -0.583582 -0.007042 4.17436 -0.390805 0.00177977 3.92881 -0.314891 0.000394716 3.82707 -0.0375461 0.24955 3.84456 -0.33852 0.492254 3.85547 -0.460611 0.00574601 4.02714 -0.392527 0.387013 4.09815 -0.532176 0.770497 4.05278 
-0.234737 -0.675692 3.93293 -0.363179 -0.518355 3.93356 -0.265608 -0.514973 3.77764 -0.292597 -0.237307 3.67774 -0.278489 0.00314391 3.63544 -0.446527 -0.526109 4.08776 -0.556868 -0.248914 4.12676 -0.518164 -0.0255372 4.18645 -0.396538 0.00278845 3.94707 -0.33301 0.00728437 3.84123 -0.151621 0.328502 3.91153 -0.395114 0.649242 3.89315 -0.469566 0.00120409 4.04049 -0.406159 0.389756 4.08413 -0.527956 0.759146 4.05356 
-0.227226 -0.675546 3.93233 -0.369175 -0.525752 3.94031 -0.265664 -0.523183 3.77677 -0.296931 -0.245896 3.70322 -0.250758 -0.0184924 3.70962 -0.452982 -0.532845 4.09516 -0.561097 -0.257422 4.12202 -0.478611 -0.0455141 4.18913 -0.393244 0.000294889 3.94611 -0.329036 0.00705179 3.84529 -0.226141 0.37465 3.93176 -0.429257 0.741347 3.89564 -0.466341 -0.00370416 4.04023 -0.411007 0.388974 4.08402 -0.536782 0.762676 4.0526 
-0.221242 -0.669359 3.9049 -0.371933 -0.534533 3.94174 -0.269749 -0.531278 3.77738 -0.278183 -0.24284 3.71136 -0.233727 -0.0219164 3.76595 -0.459337 -0.53844 4.09448 -0.564985 -0.270706 4.1219 -0.43833 -0.0951644 4.19157 -0.387527 0.00132564 3.95605 -0.325514 0.00850881 3.853 -0.309659 0.38316 3.92811 -0.4708 0.771999 3.90553 -0.455746 -0.00580122 4.05617 -0.416442 0.385953 4.07789 -0.53235 0.761024 4.04847 
-0.220747 -0.652708 3.89591 -0.371025 -0.545025 3.94308 -0.269504 -0.535618 3.77793 -0.271162 -0.253299 3.7112 -0.219098 -0.0412274 3.78255 -0.446006 -0.550666 4.09383 -0.556695 -0.285235 4.12156 -0.413958 -0.100864 4.18688 -0.391991 -0.00565648 3.95636 -0.334748 0.0016712 3.8577 -0.313967 0.382354 3.92395 -0.469983 0.772016 3.89711 -0.468072 -0.0140398 4.06214 -0.419216 0.384759 4.07434 -0.52806 0.759911 4.04769 
-0.219776 -0.657715 3.87759 -0.366352 -0.552139 3.94295 -0.265392 -0.538029 3.77773 -0.269428 -0.255678 3.71123 -0.188674 -0.0594825 3.78056 -0.436064 -0.562484 4.10166 -0.551859 -0.298858 4.12115 -0.408506 -0.106984 4.18613 -0.395482 -0.0153729 3.95791 -0.335283 -0.00535959 3.85822 -0.307303 0.374418 3.91288 -0.46529 0.768467 3.89793 -0.474426 -0.0199253 4.0588 -0.42486 0.381057 4.06431 -0.537647 0.761779 4.04751 
-0.211679 -0.662146 3.86794 -0.357771 -0.55629 3.94285 -0.265385 -0.540125 3.77757 -0.278034 -0.255341 3.70755 -0.186349 -0.0665528 3.78139 -0.4229 -0.569296 4.10175 -0.543385 -0.301583 4.13802 -0.382297 -0.106907 4.18592 -0.407303 -0.0253897 3.95544 -0.348259 -0.0143597 3.8587 -0.28948 0.369038 3.90337 -0.457445 0.760165 3.89639 -0.482656 -0.0341838 4.05522 -0.454037 0.376335 4.05979 -0.542555 0.76338 4.05093 
-0.196568 -0.634353 3.86752 -0.344763 -0.556217 3.93882 -0.265441 -0.540009 3.77726 -0.295324 -0.258816 3.70233 -0.197561 -0.0475128 3.77239 -0.414378 -0.566776 4.09814 -0.538252 -0.297058 4.14609 -0.367783 -0.0893213 4.18235 -0.40705 -0.0133952 3.95046 -0.347529 -0.00455476 3.84577 -0.259518 0.373359 3.90812 -0.45741 0.756321 3.89543 -0.482334 -0.0219967 4.04971 -0.461834 0.381487 4.06007 -0.547362 0.764722 4.05038 
-0.188937 -0.626012 3.85824 -0.323478 -0.539126 3.93018 -0.270135 -0.531007 3.7641 -0.300642 -0.23578 3.70267 -0.238716 -0.0323599 3.75984 -0.401367 -0.55363 4.08697 -0.515586 -0.276735 4.15404 -0.36244 -0.0616449 4.18149 -0.412385 -0.000104235 3.94951 -0.348446 0.00805498 3.84485 -0.203192 0.357835 3.91179 -0.424664 0.72673 3.89683 -0.478603 -0.00431894 4.04944 -0.415027 0.386234 4.06456 -0.537381 0.761533 4.05312 
-0.164739 -0.602389 3.84878 -0.319777 -0.51524 3.9223 -0.270439 -0.507228 3.76883 -0.298033 -0.218536 3.69302 -0.251041 0.0042719 3.72849 -0.389251 -0.521508 4.08312 -0.469151 -0.244887 4.15762 -0.392207 -0.0195265 4.18697 -0.401497 0.0112043 3.9387 -0.346562 0.0151839 3.83198 -0.136513 0.336191 3.91533 -0.394038 0.638959 3.89022 -0.459568 0.00913003 4.03463 -0.385697 0.389561 4.07529 -0.527812 0.759079 4.05363 
-0.156761 -0.595116 3.79483 -0.314705 -0.495577 3.89608 -0.273604 -0.484849 3.73008 -0.303218 -0.193711 3.64491 -0.278092 0.0392246 3.67175 -0.371499 -0.504289 4.06126 -0.443128 -0.217936 4.14794 -0.399365 0.0220774 4.19188 -0.389866 0.00780159 3.89435 -0.340942 0.0138935 3.78562 -0.0832242 0.270353 3.856 -0.380053 0.497445 3.81862 -0.450144 0.0108846 4.01006 -0.373079 0.395662 4.06999 -0.532315 0.769635 4.05412 
-0.152034 -0.591625 3.79433 -0.313745 -0.504224 3.88255 -0.273657 -0.497732 3.71286 -0.325438 -0.217597 3.63164 -0.275714 0.0293984 3.64166 -0.353317 -0.508925 4.05107 -0.434566 -0.261452 4.13484 -0.406744 -0.0102555 4.19583 -0.366304 -0.00261932 3.87407 -0.31499 0.00169608 3.77246 -0.0432516 0.223871 3.83388 -0.36129 0.401761 3.7762 -0.431672 -0.00535573 3.97523 -0.379327 0.387458 4.05216 -0.528213 0.772665 4.05321 
-0.134052 -0.626031 3.77633 -0.284218 -0.545706 3.86177 -0.261118 -0.537704 3.69932 -0.326842 -0.25768 3.57594 -0.28168 0.0069753 3.61436 -0.314577 -0.563834 4.02057 -0.459686 -0.332619 4.12918 -0.444915 -0.110149 4.18915 -0.352151 -0.0429599 3.84998 -0.2955 -0.0445708 3.74503 0.00279116 0.178788 3.78252 -0.325713 0.34225 3.71153 -0.408253 -0.038925 3.95463 -0.40247 0.378008 4.02751 -0.524278 0.761541 4.0482 
-0.0878488 -0.649729 3.71384 -0.252453 -0.607803 3.79403 -0.20844 -0.586107 3.63418 -0.285172 -0.345903 3.48814 -0.245725 -0.106124 3.52112 -0.301577 -0.62729 3.95923 -0.477753 -0.429368 4.09651 -0.460349 -0.208194 4.13391 -0.337573 -0.103581 3.80363 -0.272351 -0.109468 3.70534 0.0308387 0.116222 3.6988 -0.282124 0.323625 3.61663 -0.386902 -0.0921093 3.91965 -0.385439 0.323087 3.98269 -0.504343 0.722412 4.04749 
-0.0564124 -0.696509 3.66186 -0.212555 -0.638679 3.74898 -0.162171 -0.624968 3.57892 -0.26082 -0.374253 3.43532 -0.20736 -0.12778 3.45912 -0.280118 -0.655096 3.91424 -0.473159 -0.484485 4.04856 -0.45965 -0.26758 4.11131 -0.309491 -0.133872 3.77138 -0.246154 -0.137416 3.65789 0.0367563 0.121347 3.62807 -0.230165 0.417099 3.51881 -0.371995 -0.133196 3.88415 -0.324913 0.281895 3.98487 -0.477397 0.661583 4.00661 
-0.0250157 -0.693505 3.66254 -0.198994 -0.649726 3.72298 -0.132052 -0.625167 3.56517 -0.197426 -0.395112 3.42109 -0.13027 -0.156039 3.43162 -0.248812 -0.67006 3.88562 -0.461963 -0.486264 4.01135 -0.436137 -0.267646 4.08365 -0.284518 -0.153463 3.73629 -0.214633 -0.151367 3.6311 0.0135569 0.158459 3.5889 -0.17336 0.511154 3.46197 -0.353695 -0.149903 3.85574 -0.240938 0.235785 4.00513 -0.436964 0.588339 3.98483 
0.00180842 -0.653544 3.63768 -0.173535 -0.634639 3.67074 -0.104735 -0.611794 3.50542 -0.130686 -0.363628 3.35089 -0.0712461 -0.138417 3.36164 -0.240432 -0.645477 3.84236 -0.440065 -0.450143 3.94816 -0.415244 -0.239724 4.03957 -0.269089 -0.152263 3.65914 -0.20525 -0.141224 3.5645 -0.0265696 0.228082 3.50451 -0.127859 0.646031 3.37285 -0.326685 -0.159902 3.78121 -0.178426 0.167696 4.0193 -0.405492 0.47673 3.8823 
0.00338042 -0.610969 3.61164 -0.142071 -0.593643 3.64716 -0.0741228 -0.583759 3.49596 -0.0982914 -0.331792 3.32827 0.00675155 -0.100231 3.3521 -0.221906 -0.595428 3.80921 -0.405807 -0.389495 3.90994 -0.375072 -0.183999 3.99453 -0.219561 -0.0987364 3.63572 -0.164859 -0.0887075 3.51181 -0.0612854 0.290632 3.48237 -0.130976 0.716262 3.3529 -0.282844 -0.106945 3.74031 -0.135818 0.153233 4.01314 -0.327257 0.404044 3.82032 
0.0127318 -0.585013 3.59461 -0.133994 -0.552302 3.6369 -0.064509 -0.551723 3.48698 -0.0682742 -0.295745 3.30571 0.0384532 -0.0743702 3.30772 -0.213774 -0.554036 3.79252 -0.39215 -0.333913 3.88239 -0.352342 -0.133287 3.97142 -0.204593 -0.0666754 3.58665 -0.15314 -0.0470783 3.49759 -0.0559891 0.349651 3.44209 -0.142452 0.755046 3.3464 -0.272059 -0.0823864 3.70642 -0.052168 0.10336 3.99592 -0.306249 0.358195 3.7695 
0.060631 -0.531741 3.57979 -0.114239 -0.484859 3.5768 -0.0244298 -0.49363 3.43319 -0.0153392 -0.227419 3.2711 0.0919563 3.07973e-05 3.27288 -0.194657 -0.49166 3.72039 -0.347971 -0.241084 3.78448 -0.314314 -0.0318412 3.86212 -0.195521 -0.0177277 3.53521 -0.136257 -0.0113878 3.44008 0.00889667 0.356251 3.41276 -0.138352 0.760204 3.34616 -0.258047 -0.0223993 3.64031 0.0240629 0.135015 3.89999 -0.208188 0.346818 3.62704 
0.069117 -0.519031 3.57967 -0.101169 -0.484198 3.56796 -0.0115208 -0.483776 3.41516 -0.000257158 -0.21801 3.2581 0.0959369 0.00744339 3.26352 -0.181927 -0.488815 3.71601 -0.316275 -0.241204 3.77386 -0.282258 -0.0132191 3.83296 -0.181449 -0.013473 3.52575 -0.127524 -0.00277106 3.41288 0.0126287 0.36227 3.40869 -0.138461 0.762125 3.34574 -0.238553 -0.0169233 3.6228 0.0377384 0.165295 3.84537 -0.193147 0.392559 3.59231 
0.0882688 -0.529501 3.53858 -0.07257 -0.503742 3.54116 0.00509261 -0.498506 3.39017 -0.00410175 -0.24729 3.23683 0.0886909 -0.0158697 3.24263 -0.152232 -0.509183 3.70651 -0.311667 -0.241563 3.7327 -0.247397 -0.0303127 3.78875 -0.166463 -0.0168284 3.49326 -0.118692 -0.0146982 3.3925 0.00490669 0.354051 3.39124 -0.140326 0.742675 3.34525 -0.220845 -0.0221483 3.60542 0.0351803 0.254442 3.75629 -0.140753 0.551096 3.53856 
0.102013 -0.564412 3.53147 -0.0637411 -0.51929 3.53757 0.0109446 -0.511616 3.38719 -0.00669622 -0.257579 3.23262 0.0720838 -0.0290107 3.24333 -0.134901 -0.521215 3.7012 -0.290576 -0.264213 3.7244 -0.228364 -0.0514463 3.77689 -0.15201 -0.0267604 3.49191 -0.0939173 -0.0245524 3.38739 0.00464876 0.357192 3.37343 -0.140716 0.75409 3.34518 -0.198557 -0.0317442 3.60061 0.0311963 0.289124 3.69949 -0.132055 0.663946 3.52315 
0.115651 -0.58311 3.53261 -0.0611985 -0.529065 3.53554 0.0154981 -0.529568 3.37898 -0.0100591 -0.272367 3.22963 0.0612999 -0.047906 3.25172 -0.134341 -0.527617 3.69753 -0.282356 -0.273822 3.72001 -0.199668 -0.0531662 3.77145 -0.135369 -0.0282386 3.48784 -0.0853817 -0.0281895 3.38281 0.000450382 0.351868 3.36938 -0.147401 0.763836 3.34547 -0.176305 -0.0315102 3.59156 -0.00578789 0.328479 3.63753 -0.135585 0.704462 3.52272 
0.132088 -0.590094 3.52522 -0.0531868 -0.528907 3.52218 0.0187181 -0.53774 3.36859 -0.0163488 -0.282049 3.22013 0.0478076 -0.0561038 3.26509 -0.125323 -0.527594 3.69689 -0.26024 -0.265317 3.72309 -0.16888 -0.0470277 3.75252 -0.111541 -0.0225699 3.47505 -0.0595304 -0.0209509 3.36014 0.00632233 0.35854 3.35612 -0.134819 0.752691 3.34567 -0.168495 -0.0232129 3.57729 -0.031644 0.352502 3.57951 -0.130819 0.729754 3.49612 
0.139533 -0.58147 3.52554 -0.0364941 -0.524628 3.51591 0.0187672 -0.526851 3.35991 -0.0132999 -0.262931 3.21905 0.0435099 -0.0407007 3.26898 -0.0829593 -0.528082 3.68844 -0.136207 -0.263524 3.72127 0.0138444 -0.136162 3.74105 -0.0974436 -0.0113822 3.47045 -0.058857 -0.012069 3.35976 0.0467348 0.362832 3.3591 -0.126497 0.739339 3.34964 -0.148822 -0.0134652 3.56888 -0.0313407 0.35236 3.57126 -0.130479 0.732205 3.49161 
0.144279 -0.560591 3.50922 -0.01948 -0.5206 3.50671 0.0309951 -0.515607 3.35507 -0.012059 -0.247956 3.21799 0.0480928 -0.0257546 3.26872 -0.0699813 -0.515262 3.67922 -0.112054 -0.254222 3.72115 0.0343778 -0.128885 3.73215 -0.0791608 -0.00530395 3.45753 -0.0420598 -0.00494104 3.35057 0.0802972 0.368324 3.35373 -0.12287 0.717253 3.35004 -0.126646 -0.00766329 3.56814 -0.0314399 0.362907 3.5937 -0.130488 0.729409 3.50038 
0.153756 -0.543777 3.50143 -0.0153546 -0.501611 3.50229 0.0345502 -0.507388 3.34645 -0.00915689 -0.229765 3.21813 0.050856 -0.0238485 3.24608 -0.0569789 -0.494918 3.65822 -0.112463 -0.231414 3.7093 0.048912 -0.103031 3.71034 -0.0840194 0.00344836 3.43988 -0.0434405 0.000737698 3.32879 0.136727 0.341636 3.35366 -0.0966351 0.679896 3.3508 -0.13081 0.00173086 3.54584 -0.00934654 0.360313 3.61915 -0.124991 0.737749 3.49615 
0.154194 -0.513937 3.47597 -0.00649065 -0.481554 3.49698 0.0387121 -0.489599 3.33246 0.00291538 -0.20594 3.21259 0.073912 -0.00549146 3.22308 -0.0522625 -0.472824 3.64798 -0.0773523 -0.211497 3.7082 0.07356 -0.102905 3.70529 -0.0707134 0.0136222 3.42561 -0.0158108 0.0113956 3.31897 0.22475 0.313302 3.34366 -0.0890559 0.584707 3.34735 -0.130326 0.0159012 3.53658 0.00812292 0.384907 3.61855 -0.130576 0.741077 3.49605 
0.159435 -0.501547 3.45979 -0.00626342 -0.470292 3.48426 0.0354933 -0.480318 3.31558 -0.00546485 -0.211255 3.20349 0.099528 -0.0117809 3.21429 -0.0519893 -0.461774 3.63962 -0.0717324 -0.200063 3.7062 0.0874745 -0.0802915 3.70081 -0.0756998 0.0068266 3.41272 -0.0258431 0.00220976 3.2974 0.251064 0.276765 3.33181 -0.0861443 0.508611 3.3399 -0.134223 0.0153595 3.51562 0.0252117 0.379675 3.61831 -0.102279 0.724375 3.49189 
0.172147 -0.506792 3.45253 -0.00116624 -0.466569 3.44549 0.0362823 -0.478545 3.29341 0.00264587 -0.215927 3.16019 0.114359 -0.0215139 3.20472 -0.0478534 -0.461367 3.62228 -0.0568275 -0.189507 3.69899 0.10576 -0.0962322 3.68742 -0.0668638 0.00926408 3.38683 -0.0158116 0.00160492 3.27497 0.279096 0.224173 3.31008 -0.0669428 0.390795 3.28471 -0.124008 0.0216712 3.49198 0.0261918 0.384679 3.60979 -0.126112 0.75089 3.49107 
0.200236 -0.523321 3.39763 0.0280906 -0.483401 3.42804 0.0326066 -0.493804 3.2753 -0.0157419 -0.253689 3.11651 0.162554 -0.112535 3.1767 0.00769815 -0.474116 3.57888 -0.0797677 -0.197567 3.6774 0.0901644 -0.0306158 3.65523 -0.0298632 -0.00330491 3.35923 0.00443143 -0.00967786 3.25716 0.325382 0.15609 3.24669 -0.0404949 0.303934 3.21416 -0.0640073 0.0134399 3.47767 0.0190661 0.386471 3.57733 -0.126491 0.753038 3.491 
0.213255 -0.572719 3.3832 0.0301263 -0.517534 3.40677 0.0441341 -0.52424 3.23398 -0.0275282 -0.299684 3.07791 0.172414 -0.167053 3.17417 0.022956 -0.512695 3.57073 -0.097119 -0.250078 3.66801 0.090652 -0.121531 3.62671 -0.0185786 -0.0287716 3.35027 0.0337602 -0.0476791 3.23552 0.346993 0.118801 3.22857 0.0095939 0.28961 3.19133 -0.061298 -0.0175984 3.44452 0.0109627 0.352469 3.54461 -0.126303 0.748592 3.49107 
0.219469 -0.601357 3.35136 0.0464245 -0.566121 3.35178 0.0647321 -0.569278 3.19191 -0.0125722 -0.345396 3.03214 0.175618 -0.262308 3.13738 0.0358698 -0.569757 3.5205 -0.0859537 -0.347368 3.61281 0.106304 -0.288524 3.52157 -0.0147508 -0.086977 3.30839 0.039136 -0.0954918 3.18844 0.350104 0.0988904 3.15232 0.040111 0.304214 3.09733 -0.0614242 -0.077244 3.41263 -0.0116241 0.317491 3.49062 -0.126092 0.718009 3.49538 
0.238618 -0.674692 3.30594 0.0757054 -0.643625 3.30565 0.096075 -0.644561 3.15069 0.00361841 -0.434489 2.9771 0.169135 -0.409979 3.12316 0.0354285 -0.646236 3.46943 -0.0839271 -0.424611 3.56863 0.120142 -0.384904 3.44819 -0.00549433 -0.147626 3.26371 0.0558855 -0.155416 3.15439 0.34581 0.106252 3.0967 0.0910067 0.389837 3.03375 -0.0601798 -0.133507 3.37106 -0.00543127 0.289148 3.44852 -0.0894672 0.688915 3.49439 
0.25578 -0.706575 3.26032 0.084667 -0.670864 3.25446 0.132829 -0.662136 3.09415 0.0168366 -0.462762 2.91723 0.169693 -0.443686 3.07251 0.0370513 -0.677257 3.42672 -0.120711 -0.458484 3.502 0.130415 -0.467963 3.40459 0.00885044 -0.16794 3.22032 0.0756047 -0.169841 3.10585 0.33377 0.136496 3.04639 0.138656 0.482921 2.94998 -0.0504284 -0.163842 3.34816 0.0121799 0.254483 3.42665 -0.0886662 0.642095 3.48657 
0.265467 -0.708427 3.22957 0.0856873 -0.675988 3.20778 0.142435 -0.668616 3.03861 0.059993 -0.469918 2.8694 0.188017 -0.453975 3.02344 0.023721 -0.683608 3.36744 -0.123386 -0.463007 3.44475 0.11618 -0.466604 3.34927 0.0256955 -0.168541 3.17259 0.0848816 -0.169285 3.07066 0.288233 0.183792 3.00909 0.168838 0.588363 2.88332 -0.0301471 -0.167838 3.28773 0.0718448 0.215518 3.43426 -0.0957325 0.587234 3.4248 
0.267 -0.685069 3.19663 0.103159 -0.652897 3.1597 0.179012 -0.65493 3.00824 0.121237 -0.433334 2.83474 0.251971 -0.403249 3.01011 0.021459 -0.658791 3.30622 -0.119529 -0.410142 3.37431 0.108216 -0.413465 3.3024 0.0696512 -0.147795 3.14036 0.118818 -0.138747 3.0123 0.204508 0.267009 2.95808 0.176146 0.702838 2.85006 0.00529075 -0.150022 3.23733 0.150433 0.207286 3.44026 -0.105158 0.507359 3.34785 
0.270257 -0.658771 3.16445 0.110318 -0.616344 3.11856 0.187557 -0.609616 2.95872 0.164031 -0.381566 2.80722 0.288905 -0.350861 2.97244 0.0136093 -0.614988 3.27931 -0.114711 -0.3675 3.33182 0.127474 -0.392935 3.26993 0.0872977 -0.105348 3.08606 0.152407 -0.09757 2.99297 0.207703 0.303322 2.943 0.143518 0.73344 2.81736 0.0260451 -0.110764 3.20658 0.169887 0.200682 3.44547 -0.0743635 0.446546 3.28772 
0.27709 -0.625266 3.15107 0.111329 -0.561998 3.08264 0.202162 -0.56475 2.93159 0.184223 -0.323277 2.76576 0.299862 -0.281309 2.94219 0.0189916 -0.559425 3.22229 -0.112511 -0.306768 3.26397 0.105272 -0.316602 3.26186 0.0913478 -0.0631839 3.04902 0.157336 -0.0499653 2.93807 0.2238 0.346482 2.90074 0.137847 0.756107 2.81156 0.0331646 -0.0631989 3.15223 0.214122 0.192364 3.42291 -0.0582938 0.384905 3.2084 
0.2886 -0.576214 3.12538 0.122358 -0.523099 3.03885 0.23288 -0.530791 2.89972 0.219014 -0.283811 2.76372 0.32574 -0.15637 2.90737 0.0159045 -0.514314 3.19183 -0.0945232 -0.258444 3.19778 0.130117 -0.18093 3.2542 0.0982897 -0.0284866 3.00486 0.163787 -0.0245067 2.91926 0.280995 0.357144 2.88261 0.149268 0.751868 2.80743 0.038029 -0.033226 3.12045 0.268053 0.204492 3.37049 -0.00620743 0.368619 3.12172 
0.303575 -0.581781 3.13867 0.12578 -0.524296 3.02585 0.239832 -0.530892 2.88232 0.226111 -0.269315 2.76266 0.33277 -0.12234 2.88268 0.0159908 -0.516011 3.17925 -0.0904739 -0.249005 3.17303 0.0938347 -0.0987492 3.2434 0.10302 -0.0223718 2.98619 0.164824 -0.0225111 2.87512 0.280519 0.35916 2.87352 0.149 0.758486 2.80733 0.0445213 -0.0253443 3.09378 0.302066 0.210797 3.30264 0.0174539 0.396403 3.05686 
0.312633 -0.594348 3.1548 0.130809 -0.532351 3.01744 0.243208 -0.540232 2.87398 0.234516 -0.2846 2.75489 0.306728 -0.101148 2.86725 0.0208194 -0.520166 3.16182 -0.0937726 -0.254973 3.16422 0.0473643 -0.0769256 3.22035 0.103116 -0.0226415 2.97289 0.16551 -0.0257308 2.8621 0.269046 0.356418 2.87327 0.148771 0.755316 2.81157 0.0454544 -0.0213656 3.07142 0.311242 0.234294 3.2441 0.0309194 0.447021 2.99784 
0.305571 -0.619703 3.10911 0.1397 -0.558244 3.01413 0.249412 -0.583581 2.87185 0.236669 -0.310985 2.7466 0.280435 -0.0995584 2.82305 0.0208372 -0.543533 3.16227 -0.0894238 -0.272312 3.16608 -0.0137918 -0.0653549 3.21484 0.104151 -0.0426616 2.96056 0.167101 -0.0451544 2.85411 0.250263 0.347828 2.866 0.138789 0.738272 2.79921 0.0455778 -0.0378499 3.06319 0.226713 0.305113 3.17072 0.0334072 0.573073 2.97154 
0.308445 -0.62848 3.12234 0.145001 -0.580334 3.00992 0.249559 -0.585932 2.83683 0.236975 -0.321295 2.73396 0.273243 -0.0870086 2.80077 0.0294314 -0.552716 3.15799 -0.0859674 -0.277519 3.17414 -0.0526965 -0.0359721 3.18869 0.110258 -0.0410882 2.93861 0.166437 -0.0452709 2.84438 0.241521 0.353165 2.82833 0.133457 0.747167 2.79854 0.0509902 -0.0347638 3.04517 0.197958 0.342377 3.0518 0.0410891 0.696814 2.9072 
0.301234 -0.63979 3.13487 0.149749 -0.581597 3.0012 0.250144 -0.587222 2.8283 0.231463 -0.327009 2.73814 0.273012 -0.0872659 2.76089 0.0310929 -0.553698 3.1539 -0.0619035 -0.278367 3.16956 -0.0742698 -0.0207158 3.18442 0.101247 -0.0455933 2.93043 0.169771 -0.0501248 2.83161 0.203575 0.348242 2.82884 0.144011 0.744243 2.79842 0.0394058 -0.0435993 3.03311 0.127717 0.365906 2.99951 0.0297058 0.740344 2.90023 
0.293937 -0.64363 3.14869 0.142012 -0.578452 2.98883 0.247234 -0.586994 2.82836 0.248266 -0.310627 2.7407 0.282635 -0.0594659 2.69184 0.0262229 -0.545237 3.14518 -0.0568004 -0.269339 3.15153 -0.109616 -0.0109693 3.18875 0.100737 -0.0398283 2.91686 0.174169 -0.0380326 2.80034 0.191305 0.354216 2.81993 0.144464 0.744611 2.79423 0.0280196 -0.0384875 3.01053 0.106368 0.357276 2.98548 0.026714 0.741942 2.89119 
0.292141 -0.644085 3.14004 0.142159 -0.582308 2.97602 0.244604 -0.586547 2.82004 0.243891 -0.307929 2.7498 0.285192 -0.0566022 2.68678 0.0227349 -0.548662 3.13192 -0.0568233 -0.269985 3.12589 -0.108854 -0.0145261 3.18008 0.100076 -0.0443018 2.91185 0.170838 -0.0465043 2.79212 0.191179 0.352139 2.81149 0.144561 0.745525 2.79382 0.0280647 -0.0404838 3.00633 0.0981363 0.347686 2.98601 0.0264354 0.74141 2.8955 
0.278806 -0.652347 3.14765 0.137361 -0.58501 2.96793 0.250705 -0.592112 2.82006 0.251989 -0.30856 2.74599 0.289435 -0.0706358 2.67878 0.0173489 -0.555073 3.12757 -0.0724951 -0.28169 3.12225 -0.0959998 -0.0202302 3.17985 0.10043 -0.0476222 2.9076 0.179604 -0.0515691 2.7923 0.18799 0.351169 2.81134 0.144128 0.745147 2.79831 0.0285545 -0.0482596 3.00648 0.08727 0.354422 2.9816 0.0266189 0.738727 2.8959 
0.267329 -0.656257 3.14087 0.142276 -0.588259 2.95911 0.25949 -0.59693 2.82028 0.261275 -0.318729 2.72943 0.278153 -0.0600999 2.66303 0.0114877 -0.571013 3.11977 -0.0866013 -0.295439 3.11855 -0.0930343 -0.0507738 3.15392 0.092371 -0.0468543 2.90318 0.17124 -0.0473442 2.7963 0.167549 0.35319 2.82 0.133478 0.741927 2.7941 0.00962438 -0.0471991 2.99786 0.044536 0.347855 2.96875 0.0262279 0.750016 2.89529 
0.272449 -0.663763 3.13093 0.13718 -0.586795 2.95894 0.259093 -0.595824 2.82455 0.281517 -0.323493 2.7331 0.293341 -0.0635903 2.68658 0.00060262 -0.573498 3.10727 -0.0857847 -0.297349 3.10714 -0.0877857 -0.0483373 3.14113 0.0923391 -0.059942 2.89936 0.17121 -0.0601583 2.79725 0.175832 0.350496 2.82064 0.133495 0.750118 2.79375 0.006071 -0.0573991 2.98069 0.0331573 0.329764 2.94442 0.0259024 0.743318 2.89054 
0.267017 -0.665257 3.1323 0.126245 -0.586063 2.95494 0.259299 -0.595212 2.82004 0.283704 -0.322734 2.72969 0.287997 -0.0759734 2.69997 -0.0105923 -0.571734 3.09842 -0.0867276 -0.292015 3.10104 -0.0876165 -0.0408772 3.13644 0.0897048 -0.0536104 2.9034 0.170406 -0.0549656 2.80136 0.178914 0.349608 2.82482 0.138368 0.748955 2.79763 0.00223354 -0.0538085 2.9849 0.0213229 0.337975 2.94357 0.0260145 0.73991 2.88172 
0.264808 -0.674729 3.12224 0.126008 -0.586083 2.95082 0.255922 -0.587235 2.81952 0.285037 -0.30291 2.72432 0.318151 -0.0557817 2.71893 -0.0106909 -0.570576 3.08967 -0.0847598 -0.294632 3.09471 -0.0868638 -0.0343657 3.12295 0.0898682 -0.0535075 2.9077 0.165832 -0.0527262 2.81414 0.18713 0.347608 2.82887 0.143668 0.749089 2.79767 -0.00145187 -0.0512961 2.98533 0.0213013 0.353206 2.93917 0.0260841 0.746224 2.87712 
0.266152 -0.688788 3.11185 0.114715 -0.58428 2.951 0.250403 -0.583609 2.8155 0.274959 -0.301469 2.72716 0.321532 -0.0543803 2.73039 -0.0112339 -0.568906 3.09362 -0.0857245 -0.286997 3.09333 -0.0966134 -0.0254758 3.11476 0.0870874 -0.0493307 2.89956 0.165898 -0.0541431 2.80981 0.187051 0.349329 2.83348 0.143645 0.751503 2.79741 -0.00218697 -0.0441852 2.98962 0.0210489 0.344176 2.94347 0.0260911 0.744327 2.88597 
0.264949 -0.688581 3.10422 0.109403 -0.586185 2.95101 0.250499 -0.586247 2.81546 0.270791 -0.295471 2.73065 0.336953 -0.0474913 2.74365 -0.0105791 -0.572358 3.0898 -0.0854101 -0.289697 3.0932 -0.0875307 -0.0291031 3.11466 0.0870322 -0.0485482 2.90367 0.166159 -0.0495315 2.8054 0.186967 0.34925 2.83322 0.143702 0.754186 2.79723 -0.00209378 -0.0468094 2.98948 0.0209341 0.347817 2.94776 0.0260926 0.747297 2.88582 
0.265128 -0.699837 3.09836 0.0975133 -0.586238 2.951 0.234334 -0.584917 2.81134 0.267323 -0.294675 2.73632 0.333894 -0.0587314 2.75174 -0.0105252 -0.568659 3.0894 -0.0852028 -0.289761 3.09788 -0.0797037 -0.0281802 3.1185 0.0893529 -0.0476689 2.90789 0.16929 -0.0501574 2.81855 0.186805 0.349046 2.83726 0.143983 0.749965 2.79785 0.00130053 -0.0479602 2.99425 0.0212646 0.349798 2.94346 0.0261418 0.742873 2.88618 
0.251535 -0.702172 3.0496 0.0943013 -0.586148 2.9509 0.214326 -0.588225 2.81165 0.261294 -0.294126 2.74133 0.335884 -0.0717774 2.81898 -0.0155291 -0.572913 3.08965 -0.0814629 -0.288901 3.10521 -0.0701979 -0.0321364 3.11908 0.0921712 -0.0433903 2.91625 0.169242 -0.0461048 2.82711 0.186892 0.34921 2.83734 0.143893 0.750004 2.79783 0.00503936 -0.0421134 3.00718 0.0212185 0.354258 2.94765 0.0261563 0.745623 2.88585 
0.244686 -0.691525 3.0215 0.0937997 -0.586041 2.95054 0.2025 -0.587673 2.80712 0.248555 -0.297415 2.74305 0.335916 -0.0738247 2.84348 -0.0155282 -0.571182 3.09781 -0.0821536 -0.289127 3.11381 -0.0663049 -0.029788 3.14846 0.0890025 -0.0435115 2.92063 0.165542 -0.0418773 2.82238 0.187055 0.349135 2.83745 0.144076 0.752772 2.79808 0.00508916 -0.0420866 3.01152 0.0213543 0.348992 2.9521 0.026214 0.745611 2.88613 
0.238017 -0.699889 3.01996 0.0933894 -0.585617 2.94621 0.193935 -0.590375 2.8031 0.244336 -0.305218 2.74272 0.329667 -0.0763963 2.86631 -0.0148187 -0.571223 3.09382 -0.0772048 -0.290129 3.11423 -0.0498906 -0.0456662 3.15007 0.0891653 -0.0442617 2.92508 0.165329 -0.0452503 2.82262 0.193639 0.345673 2.83368 0.144027 0.752673 2.79811 0.0139951 -0.0448054 3.01135 0.0242659 0.34407 2.95184 0.0261665 0.750036 2.88596 
0.231637 -0.699042 3.00193 0.0848853 -0.585746 2.94614 0.185622 -0.590889 2.80309 0.225349 -0.311574 2.73989 0.311927 -0.0863958 2.87001 -0.0147623 -0.568203 3.09476 -0.073106 -0.272806 3.12257 -0.0235423 -0.0443051 3.17715 0.0945033 -0.0423945 2.92526 0.162628 -0.0434687 2.81834 0.194167 0.348279 2.8336 0.144181 0.747645 2.79849 0.0154561 -0.0379013 3.01999 0.0244194 0.350725 2.95187 0.0261581 0.750677 2.89068 
0.23089 -0.703446 2.99328 0.0846286 -0.585699 2.94614 0.179844 -0.588012 2.79876 0.212423 -0.317855 2.73755 0.29715 -0.0894356 2.86576 -0.0143007 -0.570319 3.09914 -0.0534343 -0.277816 3.13508 0.0114599 -0.0425772 3.20454 0.0936455 -0.046082 2.92519 0.164249 -0.0517726 2.81851 0.200479 0.343026 2.83381 0.144301 0.745228 2.79873 0.023144 -0.0435695 3.02449 0.0240454 0.341369 2.95162 0.026177 0.751906 2.89059 
0.236909 -0.709309 2.97056 0.0798172 -0.586102 2.94677 0.161172 -0.587808 2.7944 0.191356 -0.309222 2.73598 0.274531 -0.0921485 2.84308 -0.00674224 -0.572105 3.09958 -0.0333308 -0.272299 3.14625 0.0248856 -0.0366192 3.20983 0.0919565 -0.0430927 2.92538 0.164665 -0.0453989 2.8225 0.214841 0.34337 2.8333 0.144208 0.745209 2.79876 0.0252512 -0.0412584 3.02465 0.0287035 0.34633 2.95529 0.0260448 0.749136 2.89044 
0.232521 -0.710481 2.95327 0.0796267 -0.583988 2.95078 0.154809 -0.587696 2.7901 0.187576 -0.307672 2.73333 0.267546 -0.0899753 2.81578 -0.000978787 -0.572096 3.11708 -0.0254086 -0.2708 3.15878 0.0351378 -0.0352492 3.21838 0.0918726 -0.0352976 2.92532 0.165014 -0.0352751 2.82224 0.22893 0.345282 2.82909 0.14444 0.744969 2.79842 0.0227729 -0.0323522 3.02859 0.0292034 0.353173 2.95987 0.0259634 0.748583 2.88589 
0.232523 -0.71954 2.94528 0.0792582 -0.585997 2.95527 0.150969 -0.586119 2.78993 0.176465 -0.298305 2.72902 0.267278 -0.0810691 2.79348 0.00464782 -0.576539 3.12122 -0.0174529 -0.266296 3.17623 0.063227 -0.0330003 3.22672 0.0917121 -0.0354403 2.92956 0.159943 -0.0384549 2.82242 0.242855 0.339152 2.8158 0.14501 0.743788 2.79338 0.02263 -0.0330261 3.0286 0.0324361 0.346295 2.95551 0.0259373 0.749025 2.89064 
0.232343 -0.719607 2.94497 0.079601 -0.583906 2.95534 0.145529 -0.586425 2.79014 0.167231 -0.301202 2.72877 0.272042 -0.0887735 2.76241 0.00800684 -0.576372 3.12524 -0.0174109 -0.274248 3.18115 0.0633573 -0.0428003 3.23116 0.0914427 -0.0371177 2.92971 0.159482 -0.0386294 2.82244 0.246453 0.340045 2.80707 0.145319 0.743125 2.78882 0.0221407 -0.0365502 3.02854 0.0323509 0.349018 2.95935 0.0258891 0.741247 2.89066 
0.232306 -0.719549 2.94502 0.0749441 -0.583918 2.9558 0.142207 -0.584667 2.79006 0.161086 -0.292619 2.72398 0.250569 -0.0792093 2.72973 0.0109931 -0.5765 3.12942 0.0162839 -0.266891 3.19386 0.101219 -0.0435646 3.23085 0.0912773 -0.0419424 2.92562 0.156621 -0.0421294 2.80486 0.264376 0.32852 2.80714 0.160505 0.732742 2.78531 0.025563 -0.0419247 3.02442 0.0323372 0.342911 2.95983 0.0255941 0.739155 2.89503 
0.232544 -0.719582 2.94513 0.0692242 -0.583716 2.9601 0.117765 -0.585562 2.79068 0.119297 -0.317367 2.72083 0.206409 -0.0844463 2.67873 0.0164307 -0.574877 3.14151 0.0156825 -0.273675 3.19903 0.110968 -0.0616938 3.23548 0.0912429 -0.0585157 2.92624 0.156912 -0.0626612 2.806 0.269656 0.327286 2.80273 0.163258 0.733739 2.76189 0.0255913 -0.0490614 3.02455 0.0323642 0.340392 2.96022 0.0258488 0.753829 2.89537 
0.232478 -0.719506 2.94511 0.0693536 -0.580464 2.9598 0.111347 -0.585323 2.79071 0.113398 -0.309377 2.72042 0.173983 -0.0661293 2.65052 0.0162439 -0.575182 3.14184 0.0155643 -0.269347 3.21161 0.111086 -0.0620801 3.23546 0.0909833 -0.0542266 2.92585 0.153633 -0.0603403 2.81032 0.269451 0.324427 2.8025 0.169442 0.730947 2.75732 0.0253798 -0.0491758 3.02891 0.0321552 0.344471 2.95928 0.0258403 0.751132 2.89538 
0.228721 -0.719133 2.94425 0.0607944 -0.584761 2.96436 0.0992042 -0.586381 2.79946 0.100606 -0.307618 2.71606 0.131716 -0.0677053 2.62981 0.0133693 -0.577987 3.15 0.0222097 -0.27643 3.21518 0.111536 -0.0570743 3.23524 0.0910392 -0.0568021 2.93034 0.157352 -0.06106 2.81031 0.261408 0.326746 2.79358 0.169753 0.731956 2.74857 0.0299988 -0.0489548 3.0329 0.0372957 0.347318 2.95045 0.0307761 0.751551 2.89101 
0.228319 -0.719275 2.94414 0.057673 -0.584372 2.96457 0.0950731 -0.586337 2.79961 0.0788901 -0.311694 2.70425 0.132537 -0.0717867 2.62136 0.0139937 -0.576875 3.14978 0.0196361 -0.271495 3.21439 0.0973014 -0.0532531 3.23331 0.0945849 -0.0523902 2.93024 0.161612 -0.0567836 2.8147 0.244376 0.326591 2.78473 0.143639 0.727538 2.74931 0.0438608 -0.0456623 3.02831 0.0430555 0.355237 2.95085 0.0311022 0.742374 2.89581 
0.224904 -0.719316 2.94296 0.057667 -0.584225 2.9647 0.0947246 -0.586329 2.79948 0.0695816 -0.309659 2.68715 0.106534 -0.0745671 2.59934 0.0142878 -0.574629 3.1504 0.0159871 -0.273835 3.21354 0.092246 -0.0533108 3.22462 0.0954645 -0.0488201 2.92632 0.161688 -0.0503571 2.81887 0.243963 0.325458 2.76176 0.129083 0.722364 2.7446 0.0445743 -0.042527 3.03251 0.0412589 0.355557 2.96396 0.0312569 0.745357 2.89155 
