15 215 4
0 0 0 0 0 0
0.126709 -1.60177 -0.124246 3.89049 0.231406 3.58272
-0.00192581 3.06012 0.0318007 -0.628713 0.14033 7.36518
0.113973 1.61967 0.116063 -3.58253 0.439694 3.68812
-0.399619 -0.671202 2.95037 -0.497799 -0.577079 3.15435 -0.654507 -0.580493 3.06941 -0.69775 -0.283207 3.18072 -0.690053 -0.0343986 3.10481 -0.346007 -0.585038 3.24767 -0.29612 -0.307386 3.25309 -0.268413 -0.0638518 3.20017 -0.498359 -0.0395044 3.15711 -0.59849 -0.0397747 3.09305 -0.593236 0.359137 3.12124 -0.599035 0.756663 3.15682 -0.389549 -0.0417479 3.20193 -0.405291 0.349774 3.19694 -0.41771 0.753296 3.20961 
-0.37769 -0.67551 2.96445 -0.50164 -0.576805 3.15926 -0.654576 -0.580436 3.06924 -0.701691 -0.287128 3.1711 -0.68555 -0.033323 3.10334 -0.349194 -0.586566 3.24555 -0.29263 -0.302553 3.25635 -0.261985 -0.0637687 3.2157 -0.498278 -0.0393222 3.15696 -0.598559 -0.0351229 3.09233 -0.592943 0.36173 3.12182 -0.598983 0.75664 3.15687 -0.389056 -0.0416174 3.19731 -0.405346 0.353928 3.20234 -0.417654 0.753247 3.20984 
-0.394165 -0.678269 2.96229 -0.501644 -0.57677 3.15935 -0.654566 -0.580421 3.06954 -0.69776 -0.290151 3.18126 -0.685712 -0.0332218 3.10978 -0.349286 -0.583842 3.24173 -0.292021 -0.30284 3.26384 -0.258636 -0.0655055 3.21675 -0.498333 -0.0350429 3.15683 -0.5986 -0.0351296 3.09228 -0.592914 0.362417 3.12197 -0.598919 0.756621 3.15705 -0.389181 -0.0398208 3.19698 -0.405264 0.351943 3.2025 -0.417633 0.753244 3.20987 
-0.397702 -0.677321 2.95573 -0.501578 -0.576759 3.15952 -0.65461 -0.578829 3.06919 -0.694237 -0.286697 3.18004 -0.685749 -0.0364846 3.11011 -0.349323 -0.584092 3.24507 -0.292 -0.304505 3.26436 -0.259438 -0.0648622 3.21174 -0.501931 -0.0371043 3.15702 -0.598566 -0.0351664 3.09229 -0.592922 0.35903 3.12186 -0.598919 0.753996 3.1571 -0.389229 -0.0380313 3.19711 -0.405171 0.356402 3.20271 -0.417617 0.75324 3.20993 
-0.39641 -0.678074 2.96041 -0.506607 -0.578704 3.15951 -0.663213 -0.579009 3.06953 -0.698822 -0.302214 3.1822 -0.68188 -0.048288 3.10942 -0.353952 -0.582511 3.24482 -0.291073 -0.30059 3.26123 -0.259869 -0.0668037 3.20509 -0.502007 -0.0345576 3.15688 -0.602072 -0.0302738 3.09221 -0.592866 0.361417 3.12197 -0.598857 0.753971 3.1573 -0.392751 -0.0349946 3.19351 -0.404772 0.353848 3.19831 -0.417584 0.753237 3.20999 
-0.413966 -0.677115 2.94944 -0.506635 -0.578709 3.1592 -0.663148 -0.576652 3.07027 -0.698804 -0.302257 3.18211 -0.685186 -0.047876 3.10385 -0.353804 -0.585096 3.24004 -0.295967 -0.30597 3.26034 -0.260703 -0.0657172 3.18514 -0.502257 -0.0362067 3.15617 -0.602085 -0.0319136 3.09251 -0.592893 0.359595 3.12191 -0.599268 0.753538 3.1622 -0.392855 -0.0386481 3.19716 -0.404688 0.353819 3.19854 -0.417585 0.753264 3.20993 
-0.410371 -0.675202 2.95307 -0.510186 -0.576889 3.15934 -0.663148 -0.576657 3.07018 -0.702664 -0.302618 3.18347 -0.685296 -0.0522465 3.10404 -0.35419 -0.582539 3.24458 -0.296989 -0.305579 3.25733 -0.260081 -0.0694062 3.16405 -0.502134 -0.0381539 3.15661 -0.602131 -0.0337506 3.09255 -0.592799 0.358775 3.12205 -0.599253 0.753551 3.16224 -0.3892 -0.0416184 3.1969 -0.404675 0.353985 3.19863 -0.417592 0.753256 3.20997 
-0.417035 -0.675061 2.94625 -0.51022 -0.576813 3.1595 -0.663195 -0.579025 3.07061 -0.698378 -0.305188 3.18872 -0.6852 -0.048558 3.10383 -0.349493 -0.585121 3.24313 -0.296489 -0.302937 3.25549 -0.259115 -0.0685642 3.16712 -0.502101 -0.0382441 3.15682 -0.602083 -0.0337973 3.09272 -0.593066 0.360853 3.12118 -0.599282 0.753538 3.16214 -0.388958 -0.0435821 3.19806 -0.405165 0.347477 3.19139 -0.417658 0.753202 3.20987 
-0.419207 -0.675016 2.94391 -0.513894 -0.575085 3.15966 -0.66688 -0.577204 3.07054 -0.698364 -0.301783 3.18853 -0.685178 -0.0486522 3.1039 -0.349593 -0.583405 3.24309 -0.296765 -0.300267 3.25475 -0.258237 -0.0681092 3.16953 -0.502362 -0.0363056 3.15636 -0.602238 -0.0319831 3.09243 -0.593086 0.360919 3.1213 -0.599275 0.753549 3.16216 -0.392974 -0.0386438 3.19713 -0.410002 0.348966 3.19162 -0.417657 0.753211 3.20988 
-0.419031 -0.675032 2.94421 -0.513785 -0.577426 3.15864 -0.670365 -0.577134 3.07116 -0.702943 -0.306147 3.19012 -0.685306 -0.0486413 3.10402 -0.352987 -0.583417 3.24337 -0.298825 -0.303086 3.25294 -0.256319 -0.0679592 3.16739 -0.505811 -0.0379911 3.15716 -0.605468 -0.0338856 3.09465 -0.596479 0.362873 3.12193 -0.594581 0.754631 3.16215 -0.392451 -0.042367 3.19448 -0.408808 0.350429 3.19133 -0.417533 0.753228 3.21016 
-0.434948 -0.67451 2.93379 -0.513699 -0.57713 3.1554 -0.670457 -0.577107 3.07078 -0.702688 -0.299075 3.18311 -0.682185 -0.0481293 3.10962 -0.357132 -0.585174 3.24083 -0.302382 -0.30636 3.24887 -0.257251 -0.0661381 3.15288 -0.510756 -0.038444 3.15714 -0.609167 -0.0358749 3.09436 -0.600797 0.366229 3.12313 -0.594049 0.755117 3.15706 -0.397691 -0.0409408 3.19388 -0.414227 0.351503 3.19554 -0.417458 0.753241 3.21008 
-0.434946 -0.674528 2.93367 -0.513799 -0.575354 3.1553 -0.678914 -0.577242 3.07123 -0.698261 -0.301643 3.18186 -0.690388 -0.0489819 3.11224 -0.3527 -0.584996 3.24062 -0.302387 -0.306367 3.24899 -0.256662 -0.0665434 3.15627 -0.510783 -0.0340404 3.15686 -0.609165 -0.029605 3.09404 -0.600833 0.366218 3.12305 -0.594069 0.755111 3.15703 -0.393067 -0.0368912 3.19375 -0.414191 0.35153 3.19566 -0.417439 0.753224 3.21012 
-0.421454 -0.671609 2.94332 -0.518862 -0.575607 3.15517 -0.683977 -0.575157 3.07188 -0.702778 -0.299105 3.18311 -0.690461 -0.0451414 3.11207 -0.357597 -0.587872 3.24414 -0.302857 -0.31054 3.24704 -0.260167 -0.0657963 3.1559 -0.51468 -0.0342527 3.15637 -0.612901 -0.031779 3.09413 -0.601107 0.362188 3.12242 -0.594143 0.755104 3.15692 -0.402886 -0.0379151 3.19391 -0.418885 0.348763 3.19611 -0.412576 0.754184 3.21039 
-0.42088 -0.672591 2.95182 -0.522849 -0.577099 3.15978 -0.683958 -0.576314 3.08707 -0.702842 -0.302652 3.18318 -0.694571 -0.0451754 3.1134 -0.357793 -0.585658 3.23793 -0.30071 -0.318976 3.25347 -0.258861 -0.0655967 3.16776 -0.51474 -0.0360302 3.15624 -0.613162 -0.0309677 3.09625 -0.601184 0.357837 3.12235 -0.5942 0.755085 3.15694 -0.40625 -0.0419561 3.19443 -0.41889 0.349162 3.19047 -0.41251 0.75424 3.21042 
-0.417563 -0.672655 2.95277 -0.522959 -0.577104 3.1595 -0.679173 -0.578411 3.0868 -0.702922 -0.295971 3.18292 -0.694603 -0.0415716 3.11323 -0.357913 -0.585609 3.2377 -0.296554 -0.31874 3.25294 -0.264563 -0.0699483 3.16607 -0.514785 -0.0412269 3.1565 -0.6133 -0.0363287 3.09583 -0.601365 0.359547 3.12198 -0.594142 0.75509 3.15708 -0.406326 -0.0445547 3.19474 -0.418938 0.349051 3.19087 -0.412602 0.751761 3.21049 
-0.423152 -0.672659 2.95375 -0.522432 -0.576824 3.15726 -0.679101 -0.578369 3.08686 -0.702758 -0.295589 3.1765 -0.694329 -0.045487 3.10669 -0.357308 -0.585558 3.23014 -0.295464 -0.318538 3.25599 -0.262251 -0.0714249 3.17241 -0.514887 -0.0411414 3.1564 -0.613435 -0.0362122 3.09534 -0.600943 0.361115 3.12338 -0.594007 0.755117 3.15747 -0.406559 -0.0444524 3.19425 -0.417991 0.352476 3.19344 -0.412535 0.751733 3.21065 
-0.433183 -0.673801 2.94146 -0.522624 -0.576809 3.15728 -0.682481 -0.576558 3.08766 -0.70644 -0.288411 3.17709 -0.69454 -0.0381595 3.10624 -0.357621 -0.585558 3.22973 -0.301024 -0.321774 3.25346 -0.267662 -0.0712294 3.17001 -0.514957 -0.0412701 3.15611 -0.613273 -0.0390087 3.09248 -0.601122 0.361199 3.12319 -0.594002 0.755112 3.1575 -0.406513 -0.0470842 3.19469 -0.418296 0.35262 3.19242 -0.412533 0.751722 3.21066 
-0.447877 -0.669306 2.92837 -0.522807 -0.576815 3.15743 -0.688361 -0.574136 3.09105 -0.706537 -0.292234 3.17734 -0.694576 -0.0311741 3.10559 -0.362043 -0.584846 3.23917 -0.303651 -0.314825 3.24586 -0.27134 -0.0695198 3.15423 -0.514947 -0.0431061 3.15657 -0.613316 -0.0408318 3.09672 -0.601148 0.358528 3.12316 -0.594274 0.754642 3.16285 -0.40671 -0.0488351 3.19444 -0.418203 0.350275 3.19265 -0.417172 0.750709 3.21081 
-0.434411 -0.677506 2.94838 -0.522815 -0.576813 3.15734 -0.688215 -0.574177 3.09126 -0.706497 -0.292121 3.17711 -0.69424 -0.0416371 3.09954 -0.362191 -0.583138 3.23878 -0.305171 -0.316116 3.24239 -0.277336 -0.0729609 3.14915 -0.519611 -0.0462424 3.15651 -0.616652 -0.0406967 3.0976 -0.600942 0.355864 3.1237 -0.594295 0.754635 3.16279 -0.406689 -0.0507408 3.19465 -0.418184 0.350373 3.1927 -0.417222 0.75075 3.21071 
-0.437052 -0.676892 2.95253 -0.522968 -0.574948 3.15723 -0.688028 -0.572223 3.08277 -0.70651 -0.291875 3.17704 -0.697954 -0.0417257 3.10068 -0.36659 -0.584858 3.23916 -0.305104 -0.313054 3.24246 -0.277596 -0.068523 3.14879 -0.519459 -0.0462714 3.15692 -0.613183 -0.0410825 3.09723 -0.600931 0.356684 3.12395 -0.594272 0.754656 3.16283 -0.406604 -0.0507027 3.1946 -0.418064 0.354469 3.19279 -0.417203 0.750749 3.21074 
-0.435295 -0.678425 2.95426 -0.53114 -0.576888 3.15771 -0.688374 -0.574306 3.08631 -0.706516 -0.292243 3.17706 -0.698029 -0.0451359 3.10084 -0.366477 -0.583814 3.23824 -0.312453 -0.320766 3.2456 -0.282209 -0.0721072 3.14427 -0.523122 -0.0396573 3.15623 -0.621193 -0.0364976 3.08776 -0.600697 0.361925 3.12831 -0.594063 0.757853 3.16702 -0.411597 -0.0457093 3.19404 -0.41317 0.356224 3.19318 -0.417035 0.748927 3.2112 
-0.44515 -0.676748 2.94831 -0.53112 -0.575084 3.15777 -0.691668 -0.572126 3.08317 -0.706604 -0.292145 3.17696 -0.69798 -0.0454413 3.10068 -0.366847 -0.583578 3.24288 -0.312838 -0.320695 3.24453 -0.283273 -0.0707049 3.14135 -0.523135 -0.0413844 3.15636 -0.621461 -0.0346763 3.09018 -0.601987 0.365009 3.12445 -0.59401 0.757858 3.16715 -0.411631 -0.0448257 3.1941 -0.413235 0.358855 3.19292 -0.417097 0.748962 3.21101 
-0.437636 -0.678317 2.95966 -0.530867 -0.575142 3.15855 -0.691859 -0.57436 3.08863 -0.706538 -0.292112 3.17697 -0.698026 -0.0454751 3.10061 -0.366778 -0.583616 3.24333 -0.306569 -0.315899 3.24853 -0.278807 -0.0704499 3.14021 -0.523162 -0.0413326 3.15635 -0.621545 -0.0362739 3.09008 -0.602006 0.362169 3.12466 -0.593918 0.75788 3.16751 -0.411655 -0.0430046 3.19391 -0.413524 0.35637 3.1879 -0.417407 0.751003 3.21023 
-0.437843 -0.678077 2.95908 -0.531009 -0.575092 3.15832 -0.691621 -0.576365 3.08381 -0.706505 -0.292011 3.17696 -0.69802 -0.0417275 3.10033 -0.36693 -0.583543 3.24315 -0.312366 -0.31774 3.24592 -0.286063 -0.0671908 3.14302 -0.523268 -0.0420427 3.15604 -0.621607 -0.0354228 3.08994 -0.606128 0.358706 3.12328 -0.601533 0.758017 3.16344 -0.411773 -0.0411962 3.19352 -0.400603 0.356219 3.17567 -0.417379 0.750351 3.20647 
-0.440909 -0.677661 2.95501 -0.530886 -0.575031 3.15862 -0.691657 -0.574718 3.08364 -0.706531 -0.291813 3.17678 -0.698049 -0.0380186 3.10009 -0.366815 -0.580009 3.24345 -0.312563 -0.313358 3.24534 -0.287475 -0.0660888 3.13801 -0.523172 -0.0376417 3.15617 -0.6217 -0.0327024 3.09304 -0.605924 0.373295 3.12159 -0.601681 0.757705 3.16696 -0.41146 -0.0368314 3.19421 -0.396194 0.364096 3.16958 -0.417579 0.748666 3.20604 
-0.436564 -0.679188 2.95347 -0.530736 -0.575064 3.15885 -0.691803 -0.572718 3.08875 -0.711018 -0.292845 3.17202 -0.697967 -0.0417143 3.1002 -0.366803 -0.580067 3.24331 -0.308393 -0.316103 3.25675 -0.279587 -0.0700652 3.15023 -0.519614 -0.0330302 3.15625 -0.617996 -0.0305763 3.09419 -0.601951 0.369621 3.12268 -0.60159 0.757255 3.17372 -0.406358 -0.0379716 3.18883 -0.391189 0.360476 3.159 -0.412603 0.748939 3.20574 
-0.419914 -0.686918 2.95609 -0.522742 -0.574616 3.15458 -0.687677 -0.570338 3.07397 -0.70632 -0.287637 3.17017 -0.694375 -0.0310184 3.09838 -0.365813 -0.582025 3.23066 -0.303115 -0.320245 3.2621 -0.277881 -0.0759 3.17291 -0.510629 -0.0401097 3.15179 -0.60574 -0.0365981 3.0939 -0.600307 0.366872 3.11424 -0.601655 0.759182 3.17336 -0.397164 -0.0451498 3.18962 -0.387893 0.353182 3.14966 -0.417183 0.747654 3.20585 
-0.443443 -0.681391 2.92022 -0.522501 -0.574558 3.15451 -0.687728 -0.568843 3.07754 -0.706128 -0.280468 3.16975 -0.69776 -0.0240027 3.09913 -0.364981 -0.583974 3.22623 -0.302719 -0.321639 3.26676 -0.275138 -0.0763547 3.1837 -0.501933 -0.0371798 3.15203 -0.602215 -0.0286696 3.09624 -0.594889 0.370334 3.10498 -0.597285 0.760739 3.16634 -0.388708 -0.0397174 3.19198 -0.383805 0.358451 3.14649 -0.417376 0.751593 3.20553 
-0.44151 -0.671192 2.92016 -0.522431 -0.572128 3.15387 -0.687676 -0.570408 3.0761 -0.710006 -0.281292 3.15556 -0.697738 -0.0274069 3.09943 -0.35703 -0.579539 3.23133 -0.299146 -0.318647 3.26832 -0.268375 -0.0702844 3.18756 -0.489468 -0.0324098 3.15156 -0.597847 -0.0305744 3.08835 -0.577393 0.370448 3.06625 -0.597647 0.757581 3.14671 -0.384608 -0.0420224 3.19253 -0.381961 0.359033 3.14493 -0.417599 0.750658 3.20532 
-0.434619 -0.667419 2.91153 -0.513137 -0.563256 3.14895 -0.668589 -0.551043 3.06251 -0.711069 -0.26469 3.12982 -0.701067 -0.0041896 3.04683 -0.350402 -0.564674 3.23169 -0.296311 -0.293379 3.29173 -0.256389 -0.0641168 3.19733 -0.467988 -0.0281071 3.15202 -0.584308 -0.0233454 3.09114 -0.557204 0.368155 3.02269 -0.593591 0.75659 3.13967 -0.369499 -0.031024 3.19666 -0.352224 0.356734 3.10891 -0.411229 0.75311 3.20776 
-0.398614 -0.665916 2.94009 -0.503648 -0.543028 3.14707 -0.65464 -0.531132 3.05802 -0.722018 -0.235757 3.08218 -0.714163 0.0118931 2.99889 -0.34622 -0.555648 3.22123 -0.287421 -0.283514 3.302 -0.23901 -0.0645697 3.2292 -0.463672 -0.0175227 3.14896 -0.571124 -0.0132551 3.08884 -0.556258 0.389733 3.01368 -0.598005 0.758817 3.1427 -0.361578 -0.0219348 3.20088 -0.319681 0.35852 3.08235 -0.404055 0.733553 3.18648 
-0.411973 -0.626098 2.9149 -0.500501 -0.526505 3.14589 -0.646066 -0.515074 3.05637 -0.722492 -0.222752 3.08845 -0.708937 0.0363924 2.99122 -0.347828 -0.5443 3.22158 -0.282962 -0.266961 3.31802 -0.233659 -0.0460252 3.2211 -0.460077 -0.00429715 3.1502 -0.557029 -0.00181713 3.08723 -0.556403 0.393526 3.01512 -0.592939 0.757497 3.12675 -0.357446 -0.0122647 3.20632 -0.285927 0.348297 3.04157 -0.391455 0.703155 3.16434 
-0.389347 -0.606784 2.90016 -0.483132 -0.50186 3.13475 -0.633775 -0.487662 3.02899 -0.717547 -0.190914 3.06592 -0.710669 0.0593021 3.00958 -0.336262 -0.518003 3.23313 -0.279919 -0.243752 3.3096 -0.216278 -0.0244063 3.22518 -0.44285 3.63689e-05 3.16879 -0.535685 0.00851108 3.10528 -0.561011 0.391662 2.96486 -0.592015 0.748608 3.13575 -0.342407 -0.00616607 3.23757 -0.216755 0.305909 2.99756 -0.386714 0.63549 3.15156 
-0.374349 -0.594897 2.92239 -0.460321 -0.483081 3.13059 -0.618705 -0.462254 3.01963 -0.693246 -0.169544 3.04808 -0.707171 0.0793253 3.00828 -0.330997 -0.495477 3.24649 -0.269056 -0.226562 3.3219 -0.206472 -0.00594729 3.22055 -0.428768 0.0102795 3.18197 -0.52781 0.0246864 3.12836 -0.563572 0.403364 2.95837 -0.591487 0.738307 3.13159 -0.325468 0.000644253 3.2486 -0.152948 0.256947 2.96081 -0.366408 0.537115 3.14482 
-0.351134 -0.592981 2.91812 -0.446621 -0.47437 3.12866 -0.575285 -0.461985 3.01754 -0.654693 -0.150238 3.02297 -0.674871 0.0938468 2.99711 -0.296078 -0.486319 3.24864 -0.250082 -0.227508 3.33439 -0.154011 0.0120081 3.32027 -0.415677 0.00357899 3.19461 -0.518733 0.0218536 3.14759 -0.554567 0.394723 2.9494 -0.585565 0.755717 3.13393 -0.307393 -0.00820418 3.26955 -0.100067 0.191906 2.93673 -0.317912 0.425432 3.17559 
-0.294039 -0.60702 2.94069 -0.406004 -0.490689 3.12518 -0.546347 -0.482061 3.0092 -0.62313 -0.181733 3.00916 -0.651033 0.0657928 2.96267 -0.275565 -0.497426 3.26163 -0.208134 -0.237381 3.37722 -0.126146 -0.00293114 3.36014 -0.385972 -0.0147831 3.19991 -0.481413 -0.000909461 3.14725 -0.536419 0.374965 2.9716 -0.584181 0.759293 3.12023 -0.28668 -0.0242446 3.27557 -0.0594287 0.135643 2.95626 -0.241928 0.339632 3.21486 
-0.227128 -0.672305 2.97302 -0.351789 -0.552615 3.15363 -0.477527 -0.547422 3.0267 -0.58977 -0.284501 3.05151 -0.62109 -0.0370339 2.99973 -0.216446 -0.557354 3.26454 -0.162144 -0.308618 3.40718 -0.0699114 -0.0735489 3.41638 -0.356413 -0.0734476 3.20638 -0.446399 -0.0568345 3.15433 -0.489779 0.354079 3.03861 -0.579259 0.750035 3.13303 -0.248083 -0.0827737 3.28403 0.0133855 0.0991349 3.00508 -0.143954 0.332974 3.25525 
-0.219981 -0.699213 2.97604 -0.301311 -0.605937 3.17407 -0.451611 -0.60303 3.05801 -0.565222 -0.337644 3.08483 -0.590282 -0.0896827 3.03319 -0.183424 -0.602172 3.29522 -0.128676 -0.356239 3.43047 -0.0471658 -0.127349 3.43184 -0.318703 -0.107997 3.21635 -0.424005 -0.100851 3.15567 -0.46405 0.316505 3.06659 -0.561522 0.703379 3.1389 -0.221926 -0.120555 3.28667 0.0439485 0.104988 3.05801 -0.0768053 0.393705 3.27357 
-0.181499 -0.712576 3.00114 -0.285865 -0.632865 3.19181 -0.414923 -0.632258 3.08088 -0.554922 -0.371293 3.10935 -0.582849 -0.116325 3.0518 -0.129554 -0.639993 3.29873 -0.095007 -0.399044 3.43694 -0.00611126 -0.145239 3.43455 -0.28065 -0.135466 3.22126 -0.37502 -0.121955 3.16272 -0.453987 0.289632 3.06343 -0.558202 0.680136 3.12679 -0.167019 -0.146784 3.28749 0.0639832 0.120622 3.07753 -0.0167834 0.457088 3.28702 
-0.105869 -0.752779 3.01604 -0.220833 -0.664542 3.20343 -0.35748 -0.662802 3.10228 -0.483565 -0.416301 3.22374 -0.530378 -0.155628 3.17496 -0.0649987 -0.663412 3.30408 -0.0228246 -0.412479 3.44313 0.0535138 -0.184042 3.44682 -0.211057 -0.156629 3.23716 -0.307571 -0.151561 3.16791 -0.378196 0.233693 3.01043 -0.50936 0.588894 3.18026 -0.10707 -0.157843 3.29661 0.0859483 0.19803 3.16171 0.0828594 0.590519 3.30318 
-0.0945845 -0.716438 3.01592 -0.176363 -0.657248 3.22111 -0.318648 -0.650255 3.13723 -0.441325 -0.399781 3.25806 -0.509209 -0.13349 3.26276 -0.0401433 -0.65339 3.31186 0.0102618 -0.407818 3.45563 0.08447 -0.152427 3.44437 -0.1842 -0.142391 3.23336 -0.290902 -0.143509 3.16922 -0.316897 0.208451 2.96253 -0.463383 0.482858 3.23614 -0.0668113 -0.137759 3.30909 0.0764789 0.257766 3.22779 0.120932 0.659235 3.32551 
-0.056041 -0.703044 3.04926 -0.146164 -0.631166 3.24148 -0.296216 -0.634388 3.1665 -0.413124 -0.382628 3.28537 -0.493618 -0.114007 3.28735 0.000735289 -0.634629 3.3189 0.0439465 -0.382847 3.46146 0.117161 -0.132123 3.44095 -0.147505 -0.115267 3.24835 -0.25689 -0.121927 3.17569 -0.293277 0.192696 2.93361 -0.405788 0.407225 3.27632 -0.053517 -0.117121 3.32091 0.0664667 0.303037 3.27065 0.131541 0.719382 3.35409 
-0.0103336 -0.636456 3.05463 -0.0849876 -0.568465 3.26119 -0.233774 -0.56299 3.18712 -0.342553 -0.318131 3.30386 -0.443159 -0.0557488 3.31729 0.06081 -0.570157 3.33143 0.112935 -0.296465 3.45213 0.176741 -0.0694978 3.4307 -0.0946956 -0.0559901 3.26294 -0.191615 -0.0565303 3.18932 -0.194833 0.188591 2.90201 -0.286115 0.334128 3.27419 0.0106679 -0.0431469 3.32317 0.109594 0.365857 3.27828 0.135407 0.754828 3.37144 
-0.0153685 -0.622814 3.04253 -0.0584732 -0.53224 3.27826 -0.215615 -0.537682 3.20123 -0.322183 -0.269741 3.3438 -0.403448 -0.00579401 3.37472 0.103201 -0.523686 3.34216 0.137601 -0.259694 3.42789 0.217353 -0.0329354 3.4155 -0.062885 -0.0211041 3.28823 -0.18011 -0.0308266 3.22101 -0.149076 0.196037 2.9046 -0.211308 0.332061 3.29504 0.0373408 -0.0178673 3.35014 0.152618 0.356636 3.24939 0.135196 0.759097 3.36595 
0.0377926 -0.590604 3.05941 -0.0425576 -0.514368 3.28348 -0.192629 -0.518729 3.20297 -0.266936 -0.260161 3.34698 -0.3591 0.00704949 3.37329 0.120997 -0.514279 3.34603 0.171921 -0.242537 3.42064 0.244446 -0.00126649 3.36101 -0.0536195 -0.00534839 3.29976 -0.149338 -0.0162016 3.22871 -0.0830317 0.218934 2.92792 -0.112512 0.40339 3.3014 0.0506388 -0.00541328 3.36359 0.176456 0.364486 3.24283 0.135057 0.761368 3.36578 
0.0634774 -0.578563 3.07409 -0.00585803 -0.51332 3.29089 -0.16738 -0.519014 3.20536 -0.251768 -0.256471 3.35189 -0.29323 0.00803813 3.40645 0.144667 -0.512515 3.36172 0.169805 -0.233904 3.39638 0.24184 0.00562718 3.3288 -0.0213413 -0.00747025 3.31541 -0.124395 -0.00876076 3.24572 -0.0486092 0.259797 2.97699 -0.0511418 0.52111 3.27388 0.084926 -0.00595811 3.38319 0.177393 0.369232 3.2671 0.1365 0.754914 3.36749 
0.0970113 -0.58386 3.09076 0.00330287 -0.520142 3.2958 -0.146759 -0.527236 3.20896 -0.227046 -0.271397 3.36278 -0.238991 -0.00692369 3.39673 0.163272 -0.520444 3.37302 0.19009 -0.244586 3.44026 0.264636 -0.0210425 3.34501 -0.00364825 -0.00803284 3.31667 -0.104192 -0.0126456 3.25019 -0.0196607 0.290614 3.00834 -0.0115733 0.605189 3.26445 0.104859 -0.010981 3.38133 0.176313 0.36701 3.26988 0.140977 0.747684 3.36781 
0.0967532 -0.616507 3.08984 0.0158481 -0.529269 3.30016 -0.135594 -0.535913 3.2091 -0.208933 -0.267874 3.34516 -0.194725 0.00219289 3.36395 0.173836 -0.536865 3.39173 0.20658 -0.265855 3.47427 0.260391 -0.0599494 3.35229 0.0306372 -0.0168234 3.31809 -0.087889 -0.0133399 3.25727 0.00122453 0.355575 3.12605 -0.000649278 0.712674 3.30121 0.118652 -0.0203714 3.38337 0.176502 0.359603 3.26553 0.13711 0.751337 3.37751 
0.100889 -0.618323 3.09269 0.0160175 -0.529143 3.30017 -0.127232 -0.531689 3.21247 -0.190784 -0.254576 3.32816 -0.190412 0.00621012 3.33031 0.174422 -0.532858 3.39295 0.227799 -0.267554 3.48232 0.274086 -0.067612 3.41386 0.0425479 -0.010308 3.31962 -0.060525 -0.00181312 3.25957 0.00985864 0.380103 3.15698 0.00439788 0.744176 3.33029 0.153337 -0.0131589 3.38305 0.185373 0.380378 3.24324 0.141649 0.754488 3.36825 
0.0856783 -0.611447 3.09007 0.0279644 -0.518573 3.29907 -0.12739 -0.507659 3.20926 -0.183305 -0.239955 3.31136 -0.177368 0.0279721 3.29466 0.182424 -0.530503 3.39283 0.235069 -0.262705 3.48583 0.297502 -0.0509158 3.44318 0.0510658 -0.00179532 3.32027 -0.05194 0.00387743 3.26926 0.0148701 0.382696 3.15239 0.00847822 0.750084 3.32894 0.164758 -0.00730676 3.38574 0.188625 0.375211 3.23223 0.137516 0.743681 3.36259 
0.0876678 -0.586942 3.0881 0.0355559 -0.500556 3.29776 -0.11886 -0.48703 3.20901 -0.157078 -0.205047 3.31042 -0.139199 0.0677352 3.26058 0.182848 -0.514867 3.39657 0.243611 -0.247659 3.48483 0.307605 -0.0303126 3.4395 0.0738325 0.0110317 3.32132 -0.0285809 0.0141942 3.26942 0.0188752 0.392514 3.13946 0.00348857 0.74622 3.3194 0.177094 0.0054355 3.38493 0.231778 0.383666 3.22413 0.133479 0.730965 3.35958 
0.084872 -0.572869 3.08415 0.043298 -0.47627 3.2976 -0.117987 -0.462142 3.21737 -0.152352 -0.153074 3.19771 -0.150763 0.102908 3.17006 0.186349 -0.493804 3.39976 0.248072 -0.229815 3.47567 0.308309 0.00107245 3.44292 0.0945005 0.0330323 3.3378 -0.0198027 0.0441878 3.28427 0.0198109 0.395268 3.13811 0.0035128 0.747153 3.33775 0.18577 0.0253729 3.40232 0.251755 0.380207 3.18981 0.129875 0.700298 3.34348 
0.0923857 -0.56507 3.09391 0.0476815 -0.458866 3.29672 -0.109976 -0.433035 3.21542 -0.149491 -0.130597 3.18103 -0.146703 0.126922 3.11554 0.186639 -0.476908 3.3956 0.251459 -0.210392 3.47406 0.315345 0.00934464 3.44934 0.110709 0.0461536 3.34893 0.00261061 0.0500241 3.29717 0.0194921 0.402075 3.15967 0.00179791 0.74105 3.33431 0.207305 0.0331951 3.41641 0.27562 0.365461 3.15713 0.129324 0.652489 3.33907 
0.0996418 -0.544809 3.09469 0.0692392 -0.445245 3.30328 -0.0665837 -0.414261 3.2199 -0.112784 -0.115805 3.16531 -0.108539 0.148688 3.08409 0.211048 -0.464638 3.39962 0.291956 -0.204122 3.5035 0.354674 0.0263745 3.43538 0.119302 0.0426511 3.38163 0.0235398 0.0483144 3.32014 0.034738 0.398816 3.12692 0.0107479 0.718606 3.33596 0.236669 0.0324219 3.4333 0.349372 0.286054 3.13305 0.160598 0.55515 3.36361 
0.126966 -0.559347 3.10055 0.0870746 -0.448062 3.31295 -0.0580117 -0.413977 3.21939 -0.108745 -0.113548 3.15625 -0.0838798 0.144088 3.0546 0.231443 -0.464732 3.40187 0.311512 -0.211475 3.51919 0.377175 0.00969738 3.43223 0.136763 0.0388767 3.38629 0.0356917 0.0496336 3.32033 0.0384384 0.393973 3.12666 0.00725915 0.751638 3.33235 0.24439 0.0194055 3.43251 0.406571 0.260136 3.12676 0.17906 0.471967 3.38704 
0.14187 -0.565768 3.11188 0.110744 -0.457971 3.3167 -0.0422022 -0.427835 3.21961 -0.0703808 -0.13078 3.16466 -0.0556778 0.108903 3.05027 0.244322 -0.475439 3.40598 0.32447 -0.218123 3.52455 0.423784 0.00584997 3.44809 0.153168 0.0155049 3.38698 0.0425997 0.0336668 3.3275 0.0424596 0.390527 3.13985 0.0111061 0.757491 3.33053 0.24914 -2.52804e-06 3.43426 0.465916 0.203372 3.13419 0.228773 0.406279 3.42216 
0.236014 -0.656655 3.14723 0.166478 -0.530829 3.33721 0.0318987 -0.512688 3.23663 -0.0549661 -0.22955 3.21119 -0.00971164 -0.0209978 3.1064 0.295619 -0.54644 3.4581 0.406759 -0.299545 3.55378 0.5277 -0.074713 3.51523 0.184858 -0.051831 3.39401 0.0932707 -0.0368665 3.33568 0.0797933 0.351051 3.20742 0.0108525 0.7381 3.32903 0.289778 -0.070578 3.47011 0.571118 0.127182 3.23465 0.353484 0.368195 3.46245 
0.262413 -0.697617 3.16014 0.190447 -0.582039 3.35765 0.0491123 -0.563916 3.26 -0.0472475 -0.290844 3.25294 0.0105921 -0.066951 3.13908 0.349669 -0.598668 3.46538 0.449849 -0.336401 3.5656 0.558359 -0.146532 3.49234 0.241106 -0.0925808 3.39658 0.12325 -0.0831024 3.33431 0.108714 0.312764 3.20746 0.0101619 0.714509 3.3038 0.333754 -0.107089 3.46714 0.604317 0.127699 3.28641 0.437986 0.424608 3.48648 
0.316372 -0.728971 3.19211 0.250266 -0.629198 3.38926 0.103963 -0.615133 3.28064 -0.00501889 -0.344888 3.28858 0.0187632 -0.11531 3.18521 0.40379 -0.64674 3.47859 0.506838 -0.405983 3.5823 0.606865 -0.206371 3.51228 0.293932 -0.137761 3.39974 0.181754 -0.124096 3.32486 0.171195 0.255294 3.21515 0.0659445 0.640463 3.28057 0.400467 -0.151518 3.47634 0.61765 0.160193 3.31206 0.534864 0.513045 3.49876 
0.343342 -0.746676 3.20912 0.2923 -0.661881 3.40309 0.124496 -0.649267 3.32195 0.0361982 -0.394094 3.41538 0.0451598 -0.141653 3.31256 0.447572 -0.669729 3.5077 0.5199 -0.421928 3.60517 0.628396 -0.222003 3.53012 0.313855 -0.151425 3.42971 0.208343 -0.143593 3.35515 0.186266 0.203214 3.16542 0.106676 0.544952 3.33222 0.439627 -0.152995 3.50427 0.605928 0.204076 3.38987 0.581876 0.603768 3.54675 
0.364212 -0.740719 3.21636 0.315275 -0.657948 3.41803 0.155476 -0.64768 3.34623 0.0442312 -0.390586 3.43085 0.0443819 -0.135525 3.35604 0.460188 -0.666286 3.5031 0.567148 -0.41393 3.61351 0.642619 -0.209625 3.5413 0.354971 -0.151462 3.43394 0.243038 -0.152801 3.36471 0.24083 0.165489 3.1213 0.150278 0.47618 3.35051 0.45572 -0.148964 3.50451 0.582898 0.250531 3.4507 0.606048 0.666702 3.56798 
0.400749 -0.725184 3.24201 0.376897 -0.613281 3.45461 0.205495 -0.60006 3.38218 0.0997517 -0.362324 3.48146 0.0494935 -0.0915477 3.44836 0.523926 -0.62279 3.51277 0.592375 -0.358992 3.6209 0.693122 -0.156782 3.54675 0.389056 -0.110518 3.45934 0.301039 -0.113955 3.39288 0.306937 0.142064 3.09994 0.254853 0.395984 3.38359 0.503133 -0.112425 3.52236 0.574156 0.325201 3.51276 0.616179 0.741097 3.59276 
0.435986 -0.678202 3.26455 0.388352 -0.556361 3.46893 0.238017 -0.547719 3.40214 0.128834 -0.308423 3.5282 0.0699375 -0.0491159 3.49608 0.563643 -0.561642 3.53262 0.621926 -0.29539 3.61674 0.692653 -0.076059 3.54296 0.421987 -0.0561693 3.48847 0.312898 -0.0583493 3.41321 0.346998 0.166375 3.10385 0.317658 0.413123 3.39567 0.522577 -0.0479314 3.55007 0.585519 0.378111 3.52418 0.610005 0.768404 3.6204 
0.462447 -0.660971 3.28105 0.41395 -0.540522 3.47851 0.251412 -0.533333 3.40842 0.149833 -0.287119 3.54228 0.0916822 -0.0225111 3.53625 0.580591 -0.545195 3.54123 0.63908 -0.262528 3.59644 0.692814 -0.0270838 3.53426 0.443365 -0.0327169 3.49801 0.328564 -0.0347483 3.42409 0.394453 0.193008 3.13117 0.376986 0.455438 3.4268 0.547896 -0.0342141 3.56341 0.612047 0.381324 3.51564 0.610391 0.77059 3.62038 
0.519199 -0.630027 3.30028 0.443996 -0.530329 3.48292 0.276299 -0.525845 3.41203 0.208533 -0.265243 3.53419 0.150792 -0.0119219 3.53677 0.596914 -0.534189 3.55722 0.616949 -0.233838 3.56586 0.68564 -0.00416111 3.54771 0.460441 -0.0214281 3.50831 0.357592 -0.022469 3.43398 0.462251 0.25495 3.1601 0.453797 0.552011 3.44352 0.573871 -0.0216469 3.57278 0.649976 0.376852 3.4967 0.6144 0.762882 3.61538 
0.531266 -0.631355 3.31787 0.447467 -0.525402 3.51671 0.292323 -0.522802 3.42411 0.21297 -0.270189 3.53426 0.191877 -0.0250486 3.53168 0.609001 -0.523979 3.58641 0.640122 -0.238252 3.63546 0.692836 -0.00635265 3.56255 0.476808 -0.0136299 3.51503 0.375474 -0.00291547 3.44344 0.484037 0.316393 3.25946 0.476637 0.66919 3.47877 0.58674 -0.0161722 3.58515 0.653499 0.382624 3.49645 0.615278 0.757292 3.6134 
0.528511 -0.630988 3.31307 0.452046 -0.531203 3.51721 0.300661 -0.524701 3.4234 0.243067 -0.262248 3.52985 0.253548 0.0169823 3.51362 0.617556 -0.535053 3.59173 0.647904 -0.247979 3.64361 0.69982 -0.0133353 3.56416 0.489913 -0.0134269 3.51488 0.387846 -0.00190108 3.44764 0.514544 0.358289 3.31095 0.506465 0.731358 3.5058 0.598255 -0.0223221 3.58416 0.658122 0.367084 3.49722 0.615369 0.754741 3.62223 
0.524946 -0.63078 3.31191 0.452049 -0.531282 3.52117 0.305108 -0.526349 3.41913 0.25321 -0.278878 3.51298 0.27038 0.00179857 3.46581 0.618024 -0.537362 3.59645 0.649922 -0.256029 3.66446 0.706581 -0.0288727 3.5712 0.501955 -0.0157162 3.52316 0.391871 -0.00558208 3.46096 0.51537 0.384951 3.37815 0.510308 0.756648 3.54681 0.610511 -0.0235815 3.58864 0.657193 0.376853 3.52056 0.610362 0.764666 3.62037 
0.523846 -0.631512 3.31406 0.451935 -0.529433 3.51719 0.300775 -0.524734 3.42345 0.237981 -0.240509 3.45037 0.246999 0.0181416 3.38146 0.617771 -0.539649 3.59609 0.648926 -0.257786 3.66258 0.702755 -0.0365647 3.58134 0.510272 -0.0150733 3.52241 0.404481 -0.00709024 3.45722 0.511144 0.38612 3.3925 0.514259 0.756935 3.55574 0.619055 -0.0286481 3.59549 0.656689 0.367219 3.52491 0.614361 0.76315 3.62042 
0.497604 -0.628313 3.30042 0.455626 -0.535749 3.51691 0.300534 -0.524946 3.43608 0.2408 -0.240211 3.44778 0.30095 -0.0027958 3.36759 0.622855 -0.54856 3.5896 0.660661 -0.264923 3.65365 0.72916 -0.0368083 3.58274 0.509928 -0.0173971 3.52691 0.404718 -0.011627 3.46665 0.499648 0.372296 3.38 0.510089 0.7455 3.5386 0.610415 -0.0322011 3.59188 0.647465 0.367833 3.52446 0.614073 0.756696 3.62055 
0.493948 -0.625342 3.29827 0.451548 -0.535252 3.5079 0.297462 -0.527499 3.45152 0.240244 -0.240369 3.45283 0.301434 -0.0132138 3.34216 0.618216 -0.545247 3.55813 0.637665 -0.246681 3.582 0.728847 -0.0188405 3.56539 0.501281 -0.0201476 3.52683 0.392511 -0.0131276 3.47131 0.488741 0.358014 3.33512 0.507125 0.715595 3.51715 0.601381 -0.0288654 3.59193 0.644428 0.363792 3.52006 0.610938 0.757611 3.62077 
0.485063 -0.620979 3.29361 0.447302 -0.522429 3.50775 0.288011 -0.515156 3.46201 0.227582 -0.228941 3.45186 0.279105 -0.00594032 3.32918 0.612565 -0.535697 3.54428 0.652196 -0.232886 3.56161 0.745522 -0.0107792 3.55936 0.483721 -0.0161362 3.52663 0.383631 -0.00348491 3.4661 0.481042 0.335083 3.3045 0.484357 0.649543 3.51654 0.588909 -0.021096 3.59198 0.649296 0.366196 3.51225 0.61491 0.755392 3.61583 
0.468229 -0.607715 3.28433 0.446205 -0.505225 3.50629 0.274074 -0.501628 3.46055 0.194992 -0.209078 3.45664 0.262536 -0.00143348 3.3296 0.600297 -0.516924 3.53931 0.672941 -0.233065 3.5555 0.752157 0.000271782 3.51808 0.467458 -0.0151011 3.5272 0.362259 -0.00609218 3.46956 0.462312 0.287883 3.25628 0.446271 0.578569 3.53838 0.581464 -0.0136211 3.59279 0.653742 0.369918 3.4831 0.61015 0.765043 3.61504 
0.461762 -0.591446 3.28058 0.43912 -0.491944 3.5027 0.259954 -0.491285 3.47321 0.185744 -0.191837 3.46635 0.246481 0.0167629 3.34389 0.591641 -0.500721 3.53001 0.682424 -0.215372 3.51496 0.758647 0.0109126 3.46184 0.446913 -0.00600056 3.53088 0.337602 -0.00800293 3.47562 0.432111 0.246353 3.18592 0.388749 0.433879 3.51583 0.568739 -0.0128774 3.5838 0.648536 0.387103 3.46784 0.611743 0.773366 3.60821 
0.420043 -0.598624 3.26158 0.418984 -0.500828 3.49206 0.251504 -0.500706 3.48914 0.183765 -0.231982 3.53696 0.205585 0.0106274 3.39427 0.579433 -0.511732 3.51807 0.671528 -0.253267 3.50555 0.74818 -0.0335578 3.44697 0.421687 -0.021214 3.52477 0.3163 -0.0154883 3.46568 0.368104 0.186144 3.16521 0.338007 0.358747 3.51933 0.538095 -0.0201653 3.56653 0.613261 0.378431 3.47135 0.611367 0.773439 3.60813 
0.370718 -0.642545 3.25628 0.380873 -0.536422 3.47043 0.215704 -0.533353 3.46637 0.141365 -0.257908 3.53433 0.14019 -0.00486409 3.40536 0.544679 -0.555082 3.49708 0.644449 -0.310975 3.5033 0.721065 -0.0893488 3.40204 0.397663 -0.051708 3.51357 0.295806 -0.0561934 3.45904 0.276981 0.127949 3.13649 0.247586 0.326596 3.48605 0.508363 -0.0452245 3.54768 0.580093 0.360392 3.5145 0.611424 0.764669 3.61674 
0.345391 -0.695087 3.23874 0.356727 -0.597596 3.4575 0.186353 -0.582071 3.425 0.11641 -0.300543 3.49087 0.0872595 -0.0438499 3.42403 0.515866 -0.617842 3.47065 0.623281 -0.392677 3.54073 0.693414 -0.175946 3.44272 0.379419 -0.100868 3.47965 0.269972 -0.104519 3.424 0.248544 0.102951 3.13586 0.186873 0.390222 3.38438 0.487777 -0.100308 3.52768 0.540713 0.319934 3.50656 0.607394 0.726028 3.6004 
0.314723 -0.713339 3.21019 0.314949 -0.635487 3.45466 0.147277 -0.617895 3.41839 0.068368 -0.341723 3.48183 0.0136254 -0.089141 3.45402 0.474979 -0.650599 3.47467 0.601173 -0.43542 3.57279 0.652947 -0.21657 3.46741 0.340352 -0.14489 3.47132 0.226667 -0.1394 3.41312 0.189951 0.138455 3.14881 0.116896 0.45679 3.37394 0.446525 -0.139374 3.52769 0.516402 0.27368 3.46373 0.578947 0.660258 3.60968 
0.262678 -0.733305 3.19402 0.264761 -0.653937 3.42101 0.104209 -0.639857 3.38259 0.0197198 -0.364043 3.48259 -0.0441197 -0.102141 3.44674 0.434062 -0.66429 3.46701 0.541752 -0.441022 3.58493 0.599573 -0.223485 3.4944 0.300825 -0.14791 3.45591 0.177514 -0.143161 3.39895 0.121487 0.192229 3.19203 0.0378429 0.575405 3.35001 0.393147 -0.150005 3.50546 0.527599 0.239553 3.41053 0.510015 0.585805 3.61896 
0.229247 -0.716265 3.16948 0.233918 -0.624591 3.39886 0.0678265 -0.613496 3.32082 -0.0262025 -0.354205 3.41687 -0.093672 -0.0926169 3.38061 0.388347 -0.637919 3.46184 0.487238 -0.384389 3.58346 0.569176 -0.147883 3.56124 0.242689 -0.130102 3.42416 0.141803 -0.11278 3.38067 0.0838293 0.315125 3.28357 -0.00781231 0.706604 3.3615 0.355743 -0.139053 3.47667 0.523856 0.215812 3.27785 0.417681 0.451033 3.59596 
0.189909 -0.662481 3.16212 0.170527 -0.585716 3.39379 0.0094567 -0.578338 3.31325 -0.0819154 -0.308374 3.39259 -0.130138 -0.0389926 3.3768 0.321796 -0.589837 3.4579 0.386939 -0.326079 3.58017 0.463552 -0.0849628 3.57298 0.180801 -0.0651881 3.39298 0.0825829 -0.0503105 3.3487 0.0366346 0.358844 3.28288 -0.0514569 0.745703 3.39766 0.299208 -0.0769543 3.44315 0.496764 0.213028 3.21161 0.290053 0.361539 3.56371 
0.172189 -0.649223 3.15263 0.142744 -0.546951 3.37216 -0.00481738 -0.541777 3.29803 -0.0945095 -0.272441 3.3776 -0.152465 -0.0188562 3.32393 0.309321 -0.557401 3.45012 0.353665 -0.301395 3.56261 0.442695 -0.0523125 3.56819 0.169759 -0.0406274 3.39208 0.0522587 -0.0321021 3.34549 0.020288 0.377493 3.27473 -0.0517917 0.748404 3.39805 0.258424 -0.0558535 3.44074 0.472884 0.22469 3.21377 0.246988 0.329004 3.53748 
0.150344 -0.606741 3.13479 0.107585 -0.525685 3.3517 -0.0535594 -0.514418 3.27324 -0.140884 -0.228049 3.3105 -0.171472 0.0187116 3.20792 0.252361 -0.5347 3.415 0.310942 -0.291944 3.53847 0.370105 -0.0502604 3.53982 0.118529 -0.0272187 3.39199 0.0297469 -0.0170621 3.34541 0.0095012 0.375162 3.22377 -0.0522867 0.752192 3.38627 0.24138 -0.037321 3.44532 0.414567 0.228224 3.21371 0.172821 0.368859 3.4654 
0.113985 -0.60077 3.11711 0.0711115 -0.52297 3.33791 -0.0784649 -0.507749 3.25693 -0.172808 -0.226474 3.28468 -0.158226 0.0187331 3.19013 0.235969 -0.539556 3.40246 0.303336 -0.301551 3.53031 0.337443 -0.0683558 3.52743 0.109866 -0.0260737 3.38651 0.00606815 -0.0185008 3.32717 0.00495937 0.37619 3.21318 -0.0517359 0.747981 3.38789 0.224343 -0.0336894 3.44059 0.356061 0.243537 3.18122 0.152421 0.445644 3.44506 
0.0921025 -0.609158 3.0876 0.0566181 -0.530976 3.31217 -0.109655 -0.51201 3.24183 -0.183934 -0.226891 3.28172 -0.15783 0.00603689 3.17693 0.219018 -0.558683 3.39111 0.293965 -0.315845 3.51008 0.33276 -0.0972565 3.46782 0.104737 -0.0305036 3.37623 -0.0116152 -0.0188929 3.31802 0.00504408 0.373469 3.23661 -0.0476713 0.738259 3.3965 0.206935 -0.0368783 3.40765 0.338018 0.293717 3.21804 0.137687 0.558986 3.40995 
0.0549472 -0.637949 3.083 0.0316624 -0.546488 3.30414 -0.126997 -0.5248 3.24051 -0.197788 -0.242027 3.27602 -0.164169 -0.00903693 3.17733 0.182016 -0.573593 3.37831 0.272604 -0.327777 3.49324 0.346082 -0.123559 3.43957 0.0934519 -0.0369368 3.36986 -0.0246494 -0.0281844 3.31833 -0.000515974 0.360361 3.24874 -0.0407142 0.738107 3.38938 0.185542 -0.0519895 3.399 0.248985 0.328955 3.22052 0.140894 0.673794 3.3966 
0.0330794 -0.636738 3.05792 0.0159432 -0.552311 3.30087 -0.143138 -0.537222 3.24561 -0.201228 -0.241905 3.27853 -0.163778 -0.00886592 3.18204 0.177328 -0.577956 3.36124 0.27381 -0.341108 3.48686 0.370608 -0.128597 3.42284 0.0730298 -0.037821 3.35314 -0.0289748 -0.0278142 3.30888 0.0063119 0.364758 3.25551 -0.0275656 0.746564 3.40063 0.177055 -0.0520789 3.39457 0.217241 0.342927 3.23685 0.148336 0.712077 3.36216 
0.0122221 -0.634794 3.05056 0.00462004 -0.550527 3.29563 -0.158894 -0.53076 3.24555 -0.206242 -0.237461 3.29927 -0.19105 -0.000638908 3.19736 0.169254 -0.572732 3.33549 0.286789 -0.331313 3.45851 0.370376 -0.144661 3.31069 0.056157 -0.0411293 3.34605 -0.0366436 -0.029048 3.29273 0.0141429 0.363671 3.19494 -0.029241 0.725284 3.38712 0.16874 -0.0539169 3.39081 0.183906 0.35123 3.26796 0.144598 0.731381 3.36682 
-0.000642218 -0.625696 3.0474 -0.00302341 -0.533281 3.29245 -0.165221 -0.51386 3.24353 -0.21663 -0.23539 3.33926 -0.196973 0.016893 3.25543 0.162098 -0.554859 3.32223 0.29956 -0.336878 3.40956 0.376181 -0.151823 3.25258 0.0341916 -0.0293824 3.33556 -0.0746247 -0.0218516 3.28714 -0.0023645 0.320476 3.10385 -0.00517423 0.663981 3.3336 0.123042 -0.0338657 3.39194 0.175605 0.354219 3.26437 0.136454 0.739017 3.37266 
-0.0073167 -0.622806 3.05209 -0.0119276 -0.518777 3.28985 -0.182218 -0.506231 3.26056 -0.236865 -0.231314 3.32824 -0.223625 0.00911873 3.24801 0.147835 -0.539843 3.31614 0.290477 -0.331879 3.35141 0.390148 -0.165502 3.19202 0.00960864 -0.0187492 3.32143 -0.0998291 -0.0185598 3.27179 -0.0114733 0.285683 3.06143 -0.0174477 0.586461 3.30487 0.112695 -0.0247559 3.3797 0.176955 0.361038 3.25884 0.136557 0.750412 3.37704 
-0.0213975 -0.630538 3.04848 -0.0379867 -0.54321 3.28157 -0.195513 -0.534945 3.26234 -0.252529 -0.230908 3.35149 -0.257644 -0.0024282 3.28929 0.121725 -0.559139 3.29588 0.284517 -0.390609 3.33292 0.379288 -0.249352 3.15967 -0.026009 -0.0491268 3.3183 -0.13907 -0.0470048 3.25735 -0.0463135 0.190329 2.97203 -0.0358944 0.420684 3.25404 0.0776461 -0.0503149 3.3691 0.134551 0.355123 3.27259 0.135797 0.755828 3.37646 
-0.0710785 -0.654125 3.03724 -0.0679735 -0.593135 3.26553 -0.23527 -0.586878 3.24014 -0.306576 -0.310272 3.33642 -0.322432 -0.0764735 3.26508 0.087698 -0.61486 3.2799 0.260842 -0.462933 3.37735 0.321452 -0.306493 3.18247 -0.0624043 -0.0902946 3.3033 -0.175489 -0.090072 3.25476 -0.116278 0.115061 2.93742 -0.112407 0.322111 3.25906 0.0408693 -0.0911541 3.35074 0.102469 0.340683 3.30418 0.132077 0.731008 3.3777 
-0.126001 -0.719579 3.02125 -0.118312 -0.652243 3.2485 -0.284946 -0.632443 3.21312 -0.342677 -0.381443 3.35187 -0.357117 -0.116239 3.28491 0.0419311 -0.663113 3.2731 0.209591 -0.51387 3.37238 0.279556 -0.326224 3.21884 -0.11199 -0.154224 3.29634 -0.203751 -0.157278 3.23583 -0.188218 0.0722758 2.9294 -0.207032 0.308439 3.24898 0.00499934 -0.145529 3.35128 0.0704345 0.296273 3.3207 0.131752 0.703728 3.34163 
-0.159177 -0.7543 2.97756 -0.163729 -0.695559 3.21241 -0.327376 -0.670125 3.17604 -0.394016 -0.421297 3.31925 -0.391008 -0.151597 3.25611 -0.00193374 -0.713399 3.26043 0.159767 -0.572553 3.4312 0.227803 -0.363682 3.33465 -0.138832 -0.200862 3.28795 -0.256721 -0.202944 3.2232 -0.276509 0.0601922 2.93812 -0.299787 0.339021 3.21292 -0.0374522 -0.199327 3.34891 0.0501792 0.208185 3.24453 0.109983 0.620168 3.34834 
-0.169919 -0.767784 2.96144 -0.200937 -0.712235 3.20976 -0.359586 -0.686683 3.17287 -0.437903 -0.428941 3.29298 -0.439806 -0.164575 3.26085 -0.0377692 -0.727106 3.26964 0.0801751 -0.560509 3.44 0.158553 -0.3534 3.38761 -0.18847 -0.215728 3.28476 -0.292424 -0.220145 3.21445 -0.330829 0.103554 2.9663 -0.415336 0.435283 3.17725 -0.0654701 -0.212413 3.34008 0.0502654 0.17646 3.2032 0.0464376 0.554128 3.35483 
-0.19725 -0.761074 2.96181 -0.21626 -0.709446 3.2055 -0.383195 -0.689078 3.14276 -0.500607 -0.405977 3.23122 -0.513157 -0.123868 3.0993 -0.0542363 -0.722766 3.26543 0.0320624 -0.550818 3.45641 0.122682 -0.326749 3.44951 -0.217545 -0.217308 3.27943 -0.322506 -0.213921 3.21687 -0.381729 0.146593 3.00468 -0.479732 0.520382 3.15031 -0.117213 -0.21898 3.34 0.0494327 0.138382 3.1397 -0.0181094 0.484856 3.35203 
-0.211464 -0.740467 2.95654 -0.262027 -0.66962 3.20187 -0.418747 -0.659049 3.11801 -0.525081 -0.410248 3.23208 -0.553732 -0.147108 3.18143 -0.101709 -0.676359 3.27576 -0.0342832 -0.480465 3.47331 0.0400624 -0.25704 3.49679 -0.268069 -0.168901 3.25509 -0.38014 -0.167239 3.21774 -0.44567 0.25734 3.08407 -0.537105 0.66221 3.1208 -0.168471 -0.175492 3.29563 0.0430899 0.10107 3.07501 -0.143359 0.340074 3.32133 
-0.231956 -0.687677 2.94686 -0.294949 -0.621911 3.18463 -0.451161 -0.613998 3.10588 -0.601321 -0.362372 3.16767 -0.653803 -0.115543 3.07904 -0.141371 -0.630891 3.26589 -0.0966289 -0.423832 3.4675 -0.0153114 -0.190963 3.50139 -0.320632 -0.118963 3.25348 -0.429082 -0.110001 3.20099 -0.467933 0.318615 3.12498 -0.565901 0.72872 3.15267 -0.214747 -0.126959 3.29414 0.0101732 0.114498 3.03826 -0.233497 0.339198 3.30464 
-0.258489 -0.639775 2.94726 -0.33693 -0.563377 3.17475 -0.471425 -0.561292 3.08529 -0.648801 -0.300127 3.14759 -0.686696 -0.0699616 3.0428 -0.187699 -0.568887 3.25736 -0.128657 -0.348226 3.44537 -0.0575562 -0.1255 3.48856 -0.359794 -0.0625189 3.24804 -0.452578 -0.0559867 3.19071 -0.497552 0.366504 3.11752 -0.577507 0.761998 3.17793 -0.259735 -0.0707794 3.2869 -0.0422531 0.181437 3.01981 -0.280933 0.366641 3.25226 
-0.272997 -0.60896 2.92848 -0.361657 -0.505611 3.16702 -0.507996 -0.506706 3.0815 -0.689201 -0.258251 3.12218 -0.730383 -0.0323109 3.01617 -0.219721 -0.514584 3.2354 -0.192844 -0.269002 3.40507 -0.120154 -0.0278589 3.42598 -0.378619 -0.0161421 3.24116 -0.482656 -0.0143745 3.18346 -0.52168 0.377111 3.03969 -0.573999 0.740671 3.17993 -0.286838 -0.0156573 3.28191 -0.129256 0.251559 3.00562 -0.362604 0.519523 3.22874 
-0.291115 -0.608224 2.92816 -0.380541 -0.494859 3.16878 -0.525055 -0.490243 3.0781 -0.699687 -0.234749 3.10444 -0.751627 -0.0105263 3.00285 -0.229381 -0.504095 3.23201 -0.195498 -0.253855 3.37554 -0.128311 -0.00836671 3.371 -0.393107 -0.010729 3.23267 -0.502844 -0.0115145 3.18057 -0.544261 0.384694 3.03318 -0.575432 0.753407 3.18029 -0.295507 -0.00564015 3.28218 -0.17934 0.309043 3.03837 -0.377732 0.585873 3.21323 
-0.315241 -0.616596 2.92841 -0.384525 -0.497152 3.16891 -0.541301 -0.495352 3.08844 -0.699588 -0.233413 3.11299 -0.736902 -0.0228091 2.98851 -0.228455 -0.507893 3.21798 -0.196648 -0.238659 3.32893 -0.190164 -0.00434234 3.20922 -0.423224 -0.0046109 3.23063 -0.526139 -0.00201898 3.16157 -0.545231 0.400274 3.04399 -0.584762 0.75545 3.17827 -0.304511 -0.00207699 3.27909 -0.278471 0.373039 3.07349 -0.412071 0.70815 3.21149 
-0.319255 -0.633153 2.93009 -0.389072 -0.50431 3.16751 -0.548602 -0.510002 3.08956 -0.699104 -0.241618 3.11798 -0.722433 -0.0268563 2.99079 -0.233598 -0.50906 3.22641 -0.193987 -0.24365 3.31954 -0.19036 -0.0182433 3.14812 -0.431739 -0.0132679 3.21772 -0.53481 -0.00672777 3.15404 -0.541274 0.393088 3.04542 -0.585788 0.759781 3.18524 -0.330731 -0.00744513 3.2795 -0.305428 0.386462 3.11815 -0.432638 0.752503 3.23482 
-0.325234 -0.671316 2.9483 -0.389576 -0.524872 3.17625 -0.543068 -0.531954 3.10631 -0.690721 -0.263895 3.12974 -0.673488 -0.0543534 3.01154 -0.233146 -0.52236 3.23401 -0.197712 -0.252856 3.31178 -0.199996 -0.0353165 3.1288 -0.438159 -0.0121663 3.21011 -0.53373 -0.0119338 3.15174 -0.53484 0.380878 3.05272 -0.585656 0.759751 3.17993 -0.347355 -0.0106905 3.25893 -0.358191 0.389038 3.13463 -0.447128 0.767642 3.23766 
-0.328053 -0.681642 2.96587 -0.389591 -0.540861 3.1768 -0.547793 -0.540304 3.10008 -0.690654 -0.275084 3.14069 -0.660354 -0.0624874 3.01776 -0.237682 -0.531854 3.24346 -0.194374 -0.252104 3.31381 -0.191873 -0.0533088 3.12426 -0.437574 -0.0191494 3.20568 -0.533045 -0.0178151 3.15375 -0.538854 0.376266 3.05608 -0.585887 0.755897 3.17969 -0.347534 -0.0152538 3.25862 -0.35899 0.381065 3.14268 -0.443586 0.766747 3.23663 
-0.322185 -0.702609 2.98137 -0.385349 -0.548246 3.17875 -0.543855 -0.5489 3.11111 -0.665844 -0.289965 3.17577 -0.643375 -0.0649254 3.04691 -0.237952 -0.54109 3.25897 -0.200217 -0.260939 3.32177 -0.185719 -0.0523988 3.12788 -0.433042 -0.027271 3.20232 -0.532713 -0.0278969 3.15492 -0.53675 0.362358 3.07227 -0.586888 0.746862 3.17758 -0.346397 -0.0207756 3.25674 -0.359138 0.374903 3.14852 -0.443657 0.762437 3.24233 
-0.314914 -0.70159 2.99591 -0.390211 -0.555373 3.18723 -0.544054 -0.562791 3.12237 -0.640609 -0.30299 3.19149 -0.609375 -0.0728069 3.06306 -0.243412 -0.54858 3.27106 -0.205052 -0.270024 3.3256 -0.201064 -0.0692108 3.1429 -0.429254 -0.0298686 3.19231 -0.531824 -0.0373744 3.14386 -0.528668 0.372299 3.08867 -0.592299 0.75069 3.18013 -0.329024 -0.0232365 3.25294 -0.359565 0.379287 3.15125 -0.448357 0.762989 3.2458 
-0.303235 -0.695623 2.99647 -0.395207 -0.555562 3.19563 -0.548076 -0.561068 3.13143 -0.634857 -0.290286 3.18069 -0.613617 -0.0674487 3.05424 -0.243603 -0.5466 3.27098 -0.206534 -0.265424 3.32792 -0.196831 -0.0654178 3.14243 -0.429831 -0.0252939 3.19979 -0.524711 -0.0265164 3.15311 -0.52829 0.381584 3.09306 -0.587779 0.74961 3.18556 -0.325985 -0.0229117 3.2597 -0.354598 0.376009 3.1421 -0.443702 0.761293 3.24227 
-0.296582 -0.681469 3.00194 -0.404332 -0.544085 3.19574 -0.547989 -0.55472 3.12697 -0.632998 -0.271235 3.1743 -0.615767 -0.0453475 3.05226 -0.257817 -0.535848 3.27584 -0.213733 -0.253834 3.34379 -0.202522 -0.0440857 3.18585 -0.425682 -0.0152711 3.20978 -0.524851 -0.0163918 3.15521 -0.528205 0.389279 3.07159 -0.587163 0.756206 3.18696 -0.318211 -0.0139551 3.26467 -0.318764 0.373206 3.09748 -0.430532 0.728401 3.22475 
-0.304142 -0.639801 2.97809 -0.401142 -0.516029 3.19987 -0.539968 -0.524476 3.10433 -0.632602 -0.2354 3.12779 -0.614358 0.00589475 3.03856 -0.261962 -0.511223 3.30375 -0.216145 -0.234576 3.37633 -0.203335 -0.00599271 3.19361 -0.421756 -0.00246464 3.21929 -0.517827 5.54778e-05 3.16293 -0.527428 0.392998 3.05204 -0.586124 0.750625 3.18477 -0.313184 -0.00278625 3.27804 -0.263088 0.326276 3.02965 -0.407588 0.609038 3.21172 
-0.301597 -0.623579 2.99725 -0.391552 -0.50595 3.19931 -0.527373 -0.513554 3.09133 -0.627796 -0.234914 3.11593 -0.61843 0.020214 3.03825 -0.253136 -0.505419 3.30929 -0.208821 -0.222496 3.38954 -0.177521 -0.00762794 3.23432 -0.409162 -0.000755745 3.22692 -0.510243 -0.000871876 3.16337 -0.521947 0.395798 3.04742 -0.583967 0.758284 3.17809 -0.304512 -0.00363097 3.28756 -0.223397 0.27893 3.00694 -0.38799 0.537447 3.21674 
-0.249551 -0.629386 3.01747 -0.371084 -0.511251 3.19893 -0.508017 -0.516238 3.08529 -0.609709 -0.235861 3.09763 -0.624382 0.00752241 3.03136 -0.243308 -0.505417 3.31429 -0.197869 -0.231523 3.40893 -0.132907 -0.0264067 3.2954 -0.382037 -0.014159 3.24305 -0.482998 -0.00682646 3.1752 -0.520883 0.39692 3.06723 -0.580967 0.7703 3.17861 -0.290504 -0.0131202 3.28994 -0.139228 0.189288 2.96427 -0.326257 0.425753 3.23317 
-0.215765 -0.639257 3.02486 -0.351123 -0.543147 3.20327 -0.459958 -0.544861 3.08599 -0.601211 -0.272476 3.0978 -0.620367 -0.041326 3.02468 -0.202454 -0.53561 3.31839 -0.163715 -0.267869 3.44051 -0.090296 -0.0644048 3.35059 -0.363602 -0.055878 3.24867 -0.45633 -0.0398977 3.19198 -0.500992 0.384124 3.10437 -0.583112 0.767998 3.18271 -0.267833 -0.0640316 3.30009 -0.0518437 0.102494 2.97192 -0.22687 0.353208 3.258 
-0.18671 -0.667773 3.0314 -0.317625 -0.559143 3.20716 -0.450715 -0.569884 3.10567 -0.59727 -0.324751 3.10365 -0.616751 -0.0969121 3.03034 -0.190832 -0.549893 3.32399 -0.131219 -0.297637 3.48577 -0.0555305 -0.100553 3.36929 -0.358817 -0.0760821 3.25453 -0.448451 -0.0706075 3.19602 -0.481963 0.365299 3.13055 -0.577061 0.749883 3.18302 -0.259076 -0.0840483 3.30572 0.00811333 0.0866774 2.99718 -0.161664 0.338015 3.28153 
-0.17008 -0.708207 3.03582 -0.276212 -0.611899 3.2163 -0.392794 -0.628212 3.11419 -0.576677 -0.389005 3.14544 -0.585189 -0.155663 3.05273 -0.129156 -0.603053 3.33001 -0.0656913 -0.358402 3.50512 0.0033924 -0.154625 3.40709 -0.299876 -0.110582 3.2576 -0.399824 -0.103411 3.1945 -0.454537 0.327238 3.14302 -0.54089 0.723772 3.18483 -0.212657 -0.125843 3.30916 0.0622779 0.101042 3.08979 -0.0819405 0.409968 3.28023 
-0.0965586 -0.750541 3.07363 -0.227229 -0.656358 3.26375 -0.368289 -0.6705 3.1605 -0.540223 -0.466359 3.26599 -0.561869 -0.218969 3.19363 -0.0854118 -0.644166 3.35434 -0.0247237 -0.415414 3.51339 0.0498967 -0.198367 3.42174 -0.258023 -0.149782 3.26361 -0.360954 -0.141627 3.20145 -0.405432 0.283943 3.1118 -0.524528 0.671916 3.16409 -0.139143 -0.153474 3.32077 0.0904928 0.13842 3.12944 0.0116176 0.499543 3.31242 
-0.0499213 -0.765708 3.08099 -0.18685 -0.671736 3.2642 -0.337292 -0.680908 3.17473 -0.479102 -0.469446 3.29737 -0.541716 -0.216993 3.25269 -0.0309411 -0.654942 3.3532 0.0263406 -0.433017 3.5165 0.088037 -0.221769 3.42629 -0.199912 -0.156079 3.27008 -0.321164 -0.154656 3.20812 -0.36491 0.242748 3.0686 -0.485509 0.612135 3.19023 -0.0947682 -0.160961 3.32905 0.101465 0.182478 3.19352 0.0989473 0.593558 3.33478 
-0.0542974 -0.718022 3.07364 -0.132227 -0.652032 3.2681 -0.285115 -0.660798 3.19419 -0.430015 -0.452613 3.32837 -0.510672 -0.208983 3.30241 0.00883809 -0.64751 3.35208 0.0641427 -0.419563 3.51881 0.126359 -0.203497 3.42533 -0.153794 -0.140648 3.28349 -0.259636 -0.148376 3.20783 -0.313178 0.187903 2.99633 -0.419778 0.505421 3.20743 -0.0497521 -0.138257 3.34624 0.086566 0.274514 3.27088 0.14142 0.685706 3.34213 
-0.00422067 -0.681069 3.08162 -0.0963416 -0.60301 3.28761 -0.253931 -0.604555 3.2072 -0.38643 -0.362007 3.33804 -0.472468 -0.0931388 3.38439 0.050595 -0.599585 3.36079 0.110985 -0.372544 3.5146 0.176688 -0.159124 3.43674 -0.114541 -0.0942564 3.29074 -0.203171 -0.101208 3.22291 -0.271524 0.157476 2.93445 -0.330921 0.391229 3.22019 -0.0185057 -0.0843671 3.35239 0.102858 0.344661 3.30482 0.145483 0.741655 3.40037 
0.00927377 -0.638522 3.08549 -0.0698095 -0.555508 3.28793 -0.221703 -0.558019 3.20709 -0.34444 -0.315066 3.36486 -0.452344 -0.0608969 3.40166 0.0826125 -0.555697 3.36138 0.135537 -0.322387 3.50998 0.207841 -0.119416 3.43129 -0.0819408 -0.0572087 3.30031 -0.185472 -0.0667039 3.22487 -0.227922 0.12673 2.92897 -0.26658 0.348167 3.2369 0.0285411 -0.0574482 3.37344 0.115258 0.366864 3.31448 0.139777 0.75854 3.40413 
0.0346231 -0.586536 3.08084 -0.0463689 -0.521483 3.29256 -0.193159 -0.527304 3.20626 -0.283454 -0.262575 3.35867 -0.363851 -0.000858559 3.42071 0.113837 -0.518933 3.36524 0.176977 -0.270408 3.48473 0.248902 -0.0469204 3.43269 -0.0485993 -0.0273151 3.31634 -0.136101 -0.0333349 3.2459 -0.167102 0.151989 2.92188 -0.144228 0.393394 3.21874 0.0544918 -0.0182467 3.38559 0.170423 0.366779 3.28012 0.136799 0.761514 3.39548 
0.0711017 -0.58115 3.08638 -0.0184744 -0.520254 3.29611 -0.177556 -0.52221 3.20892 -0.255305 -0.258263 3.39929 -0.30341 -0.00300504 3.44794 0.131383 -0.519746 3.36654 0.180659 -0.261078 3.48193 0.259163 -0.0372192 3.41909 -0.0244827 -0.015079 3.33238 -0.12911 -0.0224907 3.26848 -0.0999579 0.213046 2.95601 -0.0566284 0.481948 3.2586 0.0846351 -0.0108549 3.39655 0.170039 0.367635 3.29727 0.141228 0.761676 3.40028 
0.0924123 -0.584236 3.09745 -0.00943094 -0.529543 3.30117 -0.172328 -0.532795 3.21722 -0.23922 -0.270196 3.40457 -0.27566 -0.0136209 3.4198 0.142255 -0.532734 3.38625 0.184393 -0.272027 3.49482 0.257296 -0.0520825 3.42193 -0.01312 -0.0172182 3.32966 -0.116737 -0.0231572 3.26899 -0.0786362 0.264788 3.01564 -0.0265591 0.565574 3.26113 0.100096 -0.0143089 3.39507 0.170787 0.353777 3.30386 0.140306 0.756497 3.40398 
0.0962598 -0.603841 3.0936 0.00758661 -0.544333 3.30063 -0.146627 -0.546764 3.21272 -0.230392 -0.288463 3.39559 -0.238809 -0.0137879 3.39666 0.168143 -0.545546 3.3859 0.192713 -0.293355 3.50868 0.265822 -0.073289 3.43296 0.00943988 -0.0295624 3.34468 -0.105097 -0.0307492 3.27836 -0.0442754 0.331828 3.1234 -0.023536 0.700148 3.26713 0.110085 -0.0290391 3.41048 0.170652 0.357961 3.30866 0.141489 0.749873 3.40071 
0.0937342 -0.611984 3.0797 0.00748446 -0.544194 3.30054 -0.143024 -0.546845 3.213 -0.225876 -0.291578 3.35155 -0.230146 -0.0286274 3.34819 0.168375 -0.548058 3.39471 0.193304 -0.301799 3.52237 0.259113 -0.088258 3.44834 0.0148727 -0.0281925 3.34065 -0.092716 -0.0290127 3.28042 -0.0222557 0.35508 3.16587 -0.0329153 0.726991 3.29445 0.114254 -0.0313521 3.40509 0.170975 0.35818 3.30889 0.140566 0.74785 3.4001 
0.0878076 -0.617977 3.08823 0.00759458 -0.542009 3.30075 -0.139337 -0.538635 3.21306 -0.222483 -0.280029 3.32942 -0.19867 -0.00596429 3.33266 0.16885 -0.545908 3.39655 0.193029 -0.297322 3.53092 0.26036 -0.0812575 3.45011 0.0223749 -0.0210321 3.34408 -0.079483 -0.0133908 3.28421 -0.0136301 0.358743 3.19529 -0.0249443 0.729522 3.29942 0.118351 -0.026312 3.40463 0.173879 0.359744 3.30194 0.140811 0.750433 3.40033 
0.0756884 -0.602939 3.0717 0.015941 -0.529506 3.29598 -0.13057 -0.519272 3.21035 -0.202642 -0.24923 3.32245 -0.193138 0.0183617 3.28234 0.173829 -0.537434 3.40157 0.188776 -0.295436 3.5264 0.263397 -0.0800748 3.47601 0.0417986 -0.0178949 3.34294 -0.0614999 -0.0114788 3.28256 -0.00940011 0.369314 3.18107 -0.0239612 0.728127 3.29694 0.143592 -0.0213031 3.40456 0.183577 0.361337 3.27677 0.142471 0.747693 3.38396 
0.082926 -0.589007 3.09114 0.0160455 -0.523139 3.29932 -0.127611 -0.498032 3.20786 -0.212778 -0.222381 3.28381 -0.206827 0.0306378 3.23224 0.173923 -0.533115 3.40156 0.188772 -0.291294 3.52212 0.268001 -0.070033 3.48991 0.0454163 -0.0120195 3.3459 -0.0525673 -0.00140161 3.28207 0.000293017 0.377428 3.18032 -0.0237114 0.727213 3.30227 0.163409 -0.0199881 3.41622 0.188531 0.357181 3.26056 0.142189 0.742683 3.37879 
0.0827319 -0.579339 3.08799 0.0235133 -0.513923 3.30618 -0.122578 -0.490994 3.21254 -0.21346 -0.199077 3.20237 -0.216921 0.0560342 3.16289 0.174434 -0.528427 3.4061 0.206127 -0.273594 3.53483 0.28282 -0.0433896 3.49451 0.0541502 -0.00415431 3.3497 -0.0440672 0.00126754 3.28624 0.0102477 0.386199 3.17521 -0.0281999 0.731567 3.30527 0.171911 -0.0168863 3.4233 0.219816 0.357413 3.23719 0.133935 0.724799 3.37624 
0.0876232 -0.579333 3.09627 0.0384096 -0.50047 3.3086 -0.114588 -0.477871 3.21761 -0.177492 -0.185598 3.18728 -0.163201 0.0689965 3.11283 0.178314 -0.522753 3.41057 0.225758 -0.272989 3.53925 0.294242 -0.0472981 3.52209 0.0842917 -0.00391849 3.37821 -0.0211623 0.00547673 3.31259 0.0182447 0.387982 3.1627 -0.0278156 0.725474 3.3154 0.181677 -0.0140039 3.43614 0.266838 0.345012 3.22485 0.129109 0.678284 3.3522 
0.0908638 -0.578945 3.0955 0.0425733 -0.489817 3.31283 -0.0951053 -0.46562 3.21297 -0.154792 -0.171713 3.17757 -0.145598 0.077407 3.09823 0.182092 -0.522496 3.41801 0.233683 -0.268489 3.54709 0.300285 -0.037756 3.52166 0.101097 0.00294406 3.3824 -0.0159999 0.00993918 3.31737 0.022309 0.38806 3.15333 -0.0250233 0.725861 3.32321 0.193249 -0.0130485 3.45295 0.286131 0.317663 3.20133 0.124511 0.636213 3.3481 
0.121419 -0.581986 3.10846 0.0832722 -0.477323 3.32301 -0.0492989 -0.460005 3.20762 -0.111836 -0.175267 3.12344 -0.0862053 0.0606571 3.02883 0.210638 -0.506308 3.44315 0.246808 -0.248605 3.56351 0.335815 -0.0293841 3.54705 0.112906 -0.00698927 3.39361 0.0227673 0.00715028 3.33505 0.0333897 0.376927 3.17151 -0.0243103 0.732683 3.30912 0.217271 -0.018302 3.46293 0.406064 0.192985 3.15558 0.188187 0.455475 3.35415 
0.165428 -0.603314 3.12869 0.1063 -0.497609 3.32184 -0.0211119 -0.477082 3.20844 -0.0881093 -0.191753 3.11607 -0.0514194 0.0324493 2.99812 0.231464 -0.513106 3.43859 0.297588 -0.263338 3.57583 0.374201 -0.0489695 3.5635 0.117206 -0.0198745 3.40637 0.0304867 -0.00528009 3.34181 0.033173 0.379218 3.18014 -0.0285018 0.740009 3.29827 0.231829 -0.0346238 3.48285 0.453866 0.121332 3.15427 0.226717 0.397288 3.3743 
0.211549 -0.646121 3.14403 0.1194 -0.521652 3.32187 0.00876124 -0.503823 3.20753 -0.0813064 -0.240396 3.11414 -0.0193346 -0.0305406 2.98409 0.252803 -0.530839 3.44366 0.332609 -0.292163 3.60279 0.43217 -0.076384 3.58783 0.130537 -0.0305518 3.42263 0.0416614 -0.0210866 3.35642 0.0404719 0.374255 3.19385 -0.0236824 0.740226 3.29435 0.236362 -0.048665 3.49806 0.49816 0.0586632 3.16792 0.27371 0.346964 3.38423 
0.272599 -0.719263 3.17588 0.182661 -0.601964 3.33699 0.048293 -0.598488 3.23068 -0.0900934 -0.369859 3.15006 0.0179612 -0.175586 3.01986 0.315673 -0.606659 3.46441 0.432697 -0.398569 3.65525 0.545969 -0.186028 3.65236 0.177659 -0.100644 3.41483 0.0819455 -0.0904642 3.34964 0.0632306 0.344472 3.28027 -0.00267427 0.720146 3.27954 0.26958 -0.125635 3.47991 0.60012 -0.0172892 3.27682 0.388686 0.278377 3.41912 
0.298821 -0.744578 3.19305 0.225435 -0.648867 3.36014 0.088469 -0.647867 3.2541 -0.0950936 -0.433915 3.18807 0.0132051 -0.25081 3.06593 0.362649 -0.647918 3.47031 0.474185 -0.468546 3.6639 0.575014 -0.255582 3.66963 0.194813 -0.158384 3.40692 0.111042 -0.138618 3.33389 0.0890591 0.27471 3.28744 0.0140174 0.685927 3.28127 0.303524 -0.170546 3.4763 0.622614 0.000700053 3.31899 0.452557 0.316276 3.44234 
0.34175 -0.795713 3.20744 0.254339 -0.708374 3.39591 0.116773 -0.706058 3.28302 -0.0719417 -0.502196 3.29105 -0.0435983 -0.298416 3.14491 0.413201 -0.709756 3.49338 0.540549 -0.544149 3.69196 0.661319 -0.340709 3.69586 0.261848 -0.197568 3.43299 0.174441 -0.178395 3.35333 0.152936 0.218215 3.22656 0.0475382 0.610647 3.28989 0.370683 -0.210238 3.50341 0.637742 0.0568179 3.36115 0.518381 0.450262 3.50163 
0.36071 -0.800441 3.21846 0.301149 -0.719415 3.40422 0.138203 -0.715421 3.31974 -0.0542316 -0.511555 3.34123 -0.0469852 -0.292281 3.20161 0.448133 -0.731256 3.50825 0.561162 -0.553364 3.70362 0.687361 -0.357004 3.69576 0.304588 -0.204614 3.45133 0.186942 -0.194534 3.37768 0.18536 0.179775 3.18346 0.0791934 0.551714 3.32772 0.400704 -0.210096 3.5247 0.618895 0.118672 3.40769 0.565317 0.534452 3.5223 
0.397657 -0.795923 3.23385 0.318705 -0.719858 3.41084 0.167113 -0.709927 3.33343 -0.0504786 -0.500009 3.37314 -0.0589846 -0.267345 3.25407 0.465326 -0.73227 3.50528 0.590017 -0.561447 3.70805 0.71195 -0.367136 3.69555 0.325641 -0.201851 3.45659 0.237419 -0.203646 3.38186 0.248376 0.140209 3.14848 0.119184 0.48355 3.34594 0.438897 -0.200446 3.5253 0.615164 0.176931 3.43462 0.585872 0.604398 3.53061 
0.432037 -0.745491 3.25147 0.377365 -0.670232 3.4559 0.225968 -0.661126 3.37846 0.0404789 -0.451488 3.49212 -0.0309929 -0.212971 3.43896 0.523174 -0.676764 3.5156 0.631687 -0.504549 3.71057 0.745378 -0.318769 3.69427 0.384416 -0.153484 3.45963 0.292044 -0.158491 3.38543 0.298089 0.111296 3.09239 0.20904 0.389474 3.38386 0.493031 -0.145463 3.53221 0.577146 0.300252 3.51659 0.614454 0.717002 3.58696 
0.467716 -0.704408 3.25831 0.392578 -0.617443 3.45805 0.248252 -0.609693 3.38857 0.0776433 -0.396757 3.49418 -0.0219486 -0.123402 3.48587 0.550968 -0.634231 3.52589 0.660268 -0.452166 3.70972 0.758146 -0.255714 3.69365 0.409689 -0.107811 3.47662 0.313161 -0.1061 3.40175 0.339109 0.11451 3.08398 0.254021 0.366653 3.38366 0.514568 -0.09863 3.54684 0.581245 0.353422 3.52474 0.598563 0.761158 3.60409 
0.496007 -0.659582 3.2535 0.447983 -0.553346 3.46571 0.301059 -0.544515 3.39709 0.150041 -0.324443 3.53424 0.0701546 -0.087749 3.52309 0.605424 -0.564545 3.5324 0.691379 -0.349278 3.70023 0.803985 -0.13984 3.69217 0.459811 -0.0504491 3.48915 0.353637 -0.0524331 3.41746 0.404403 0.138681 3.09114 0.368786 0.401708 3.38293 0.56921 -0.0462714 3.55512 0.639686 0.366173 3.52011 0.59062 0.769023 3.60036 
0.538681 -0.615245 3.26664 0.476336 -0.539946 3.46969 0.313864 -0.530242 3.40127 0.217772 -0.290985 3.54233 0.16379 -0.0509929 3.5629 0.639091 -0.543123 3.54439 0.688183 -0.293636 3.66531 0.784173 -0.0603555 3.65742 0.497528 -0.0242878 3.49379 0.385705 -0.0294297 3.42156 0.471564 0.232463 3.15488 0.442914 0.546036 3.42291 0.589967 -0.0249435 3.56825 0.658132 0.370791 3.49712 0.590387 0.77227 3.59611 
0.554347 -0.614121 3.27551 0.489822 -0.54399 3.47426 0.322051 -0.534623 3.40118 0.243405 -0.293075 3.53956 0.215004 -0.0447004 3.5922 0.647857 -0.546909 3.5449 0.692101 -0.284721 3.6648 0.773204 -0.0573443 3.61955 0.502096 -0.0238998 3.49402 0.393452 -0.0264145 3.42353 0.495783 0.274842 3.18046 0.460873 0.612361 3.44079 0.601721 -0.0289391 3.56843 0.657745 0.364534 3.49741 0.594434 0.757486 3.59185 
0.591524 -0.616264 3.27642 0.514436 -0.550047 3.47366 0.349925 -0.547881 3.40076 0.267881 -0.312436 3.53695 0.270732 -0.0248501 3.53106 0.664121 -0.555903 3.55802 0.687603 -0.293185 3.67601 0.743263 -0.0827816 3.59472 0.518692 -0.0210371 3.49802 0.409218 -0.0175718 3.42383 0.534877 0.326624 3.29766 0.50647 0.729085 3.46029 0.619877 -0.0317278 3.57627 0.652968 0.359345 3.51691 0.598367 0.754405 3.5876 
0.592322 -0.620311 3.27658 0.514654 -0.554629 3.47806 0.349352 -0.553039 3.39745 0.272148 -0.320724 3.5161 0.285092 -0.0382384 3.50142 0.668196 -0.560655 3.56417 0.687342 -0.298644 3.68798 0.743351 -0.0868353 3.58667 0.522733 -0.0244244 3.50576 0.422088 -0.0171163 3.42772 0.523549 0.354257 3.36291 0.51032 0.759666 3.51077 0.632745 -0.0322611 3.58348 0.648754 0.363344 3.52521 0.598407 0.758863 3.59614 
0.593344 -0.623825 3.27682 0.514593 -0.554483 3.47307 0.354591 -0.556744 3.39687 0.275652 -0.316139 3.51527 0.291204 -0.0394439 3.47294 0.671894 -0.566914 3.56732 0.69964 -0.300306 3.69132 0.749365 -0.0918689 3.58411 0.534711 -0.0277002 3.50595 0.430956 -0.0163268 3.43234 0.515274 0.360877 3.38846 0.510321 0.763892 3.51083 0.636706 -0.0363307 3.58345 0.648345 0.359417 3.53327 0.593985 0.764622 3.59605 
0.599998 -0.62349 3.27248 0.522824 -0.570123 3.47799 0.376914 -0.566915 3.39268 0.27519 -0.324697 3.46228 0.308941 -0.0720296 3.4248 0.685089 -0.572495 3.57711 0.703138 -0.305181 3.68625 0.752672 -0.099237 3.5717 0.538594 -0.0311972 3.50623 0.435382 -0.022867 3.43181 0.501559 0.356598 3.40277 0.510623 0.761396 3.51095 0.644238 -0.0403302 3.58354 0.644086 0.352691 3.53935 0.598056 0.754205 3.59613 
0.599654 -0.623501 3.27219 0.526658 -0.574386 3.47333 0.377201 -0.569284 3.38909 0.255773 -0.298373 3.41805 0.292417 -0.0553001 3.35211 0.688888 -0.576642 3.57688 0.703545 -0.304227 3.68306 0.761698 -0.10193 3.57708 0.534444 -0.0351764 3.5101 0.426627 -0.0257544 3.43193 0.493344 0.358842 3.40645 0.51061 0.761653 3.51092 0.639938 -0.0432628 3.58717 0.639452 0.358779 3.54783 0.590263 0.752643 3.59634 
0.599895 -0.6227 3.26435 0.52675 -0.572026 3.47317 0.377241 -0.56711 3.38909 0.255177 -0.301523 3.41269 0.29688 -0.0608231 3.34348 0.693287 -0.574853 3.57321 0.707929 -0.301869 3.68295 0.765184 -0.0996014 3.57417 0.53054 -0.0321958 3.51517 0.426663 -0.025767 3.43626 0.497432 0.361272 3.40132 0.510651 0.762011 3.51092 0.636366 -0.0401702 3.59219 0.639727 0.3594 3.54778 0.590685 0.752558 3.5966 
0.601935 -0.615392 3.26443 0.530584 -0.56137 3.46835 0.376865 -0.560803 3.39267 0.254656 -0.297463 3.42089 0.293087 -0.0582228 3.33869 0.70179 -0.563341 3.55795 0.712776 -0.290713 3.66862 0.771415 -0.0717525 3.57386 0.534557 -0.0263886 3.51463 0.427263 -0.0193357 3.43676 0.506809 0.360132 3.37177 0.510813 0.758311 3.50712 0.640786 -0.0342281 3.58875 0.639577 0.359416 3.54378 0.59087 0.752566 3.59664 
0.598544 -0.595727 3.2676 0.518486 -0.536511 3.47267 0.371422 -0.542031 3.39646 0.24605 -0.276388 3.43258 0.254357 -0.037634 3.35652 0.683885 -0.539131 3.55336 0.729803 -0.256685 3.66062 0.778251 -0.0374583 3.54993 0.514517 -0.0201239 3.50674 0.409215 -0.018082 3.43285 0.512384 0.339494 3.31604 0.502033 0.708587 3.4806 0.619731 -0.0260077 3.57808 0.653905 0.364894 3.50986 0.590501 0.763523 3.59646 
0.590896 -0.571149 3.271 0.518586 -0.525485 3.47297 0.359441 -0.529783 3.40124 0.267765 -0.297095 3.48129 0.275963 -0.0373736 3.42015 0.684258 -0.512688 3.54872 0.736461 -0.222887 3.6205 0.780928 0.0135209 3.52869 0.498902 -0.0180172 3.50396 0.392512 -0.0169434 3.43316 0.530886 0.313872 3.27682 0.469363 0.665156 3.46365 0.602504 -0.0182779 3.57435 0.670485 0.37565 3.50268 0.590201 0.756474 3.59223 
0.578259 -0.562316 3.26718 0.515062 -0.497668 3.47214 0.360508 -0.508403 3.40612 0.271708 -0.273336 3.50832 0.2657 -0.00938783 3.4303 0.675142 -0.492387 3.53863 0.714611 -0.191004 3.56942 0.775717 0.0637339 3.49149 0.490021 -0.0111889 3.51114 0.380524 -0.00498783 3.43609 0.511625 0.285864 3.22814 0.453259 0.595231 3.46567 0.590375 -0.0013403 3.5809 0.681356 0.373571 3.48333 0.586088 0.765617 3.59134 
0.542783 -0.560294 3.26732 0.502354 -0.481861 3.46834 0.32279 -0.491083 3.43267 0.238371 -0.26541 3.53022 0.212829 0.0137523 3.46525 0.663272 -0.475498 3.52615 0.743847 -0.187269 3.53375 0.785236 0.0437534 3.40172 0.456313 0.00460763 3.50234 0.354522 -0.00440324 3.43606 0.463482 0.2166 3.14546 0.384942 0.415081 3.48363 0.576896 0.0114681 3.56234 0.680357 0.393303 3.45375 0.590354 0.77251 3.59598 
0.525381 -0.562088 3.25792 0.489296 -0.487752 3.46784 0.318927 -0.497194 3.44096 0.213071 -0.253329 3.53343 0.200264 -0.00248159 3.47654 0.651892 -0.484797 3.51159 0.737994 -0.225932 3.51136 0.786457 -0.0182863 3.39526 0.451828 -0.00245237 3.49788 0.341027 -0.0133638 3.43379 0.440079 0.185293 3.13185 0.353739 0.368993 3.47683 0.55904 0.00363087 3.54803 0.675842 0.382933 3.45299 0.590662 0.774773 3.58769 
0.490771 -0.601181 3.25167 0.473068 -0.518298 3.4617 0.314081 -0.520483 3.43837 0.212895 -0.269943 3.53401 0.15475 -0.027669 3.50137 0.632886 -0.520509 3.48795 0.742275 -0.274615 3.51234 0.784782 -0.0650852 3.34739 0.443539 -0.0408855 3.49033 0.326673 -0.0455284 3.43463 0.389585 0.133894 3.10954 0.313299 0.327917 3.45538 0.547128 -0.0254895 3.53633 0.651603 0.37368 3.46767 0.590879 0.767964 3.58788 
0.446041 -0.646117 3.21596 0.430965 -0.595746 3.43843 0.254818 -0.592701 3.42504 0.153774 -0.353775 3.52593 0.095123 -0.094392 3.53692 0.592622 -0.601772 3.46398 0.711509 -0.37141 3.53129 0.726482 -0.152237 3.3467 0.408414 -0.0876835 3.45724 0.31252 -0.0980807 3.40643 0.306388 0.0906111 3.08202 0.237532 0.339707 3.35713 0.519075 -0.0836679 3.51206 0.575149 0.33027 3.48833 0.59044 0.732825 3.58253 
0.416542 -0.71622 3.19297 0.399557 -0.64271 3.40686 0.241992 -0.641776 3.38389 0.1408 -0.394694 3.50239 0.0707985 -0.138715 3.51552 0.563955 -0.648542 3.4379 0.707222 -0.439165 3.54493 0.727927 -0.25001 3.41062 0.389454 -0.145707 3.43092 0.284227 -0.149254 3.36459 0.267106 0.0910457 3.08369 0.179651 0.399316 3.31661 0.502515 -0.137981 3.49161 0.555878 0.28271 3.46023 0.589533 0.682043 3.56834 
0.399711 -0.730425 3.1843 0.376798 -0.675074 3.39477 0.193852 -0.665733 3.36483 0.122415 -0.427493 3.48821 0.032082 -0.148301 3.49576 0.541363 -0.684853 3.40998 0.649053 -0.469747 3.54964 0.689505 -0.269704 3.42272 0.371872 -0.169729 3.41909 0.251166 -0.176019 3.35934 0.221594 0.113179 3.10077 0.147299 0.450897 3.28423 0.479209 -0.173088 3.47993 0.552838 0.238317 3.41508 0.572771 0.642105 3.57921 
0.351311 -0.741182 3.13326 0.318141 -0.684102 3.35299 0.158695 -0.678117 3.30667 0.0689188 -0.443306 3.42694 -0.0270787 -0.161549 3.49559 0.482643 -0.68773 3.40922 0.576074 -0.448355 3.53823 0.633957 -0.238886 3.44535 0.313956 -0.164886 3.3724 0.19928 -0.160126 3.31554 0.176745 0.225234 3.20075 0.0749875 0.623367 3.26303 0.421813 -0.172335 3.42557 0.556526 0.19091 3.28536 0.463628 0.483213 3.56255 
0.343749 -0.735733 3.1247 0.301967 -0.659104 3.34132 0.127618 -0.659885 3.28901 0.0358207 -0.409995 3.41198 -0.0443629 -0.148303 3.42816 0.455429 -0.659676 3.4196 0.530107 -0.407913 3.53446 0.613426 -0.19021 3.4455 0.285669 -0.146107 3.34207 0.181611 -0.139319 3.30679 0.134159 0.262926 3.21729 0.0472701 0.66162 3.26676 0.400427 -0.150443 3.3976 0.566472 0.17762 3.23596 0.434977 0.408992 3.52565 
0.31488 -0.6948 3.11459 0.266086 -0.61642 3.32926 0.108648 -0.614139 3.25101 0.0108488 -0.369514 3.35786 -0.0821546 -0.1148 3.38698 0.421247 -0.620801 3.39312 0.491439 -0.370729 3.52474 0.58135 -0.143561 3.46031 0.258802 -0.102783 3.34846 0.166377 -0.0948575 3.30996 0.112629 0.322483 3.2486 0.0271584 0.720459 3.29737 0.380082 -0.110039 3.38929 0.564597 0.178528 3.17839 0.380093 0.347105 3.47667 
0.271437 -0.643715 3.09207 0.209831 -0.544876 3.31022 0.0596971 -0.542578 3.2284 -0.0315979 -0.291661 3.36559 -0.126932 -0.0307852 3.37597 0.371991 -0.548326 3.37579 0.414316 -0.28391 3.49925 0.493445 -0.0408417 3.46519 0.191776 -0.0511166 3.34824 0.0955603 -0.0398965 3.31513 0.0592968 0.371931 3.22421 0.0117228 0.74742 3.29738 0.30583 -0.0609034 3.38916 0.52708 0.174277 3.1259 0.285768 0.304362 3.43506 
0.247352 -0.622006 3.06461 0.184118 -0.531117 3.29405 0.0335227 -0.531114 3.22364 -0.0529542 -0.275417 3.32784 -0.130224 -0.0426822 3.32005 0.342524 -0.536955 3.36628 0.380232 -0.272618 3.46897 0.442859 -0.0275682 3.46968 0.17822 -0.0329518 3.34157 0.0707904 -0.0239017 3.31455 0.0453972 0.366079 3.19221 0.0161444 0.751477 3.28859 0.282461 -0.0427879 3.38523 0.473942 0.187883 3.08996 0.233629 0.364008 3.39212 
0.22259 -0.617809 3.04443 0.168438 -0.538471 3.27873 0.0113825 -0.534957 3.21708 -0.0900639 -0.273674 3.31864 -0.108757 -0.0240065 3.27341 0.316667 -0.546932 3.34606 0.36288 -0.29496 3.46064 0.388959 -0.0598667 3.46623 0.166384 -0.0346298 3.32178 0.0446143 -0.031108 3.28917 0.0304206 0.367224 3.18061 0.0159344 0.742955 3.30871 0.25958 -0.0448684 3.36625 0.385127 0.257044 3.12599 0.178633 0.485656 3.33685 
0.216051 -0.635263 3.02191 0.165761 -0.548931 3.26362 0.00757744 -0.547954 3.21974 -0.109638 -0.267983 3.28005 -0.122541 -0.0173176 3.1842 0.314042 -0.558709 3.32264 0.360732 -0.294717 3.45701 0.384052 -0.0709748 3.45377 0.1588 -0.0397883 3.31335 0.0438083 -0.0314422 3.28073 0.0263338 0.364539 3.1981 0.0125753 0.735277 3.29481 0.255511 -0.0470226 3.35344 0.343858 0.28828 3.12953 0.158888 0.578766 3.32683 
0.196966 -0.645878 3.01919 0.153017 -0.559225 3.26136 -0.00171922 -0.555662 3.20434 -0.120302 -0.283961 3.25766 -0.12507 -0.0311837 3.17253 0.31437 -0.569126 3.3157 0.352104 -0.307334 3.45673 0.378645 -0.0713584 3.42684 0.146645 -0.0437175 3.31307 0.0401532 -0.0393323 3.27205 0.0258665 0.367947 3.2066 0.0166744 0.746445 3.31019 0.254307 -0.0489915 3.35104 0.298597 0.302187 3.14889 0.151777 0.640712 3.312 
0.175738 -0.66285 3.01954 0.140344 -0.567987 3.25914 -0.0185482 -0.564325 3.21067 -0.111595 -0.291822 3.28148 -0.118186 -0.0406509 3.1884 0.305531 -0.573357 3.30821 0.339557 -0.31585 3.43435 0.367768 -0.0824726 3.37196 0.124718 -0.0434615 3.30392 0.017298 -0.0387356 3.26349 0.0181603 0.363598 3.21157 0.0158154 0.742447 3.30323 0.241236 -0.0436357 3.33559 0.237759 0.356447 3.16431 0.148949 0.733743 3.29575 
0.168901 -0.665996 3.01155 0.133566 -0.567966 3.25828 -0.0256341 -0.564436 3.22281 -0.0993229 -0.301926 3.32146 -0.104799 -0.0364016 3.2892 0.296323 -0.567409 3.29504 0.337494 -0.309778 3.39488 0.37128 -0.0838026 3.31276 0.1129 -0.0412055 3.28306 0.0142241 -0.0399522 3.2511 0.0149442 0.367645 3.18149 0.0171427 0.743986 3.30739 0.232911 -0.0443885 3.32067 0.221007 0.355369 3.22754 0.14607 0.737318 3.32195 
0.168414 -0.661856 3.0153 0.127883 -0.561199 3.25219 -0.0390563 -0.556084 3.21841 -0.0991227 -0.301989 3.32172 -0.113547 -0.0325095 3.30739 0.301031 -0.559724 3.28794 0.338449 -0.288765 3.3802 0.367865 -0.0631909 3.29148 0.112249 -0.0337659 3.26846 0.0136366 -0.0300554 3.24433 0.0182104 0.367256 3.12801 0.0158599 0.740317 3.30288 0.224767 -0.0352008 3.31599 0.200121 0.361086 3.22601 0.141776 0.748953 3.32566 
0.162233 -0.654782 3.01141 0.113436 -0.536299 3.24021 -0.0515839 -0.546414 3.20937 -0.103307 -0.282861 3.31388 -0.126014 -0.0252359 3.31009 0.277842 -0.53594 3.27675 0.340344 -0.253496 3.30093 0.363742 -0.00908092 3.20837 0.103167 -0.0181789 3.26081 -0.00993322 -0.0149243 3.22061 0.02042 0.34471 3.04888 0.0211329 0.697925 3.25902 0.203434 -0.0208918 3.316 0.235033 0.36206 3.20087 0.143132 0.735294 3.31583 
0.155109 -0.618709 3.01026 0.110799 -0.515083 3.23736 -0.0543151 -0.524204 3.20643 -0.115595 -0.279362 3.3162 -0.138835 0.000479273 3.31996 0.266004 -0.513496 3.26409 0.32792 -0.220786 3.24402 0.3578 0.0371067 3.13274 0.0955698 -0.0133845 3.26266 -0.0232231 -0.00997336 3.22712 0.0221749 0.32814 2.99304 0.0207639 0.670929 3.22586 0.187049 -0.00886701 3.31523 0.240424 0.375679 3.17413 0.146821 0.736471 3.31914 
0.148442 -0.610621 3.01005 0.106231 -0.502581 3.23341 -0.055923 -0.507678 3.20335 -0.139984 -0.255935 3.30539 -0.13935 0.00873624 3.32001 0.259368 -0.502252 3.2665 0.321048 -0.199517 3.23364 0.370825 0.0336639 3.08667 0.0841287 0.00012119 3.2597 -0.034633 -0.00354966 3.21291 0.02777 0.313833 2.97232 0.0172429 0.6304 3.21531 0.183002 0.00503411 3.30993 0.240597 0.383777 3.16932 0.150914 0.735952 3.31411 
0.127809 -0.599317 3.0098 0.08504 -0.495106 3.23233 -0.0695537 -0.495023 3.212 -0.15788 -0.240048 3.32388 -0.174349 0.030811 3.3262 0.246639 -0.478298 3.25533 0.306809 -0.16766 3.19338 0.349421 0.0649221 3.07267 0.0531619 0.0032974 3.25198 -0.0536573 0.00463605 3.21079 0.0110997 0.274227 2.90481 0.00497907 0.519774 3.20927 0.169653 0.0100836 3.30063 0.238924 0.390699 3.14797 0.147423 0.748443 3.30925 
0.106665 -0.594418 3.00584 0.0506796 -0.492665 3.2277 -0.111267 -0.490753 3.20748 -0.177839 -0.229333 3.2986 -0.204435 0.0397463 3.25627 0.213802 -0.47719 3.24177 0.290913 -0.173419 3.15301 0.330124 0.0314523 3.01153 0.0237425 -0.000786208 3.23456 -0.0796728 -0.00362935 3.20001 -0.0420537 0.216942 2.88317 -0.0552975 0.397395 3.20785 0.12348 0.0050368 3.26416 0.223656 0.395582 3.15594 0.14743 0.753364 3.30927 
0.079086 -0.609288 3.00644 0.0413031 -0.497011 3.22611 -0.119146 -0.497685 3.21039 -0.204882 -0.228483 3.27984 -0.217313 0.0300923 3.19847 0.198352 -0.489014 3.22952 0.285651 -0.20966 3.14213 0.342837 0.00346044 3.00785 0.0117524 -0.00108594 3.2341 -0.101278 -0.00905315 3.2383 -0.0686373 0.242019 2.97527 -0.09775 0.392218 3.22523 0.114339 0.00305364 3.2446 0.191197 0.392313 3.13403 0.147385 0.752525 3.31033 
0.0366309 -0.656477 2.98382 0.00483555 -0.53856 3.19652 -0.155129 -0.549988 3.21305 -0.263934 -0.276812 3.30111 -0.279552 -0.0239156 3.21433 0.164117 -0.535725 3.19604 0.298521 -0.254133 3.14991 0.327045 -0.0583857 3.0232 -0.0362367 -0.045767 3.22613 -0.134347 -0.0464731 3.2355 -0.153166 0.18973 2.95742 -0.175097 0.372068 3.23397 0.0697639 -0.0376451 3.23883 0.125793 0.357293 3.15666 0.144063 0.746516 3.31133 
0.00241255 -0.719242 2.98209 -0.0193783 -0.592921 3.19411 -0.181569 -0.599448 3.20267 -0.279544 -0.330135 3.30547 -0.324078 -0.0799992 3.26032 0.143194 -0.584479 3.19197 0.273032 -0.325232 3.1497 0.28098 -0.123002 3.01316 -0.0521348 -0.090097 3.20404 -0.164684 -0.107123 3.16542 -0.194806 0.0819171 2.8122 -0.223131 0.291801 3.17721 0.0480562 -0.0804552 3.22693 0.108888 0.338188 3.20165 0.143416 0.733654 3.30995 
-0.0376804 -0.754812 2.95974 -0.0463731 -0.644495 3.1771 -0.21311 -0.65273 3.17875 -0.321743 -0.383976 3.27091 -0.356204 -0.142009 3.22417 0.11204 -0.638762 3.17488 0.232795 -0.390701 3.14287 0.259086 -0.177715 2.99293 -0.0749292 -0.139691 3.19238 -0.186362 -0.156382 3.16551 -0.236982 0.0720905 2.8136 -0.28327 0.332114 3.10403 0.0211307 -0.126536 3.21279 0.0812264 0.296654 3.20895 0.148156 0.695351 3.27479 
-0.0788295 -0.799958 2.93765 -0.10903 -0.694614 3.14677 -0.278721 -0.691096 3.12483 -0.392312 -0.457736 3.2532 -0.423123 -0.196874 3.18362 0.0590952 -0.696529 3.1702 0.185135 -0.460239 3.24461 0.210594 -0.249213 3.02047 -0.132144 -0.186228 3.16083 -0.245768 -0.189232 3.11957 -0.310803 0.0973972 2.83882 -0.354761 0.421454 3.05801 -0.0301083 -0.181525 3.21291 0.0633706 0.229413 3.17054 0.110337 0.624964 3.28691 
-0.105862 -0.825251 2.92017 -0.130261 -0.71103 3.13811 -0.298504 -0.711663 3.10309 -0.424343 -0.455594 3.20128 -0.462553 -0.206232 3.15042 0.0380432 -0.712718 3.16612 0.162489 -0.475142 3.25772 0.188983 -0.275184 3.08978 -0.157483 -0.194218 3.15028 -0.27805 -0.199079 3.11517 -0.353316 0.138924 2.87669 -0.388698 0.510122 3.02788 -0.0508946 -0.191289 3.20565 0.0547128 0.202648 3.10052 0.0746803 0.566978 3.31872 
-0.118432 -0.822449 2.90918 -0.163524 -0.708189 3.12866 -0.327582 -0.70558 3.07439 -0.436483 -0.466758 3.19869 -0.497157 -0.199598 3.12352 0.000751828 -0.711116 3.16694 0.115833 -0.469488 3.27084 0.178435 -0.266869 3.14828 -0.185894 -0.189502 3.12893 -0.291165 -0.188683 3.09097 -0.369541 0.18311 2.92581 -0.447734 0.585809 3.01838 -0.064101 -0.19325 3.17961 0.0506448 0.183737 3.05367 0.0188573 0.50901 3.3286 
-0.162645 -0.777133 2.89363 -0.216774 -0.658278 3.11042 -0.380893 -0.662593 3.05427 -0.50621 -0.417582 3.15786 -0.566661 -0.160946 3.07057 -0.0535329 -0.657465 3.16104 0.0355052 -0.40415 3.28291 0.111414 -0.187781 3.15282 -0.233188 -0.139986 3.10796 -0.354636 -0.134755 3.0892 -0.399047 0.292187 2.9886 -0.480624 0.716692 3.03642 -0.125884 -0.147364 3.14024 0.0485674 0.195467 2.97439 -0.0731888 0.378081 3.28835 
-0.183778 -0.726828 2.88663 -0.24845 -0.60326 3.09236 -0.402891 -0.601833 3.01983 -0.529027 -0.377753 3.12712 -0.59672 -0.145637 3.05132 -0.0971668 -0.598548 3.16137 -0.0110139 -0.335936 3.2774 0.0876885 -0.111867 3.19974 -0.274232 -0.0786922 3.07671 -0.380006 -0.0740004 3.02728 -0.431976 0.34764 2.98851 -0.491146 0.758899 3.05371 -0.157717 -0.083887 3.1286 0.0323331 0.217405 2.91128 -0.12954 0.329916 3.25757 
-0.21399 -0.684772 2.86839 -0.292227 -0.545579 3.08092 -0.451788 -0.54856 2.99877 -0.567096 -0.302718 3.08518 -0.64003 -0.063888 3.01941 -0.139957 -0.549289 3.14712 -0.0700101 -0.277712 3.2439 0.0224881 -0.0505411 3.21621 -0.303914 -0.0265446 3.06386 -0.397662 -0.0179149 3.02069 -0.451181 0.371956 2.93734 -0.495336 0.76239 3.04143 -0.197705 -0.0319337 3.11543 -0.0065744 0.255753 2.87703 -0.209074 0.333915 3.19523 
-0.252706 -0.649251 2.84851 -0.321071 -0.531447 3.07182 -0.47971 -0.531582 2.98813 -0.581837 -0.267871 3.03559 -0.672728 -0.0313012 2.94306 -0.185774 -0.533698 3.14785 -0.165823 -0.247493 3.21516 -0.0885706 -0.0175977 3.24171 -0.34572 -0.00998103 3.06895 -0.44803 -0.0105725 3.02013 -0.4719 0.381559 2.89598 -0.490716 0.760046 3.04009 -0.235062 -0.0125982 3.11347 -0.118842 0.280338 2.8714 -0.314313 0.422528 3.17917 
-0.259295 -0.656703 2.85798 -0.338979 -0.535301 3.06933 -0.483301 -0.532552 2.98713 -0.60345 -0.263554 3.02404 -0.675106 -0.027125 2.93102 -0.189277 -0.535619 3.14344 -0.16411 -0.254008 3.19471 -0.127036 -0.0197436 3.23888 -0.353893 -0.0164821 3.07404 -0.450982 -0.0185482 3.02435 -0.472619 0.377391 2.89661 -0.489356 0.746094 3.04425 -0.243085 -0.0185597 3.11597 -0.148206 0.314365 2.89092 -0.339919 0.498669 3.16152 
-0.279859 -0.683175 2.85456 -0.364252 -0.542864 3.06384 -0.514331 -0.543171 2.98933 -0.604661 -0.279786 3.04372 -0.647757 -0.0366898 2.94952 -0.200076 -0.546373 3.13698 -0.18708 -0.27544 3.20515 -0.162651 -0.0395111 3.22594 -0.373931 -0.0211967 3.06119 -0.467078 -0.0227457 3.01406 -0.48295 0.382844 2.94222 -0.489775 0.754267 3.05335 -0.27655 -0.0186437 3.11068 -0.231797 0.361332 2.95333 -0.343349 0.672894 3.13451 
-0.292066 -0.694979 2.85722 -0.370977 -0.555668 3.07251 -0.530389 -0.558781 2.99958 -0.598165 -0.300916 3.09557 -0.61767 -0.0542421 3.01819 -0.211723 -0.550949 3.12871 -0.195225 -0.290238 3.20652 -0.177195 -0.0432833 3.20977 -0.38198 -0.0272155 3.04449 -0.482355 -0.0267715 2.99916 -0.48348 0.378561 2.94572 -0.489902 0.761785 3.05898 -0.289085 -0.0264658 3.10037 -0.27995 0.382118 3.00766 -0.344392 0.746964 3.14414 
-0.317772 -0.718382 2.86471 -0.378163 -0.578257 3.07298 -0.539086 -0.576855 3.00871 -0.594951 -0.310803 3.12284 -0.608902 -0.0600633 3.02243 -0.219547 -0.573003 3.13254 -0.202092 -0.302904 3.19464 -0.168059 -0.0564898 3.18739 -0.388819 -0.0483286 3.04224 -0.490606 -0.0404501 2.99382 -0.484241 0.35976 2.97042 -0.490221 0.761851 3.05835 -0.287488 -0.0464693 3.10816 -0.299844 0.364855 3.04711 -0.366738 0.743527 3.14791 
-0.320466 -0.741799 2.87744 -0.378681 -0.583041 3.0719 -0.543618 -0.584992 3.00548 -0.594436 -0.317289 3.10895 -0.600831 -0.0736301 3.02746 -0.219861 -0.581452 3.13276 -0.19834 -0.29828 3.18535 -0.158861 -0.0355382 3.17745 -0.388862 -0.0468909 3.03412 -0.490035 -0.0446653 2.98851 -0.481109 0.363301 2.98441 -0.49018 0.761788 3.05828 -0.287268 -0.051794 3.10528 -0.298302 0.360868 3.06086 -0.358767 0.743468 3.1426 
-0.320539 -0.755852 2.88858 -0.386777 -0.589036 3.07284 -0.543589 -0.592338 2.99861 -0.589821 -0.324922 3.1007 -0.594695 -0.0782489 3.03273 -0.220249 -0.58817 3.13302 -0.19902 -0.304761 3.15902 -0.154482 -0.0404637 3.13485 -0.389356 -0.0521662 3.03559 -0.489928 -0.047548 2.98946 -0.482313 0.361012 2.99133 -0.490282 0.761776 3.05805 -0.287759 -0.0585067 3.10391 -0.291267 0.355479 3.07289 -0.358485 0.741524 3.14675 
-0.350441 -0.760828 2.88472 -0.396078 -0.588588 3.07342 -0.556074 -0.593903 2.99012 -0.585953 -0.327205 3.08552 -0.565976 -0.0793131 3.0161 -0.241692 -0.588274 3.13546 -0.198937 -0.294038 3.07842 -0.140314 -0.0303358 2.98759 -0.390074 -0.0474914 3.04891 -0.505115 -0.0463068 2.99106 -0.488873 0.360549 3.04108 -0.491261 0.759886 3.07635 -0.291415 -0.0526501 3.10772 -0.30763 0.357637 3.08908 -0.355872 0.742859 3.14476 
-0.346884 -0.763224 2.894 -0.406325 -0.585009 3.07901 -0.56414 -0.58995 2.99313 -0.591486 -0.32465 3.06562 -0.560551 -0.0681416 3.00662 -0.256761 -0.580986 3.14417 -0.198703 -0.297265 3.0689 -0.125612 -0.0605418 2.97268 -0.395363 -0.0429609 3.05643 -0.50496 -0.0433575 2.99785 -0.489744 0.365967 3.04544 -0.495744 0.759967 3.07881 -0.292945 -0.0440997 3.1066 -0.319859 0.359986 3.08963 -0.362153 0.743903 3.13853 
-0.351524 -0.762545 2.89838 -0.423417 -0.583547 3.07481 -0.564777 -0.586105 2.99076 -0.616259 -0.306116 3.05054 -0.561561 -0.0562336 3.00565 -0.276471 -0.578633 3.15289 -0.19691 -0.31024 3.09114 -0.109872 -0.0719011 2.94818 -0.395986 -0.051132 3.06434 -0.500916 -0.0468439 3.00054 -0.489516 0.365872 3.04636 -0.495435 0.757321 3.07978 -0.296343 -0.0547082 3.11261 -0.323194 0.350605 3.09004 -0.359329 0.738186 3.13665 
-0.3737 -0.767297 2.89832 -0.433614 -0.589004 3.07615 -0.564497 -0.591219 2.9809 -0.619195 -0.307422 2.99345 -0.570163 -0.0655262 2.89816 -0.282179 -0.583171 3.17826 -0.20169 -0.313365 3.08532 -0.10013 -0.119405 2.8682 -0.39878 -0.0562588 3.06222 -0.499667 -0.0483667 2.98847 -0.489697 0.364201 3.04501 -0.490905 0.762178 3.07712 -0.299719 -0.0604288 3.1197 -0.32315 0.349573 3.09907 -0.362783 0.742087 3.14458 
-0.36104 -0.772207 2.92429 -0.433706 -0.588992 3.0762 -0.56779 -0.587694 2.98121 -0.61333 -0.303599 2.97639 -0.5595 -0.063477 2.90022 -0.282074 -0.585119 3.17881 -0.199063 -0.321931 3.10639 -0.118955 -0.158436 2.874 -0.398546 -0.0564454 3.06667 -0.499977 -0.0517039 2.99346 -0.489169 0.363174 3.04685 -0.490757 0.76212 3.06721 -0.299636 -0.0605281 3.12021 -0.322695 0.34506 3.10133 -0.359292 0.739257 3.14483 
-0.384494 -0.766503 2.91517 -0.441576 -0.581361 3.07794 -0.571064 -0.582447 2.98111 -0.619312 -0.295288 2.93283 -0.561584 -0.0652365 2.82351 -0.290415 -0.583692 3.19113 -0.217421 -0.31795 3.09152 -0.135423 -0.172661 2.84947 -0.398798 -0.0562894 3.0633 -0.505156 -0.0504576 2.99335 -0.48993 0.359648 3.04475 -0.491105 0.762725 3.07049 -0.299784 -0.0604578 3.12035 -0.322645 0.344698 3.10132 -0.362887 0.740073 3.1445 
-0.378391 -0.770828 2.928 -0.441573 -0.581318 3.0782 -0.566083 -0.58087 2.98392 -0.627348 -0.297182 2.90719 -0.567331 -0.0713066 2.7972 -0.290101 -0.58259 3.19223 -0.217461 -0.325458 3.10466 -0.152534 -0.174214 2.83767 -0.40057 -0.0571146 3.06655 -0.505463 -0.0500989 2.99237 -0.489913 0.357667 3.04499 -0.495815 0.761067 3.06701 -0.296708 -0.0603844 3.12496 -0.322562 0.3447 3.10129 -0.359625 0.739094 3.14394 
-0.404876 -0.765478 2.9106 -0.445842 -0.581462 3.08027 -0.574789 -0.580957 2.98473 -0.634348 -0.296634 2.90068 -0.561786 -0.0906678 2.78436 -0.290733 -0.584436 3.19127 -0.227722 -0.321685 3.10685 -0.163239 -0.165984 2.87147 -0.395575 -0.0565888 3.0627 -0.505053 -0.051923 2.99309 -0.494681 0.359786 3.04513 -0.49628 0.761263 3.07592 -0.300024 -0.0605461 3.12536 -0.322988 0.349142 3.10543 -0.35954 0.741113 3.14401 
-0.409543 -0.765132 2.90004 -0.445987 -0.582994 3.07983 -0.578632 -0.580852 2.98495 -0.63227 -0.294994 2.90901 -0.562192 -0.101204 2.78363 -0.290766 -0.586155 3.1914 -0.227818 -0.31839 3.11413 -0.17142 -0.156482 2.88885 -0.395768 -0.0530265 3.06597 -0.501582 -0.0470087 2.98796 -0.494229 0.364855 3.04662 -0.495601 0.763314 3.07143 -0.296439 -0.0589185 3.12027 -0.322901 0.353615 3.10619 -0.363743 0.740379 3.14545 
-0.418238 -0.76459 2.90785 -0.45086 -0.583218 3.08066 -0.592892 -0.578764 2.98567 -0.635743 -0.304467 2.92649 -0.562104 -0.103096 2.79566 -0.291361 -0.583759 3.19081 -0.241854 -0.310282 3.12967 -0.18913 -0.1328 2.90522 -0.395885 -0.0564865 3.06633 -0.502176 -0.0501797 2.99199 -0.48927 0.360523 3.04698 -0.490847 0.761852 3.07085 -0.303183 -0.060083 3.11574 -0.327561 0.353119 3.10763 -0.359365 0.743249 3.15414 
-0.411462 -0.755934 2.90899 -0.45106 -0.578952 3.08072 -0.608297 -0.579161 2.98627 -0.634683 -0.304426 2.92258 -0.563462 -0.101477 2.79209 -0.291296 -0.581193 3.19076 -0.236853 -0.302606 3.14661 -0.191892 -0.0847697 2.95811 -0.395626 -0.0474967 3.06083 -0.505038 -0.0427772 2.98711 -0.489561 0.365793 3.04578 -0.490994 0.761927 3.07049 -0.299792 -0.0527676 3.11561 -0.327913 0.351612 3.10673 -0.359432 0.744894 3.15409 
-0.404772 -0.756018 2.91048 -0.451205 -0.580588 3.08036 -0.60838 -0.579167 2.98623 -0.636873 -0.306289 2.92706 -0.562354 -0.104093 2.80015 -0.294657 -0.585362 3.1913 -0.243024 -0.305301 3.15602 -0.192184 -0.0769958 2.98731 -0.395922 -0.0459321 3.06574 -0.496986 -0.0411994 2.99221 -0.489594 0.365737 3.04569 -0.491224 0.760216 3.07003 -0.300931 -0.0551045 3.11606 -0.327802 0.350666 3.10718 -0.359389 0.743284 3.15425 
-0.411606 -0.755113 2.90876 -0.451242 -0.57888 3.0807 -0.613272 -0.576762 2.98627 -0.634569 -0.294462 2.9531 -0.570785 -0.0786082 2.83473 -0.299088 -0.583771 3.19202 -0.257372 -0.302732 3.1592 -0.209884 -0.0577996 3.10866 -0.402586 -0.0443052 3.04671 -0.504547 -0.0378572 2.98248 -0.489448 0.367609 3.04629 -0.491119 0.760651 3.06429 -0.304279 -0.0545892 3.11159 -0.32784 0.353676 3.11113 -0.359362 0.746346 3.1581 
-0.409639 -0.74611 2.89935 -0.45085 -0.578959 3.08185 -0.608421 -0.576591 2.98635 -0.635949 -0.290357 2.96456 -0.581037 -0.072063 2.86963 -0.294446 -0.579874 3.19193 -0.249466 -0.305658 3.19164 -0.186665 -0.0572247 3.19942 -0.402779 -0.0488323 3.05231 -0.504948 -0.042277 2.98751 -0.492493 0.367363 3.04733 -0.491014 0.760629 3.06449 -0.308016 -0.0560463 3.11639 -0.327671 0.353506 3.11191 -0.359304 0.743843 3.15824 
-0.409572 -0.745935 2.89921 -0.455216 -0.5789 3.07932 -0.613428 -0.572682 2.98622 -0.632555 -0.283278 2.98464 -0.583472 -0.0529352 2.87975 -0.29924 -0.581885 3.19162 -0.254688 -0.308666 3.19688 -0.181179 -0.0608664 3.21834 -0.407303 -0.0473015 3.04208 -0.509385 -0.0394544 2.98385 -0.489412 0.364759 3.04264 -0.491346 0.760234 3.06959 -0.308091 -0.0548497 3.11592 -0.32787 0.348908 3.10708 -0.359513 0.744398 3.1576 
-0.405594 -0.74615 2.8805 -0.455105 -0.577441 3.07932 -0.61312 -0.572499 2.98376 -0.629581 -0.294018 3.03017 -0.615906 -0.0407192 2.9729 -0.294757 -0.585908 3.19097 -0.250772 -0.310396 3.21144 -0.175948 -0.0676344 3.2488 -0.408442 -0.0449045 3.05878 -0.509892 -0.0367594 2.98828 -0.497813 0.360132 3.04246 -0.491466 0.760314 3.06929 -0.304765 -0.054603 3.12121 -0.328069 0.350978 3.10675 -0.359511 0.746055 3.15761 
-0.403521 -0.746174 2.87156 -0.449975 -0.579425 3.07692 -0.61307 -0.577333 2.98318 -0.629539 -0.29654 3.04114 -0.62911 -0.0369808 2.994 -0.295171 -0.585499 3.18591 -0.257296 -0.313618 3.24385 -0.176351 -0.0726454 3.25667 -0.413619 -0.0496741 3.05878 -0.509932 -0.0387513 2.98909 -0.497539 0.364752 3.04707 -0.491426 0.760305 3.0695 -0.304938 -0.0564007 3.12076 -0.327954 0.353015 3.10721 -0.359419 0.748044 3.15796 
-0.401598 -0.746121 2.86234 -0.449662 -0.58352 3.07778 -0.608263 -0.577127 2.98276 -0.628715 -0.295287 3.04733 -0.628826 -0.0310643 3.01248 -0.295201 -0.586674 3.17851 -0.256999 -0.314014 3.25386 -0.181076 -0.0730405 3.26561 -0.413662 -0.0443969 3.05863 -0.51514 -0.0355833 2.99172 -0.497521 0.366498 3.04702 -0.491482 0.761996 3.06935 -0.304992 -0.0527839 3.12059 -0.327892 0.354816 3.10715 -0.359457 0.744442 3.15791 
-0.403483 -0.746034 2.87102 -0.449444 -0.579565 3.07789 -0.607628 -0.576994 2.97393 -0.642157 -0.29681 3.04696 -0.644975 -0.0396576 3.03049 -0.300035 -0.58676 3.17807 -0.25698 -0.314134 3.25788 -0.177037 -0.0763608 3.26491 -0.408351 -0.049281 3.05371 -0.510435 -0.0410923 2.99033 -0.497755 0.364657 3.04643 -0.491509 0.76203 3.06927 -0.304919 -0.0565797 3.12117 -0.328025 0.353107 3.10685 -0.359479 0.744449 3.15784 
-0.403486 -0.746011 2.87105 -0.449716 -0.581264 3.07708 -0.607648 -0.579002 2.9776 -0.647496 -0.299569 3.03862 -0.673106 -0.0445469 3.02511 -0.299979 -0.588597 3.17822 -0.260856 -0.315807 3.25723 -0.176708 -0.0763904 3.26137 -0.408202 -0.0483626 3.05389 -0.50989 -0.03876 2.98872 -0.494556 0.362103 3.04238 -0.491544 0.762031 3.06915 -0.308353 -0.0535807 3.12106 -0.32787 0.348913 3.10742 -0.359525 0.744413 3.15767 
-0.396981 -0.746379 2.8726 -0.449587 -0.581296 3.07744 -0.607637 -0.578981 2.97754 -0.647738 -0.304587 3.03789 -0.672122 -0.0481767 3.00985 -0.30008 -0.587127 3.18155 -0.261575 -0.31423 3.25512 -0.179885 -0.0736368 3.25362 -0.408462 -0.0430491 3.05472 -0.509497 -0.0371617 2.98969 -0.49437 0.364101 3.0463 -0.491538 0.760301 3.06923 -0.308349 -0.054183 3.12071 -0.327974 0.350984 3.10716 -0.359607 0.744368 3.15763 
-0.396981 -0.746371 2.87255 -0.449587 -0.581327 3.07747 -0.607967 -0.578806 2.98238 -0.651376 -0.30349 3.0215 -0.676417 -0.0445926 3.00766 -0.295476 -0.586629 3.17789 -0.256505 -0.313736 3.24153 -0.179807 -0.0728396 3.24953 -0.408616 -0.0448516 3.05444 -0.509727 -0.0370766 2.98884 -0.494594 0.359601 3.0458 -0.491377 0.760206 3.0697 -0.304905 -0.0545969 3.12102 -0.327789 0.345946 3.10796 -0.359897 0.741614 3.15682 
