15 215 4
-0.0113237 0.0660052 0.00514307 -0.162096 -0.0526722 0.0252648
0.123984 -1.54213 -0.121471 3.80143 0.233793 3.3137
-0.00549112 3.02375 0.0466793 -0.743299 0.107504 7.26841
0.119903 1.57102 0.112385 -3.65652 0.472593 3.56742
-0.388257 -0.67665 2.98366 -0.499796 -0.568897 3.15677 -0.652256 -0.571789 3.07287 -0.726664 -0.276765 3.07763 -0.713189 -0.0327524 3.00593 -0.347376 -0.57878 3.24658 -0.292378 -0.302445 3.2623 -0.248168 -0.0623335 3.23201 -0.493817 -0.038811 3.15854 -0.589051 -0.0392015 3.1001 -0.582814 0.350857 3.12322 -0.597004 0.748578 3.15619 -0.386353 -0.0415227 3.20232 -0.40376 0.345366 3.19828 -0.415702 0.743384 3.21017 
-0.389146 -0.677453 2.98207 -0.50118 -0.568899 3.1579 -0.652546 -0.571645 3.07288 -0.726488 -0.277569 3.07816 -0.712592 -0.032858 3.00628 -0.348546 -0.579175 3.24526 -0.2919 -0.301123 3.26264 -0.247973 -0.0627866 3.23074 -0.494031 -0.03831 3.15849 -0.589129 -0.0377337 3.09999 -0.582599 0.351453 3.1233 -0.59704 0.748441 3.15626 -0.386331 -0.0410914 3.20113 -0.403802 0.346658 3.19938 -0.415691 0.743378 3.21021 
-0.391402 -0.678117 2.98159 -0.502185 -0.568979 3.15846 -0.65324 -0.571243 3.07297 -0.726438 -0.278119 3.07738 -0.712001 -0.0331655 3.00724 -0.34934 -0.578461 3.24395 -0.291745 -0.300769 3.26396 -0.247746 -0.0635699 3.22749 -0.494627 -0.0370265 3.15845 -0.58939 -0.0369223 3.09992 -0.582458 0.351431 3.1234 -0.597158 0.748082 3.15644 -0.386573 -0.039971 3.20038 -0.403654 0.3469 3.19968 -0.415681 0.743376 3.21023 
-0.393171 -0.678094 2.98212 -0.503376 -0.56924 3.15877 -0.654743 -0.570237 3.07306 -0.726399 -0.279269 3.07708 -0.711548 -0.0348025 3.0076 -0.350133 -0.577978 3.2443 -0.291865 -0.300952 3.26406 -0.247832 -0.0641843 3.2224 -0.495911 -0.036952 3.15835 -0.589956 -0.0361405 3.09986 -0.582788 0.350924 3.12339 -0.597428 0.747239 3.15679 -0.387184 -0.0388367 3.19974 -0.403712 0.348099 3.1993 -0.415673 0.743376 3.21025 
-0.394758 -0.676647 2.98376 -0.505462 -0.569932 3.15894 -0.657831 -0.569641 3.07327 -0.727119 -0.281313 3.0769 -0.711376 -0.037102 3.00742 -0.351573 -0.577259 3.24416 -0.292468 -0.300299 3.26294 -0.248187 -0.0654336 3.21501 -0.496573 -0.0366932 3.1583 -0.591179 -0.034899 3.09985 -0.582952 0.351136 3.12345 -0.59761 0.746856 3.15749 -0.388222 -0.0383664 3.19889 -0.403932 0.347745 3.19798 -0.415658 0.743382 3.21026 
-0.396448 -0.674976 2.98642 -0.507078 -0.56991 3.15901 -0.659512 -0.568825 3.07356 -0.727886 -0.282317 3.07694 -0.712083 -0.0385146 3.00639 -0.352053 -0.577477 3.24339 -0.294097 -0.301328 3.2619 -0.247975 -0.0660929 3.20621 -0.496904 -0.0375162 3.15824 -0.591778 -0.0353367 3.09997 -0.583062 0.350635 3.12346 -0.597787 0.746652 3.1589 -0.38816 -0.0398403 3.19948 -0.404113 0.347292 3.19707 -0.415648 0.743387 3.21026 
-0.397771 -0.673503 2.98848 -0.509182 -0.569127 3.15906 -0.660763 -0.568653 3.0738 -0.728858 -0.282717 3.07715 -0.712761 -0.0393765 3.00594 -0.351933 -0.576996 3.24405 -0.295006 -0.301314 3.26052 -0.247313 -0.0671673 3.19871 -0.497289 -0.0384733 3.15829 -0.592322 -0.0361222 3.10008 -0.583665 0.350852 3.12343 -0.597769 0.746596 3.15949 -0.387581 -0.0412912 3.19971 -0.404408 0.346368 3.19597 -0.415636 0.743382 3.21026 
-0.398688 -0.672676 2.99087 -0.510724 -0.568565 3.159 -0.662311 -0.56894 3.07409 -0.728853 -0.282923 3.07792 -0.713174 -0.0391181 3.00597 -0.350984 -0.577254 3.2441 -0.295675 -0.300563 3.25887 -0.246665 -0.0678862 3.19398 -0.497941 -0.0387277 3.15837 -0.593039 -0.0363349 3.10022 -0.584695 0.351944 3.12341 -0.597521 0.746622 3.15961 -0.38788 -0.0421892 3.19974 -0.405321 0.344144 3.19412 -0.415615 0.743364 3.21025 
-0.399616 -0.672205 2.99283 -0.512609 -0.567816 3.15869 -0.664982 -0.568381 3.07434 -0.729209 -0.282469 3.07817 -0.713463 -0.038799 3.00641 -0.351268 -0.576753 3.24391 -0.296448 -0.300125 3.25759 -0.24617 -0.0678999 3.19079 -0.499193 -0.0383767 3.15841 -0.59431 -0.0360716 3.10039 -0.586234 0.352852 3.12357 -0.59686 0.746737 3.15934 -0.389514 -0.0415568 3.19917 -0.407213 0.343926 3.1936 -0.415548 0.743364 3.21026 
-0.4008 -0.671884 2.99433 -0.513507 -0.568168 3.15805 -0.667984 -0.568164 3.07466 -0.729997 -0.282248 3.0778 -0.713683 -0.0382728 3.00732 -0.352824 -0.57689 3.24339 -0.297873 -0.301401 3.25617 -0.245585 -0.067583 3.18806 -0.501602 -0.0387063 3.15852 -0.596719 -0.0366272 3.10068 -0.588731 0.354295 3.1238 -0.595397 0.746993 3.15857 -0.391004 -0.0421765 3.19806 -0.408837 0.344236 3.1937 -0.415393 0.743375 3.21029 
-0.402389 -0.671489 2.99573 -0.514437 -0.568036 3.15676 -0.670818 -0.568061 3.07519 -0.730626 -0.280894 3.07666 -0.713827 -0.0372591 3.00892 -0.354403 -0.577789 3.2423 -0.29901 -0.303648 3.25557 -0.244951 -0.0675569 3.18661 -0.504154 -0.0384528 3.15865 -0.599267 -0.0367907 3.10073 -0.591252 0.35588 3.12422 -0.594546 0.747193 3.15704 -0.393125 -0.0414071 3.19754 -0.411282 0.344875 3.19484 -0.415072 0.743394 3.21026 
-0.403756 -0.671074 2.99585 -0.515753 -0.567408 3.15651 -0.675077 -0.567967 3.07624 -0.7308 -0.280393 3.07577 -0.715362 -0.0351817 3.00979 -0.35458 -0.578299 3.24189 -0.299528 -0.305507 3.25542 -0.245255 -0.0676153 3.18644 -0.505967 -0.0372639 3.15868 -0.601079 -0.0353358 3.10076 -0.592397 0.355735 3.12439 -0.594144 0.747281 3.15632 -0.394479 -0.0401039 3.19735 -0.412828 0.344817 3.19524 -0.414417 0.743418 3.21022 
-0.405189 -0.670483 2.99472 -0.518227 -0.567464 3.15687 -0.67845 -0.567669 3.07821 -0.731493 -0.279363 3.07521 -0.716852 -0.0334244 3.01009 -0.355783 -0.578958 3.24207 -0.299667 -0.308333 3.25557 -0.246717 -0.0676607 3.18695 -0.508001 -0.0372631 3.15857 -0.603128 -0.0356157 3.10075 -0.592876 0.353825 3.12437 -0.593968 0.747318 3.15602 -0.397774 -0.0404223 3.19743 -0.414438 0.344022 3.19503 -0.413026 0.74346 3.21014 
-0.406703 -0.670582 2.99445 -0.520655 -0.568151 3.15785 -0.680166 -0.568355 3.08186 -0.732133 -0.278434 3.0745 -0.718781 -0.0323486 3.00975 -0.35639 -0.578552 3.24033 -0.299644 -0.311356 3.25643 -0.248372 -0.0678149 3.18842 -0.509196 -0.0385854 3.15855 -0.604446 -0.0364136 3.10084 -0.593344 0.351979 3.12442 -0.593904 0.747336 3.15597 -0.400437 -0.0422869 3.19751 -0.41519 0.343938 3.19375 -0.412448 0.743191 3.21007 
-0.408467 -0.670164 2.99415 -0.521852 -0.568402 3.15784 -0.680309 -0.569129 3.08353 -0.733023 -0.276933 3.07355 -0.720133 -0.0323804 3.00888 -0.356825 -0.578321 3.23869 -0.298953 -0.31267 3.25676 -0.250334 -0.0691727 3.18915 -0.509912 -0.0405641 3.15855 -0.605233 -0.038283 3.10066 -0.593683 0.352159 3.12445 -0.593886 0.747353 3.15613 -0.401957 -0.0439297 3.19756 -0.415649 0.34442 3.19336 -0.412327 0.742365 3.20997 
-0.411142 -0.670558 2.99397 -0.522518 -0.568444 3.15685 -0.681238 -0.56905 3.08449 -0.734 -0.275506 3.07208 -0.720991 -0.032337 3.00732 -0.35734 -0.578174 3.23623 -0.299156 -0.313308 3.25693 -0.251873 -0.0700727 3.18943 -0.510457 -0.041568 3.15858 -0.605799 -0.0394968 3.10029 -0.594072 0.35284 3.12467 -0.593911 0.747374 3.15655 -0.402793 -0.0450581 3.19756 -0.416092 0.34597 3.19347 -0.412502 0.741974 3.20996 
-0.413575 -0.671808 2.99442 -0.522995 -0.568405 3.15646 -0.68343 -0.568071 3.08537 -0.735132 -0.273456 3.07112 -0.721713 -0.0307296 3.00605 -0.358424 -0.577984 3.23617 -0.300688 -0.313875 3.25625 -0.253727 -0.0703296 3.18887 -0.511062 -0.0424094 3.15862 -0.606376 -0.041002 3.09967 -0.594308 0.35275 3.12478 -0.593996 0.74738 3.15736 -0.403279 -0.046556 3.1976 -0.416239 0.34646 3.19329 -0.413095 0.741714 3.21 
-0.414937 -0.6728 2.9967 -0.523492 -0.568309 3.15636 -0.685921 -0.566987 3.08646 -0.735748 -0.273015 3.07048 -0.722253 -0.0295037 3.00472 -0.360564 -0.577596 3.23857 -0.301743 -0.312751 3.25486 -0.255166 -0.0703128 3.18741 -0.512003 -0.043633 3.15876 -0.607025 -0.0422002 3.10035 -0.594434 0.351766 3.12492 -0.59416 0.747381 3.15906 -0.403641 -0.0479816 3.19758 -0.416083 0.346269 3.19308 -0.414472 0.741399 3.21012 
-0.418113 -0.674191 2.99495 -0.524222 -0.568058 3.15637 -0.687178 -0.566363 3.08617 -0.736065 -0.272714 3.07007 -0.722515 -0.0308069 3.00299 -0.362147 -0.576893 3.23979 -0.3029 -0.312722 3.25397 -0.256885 -0.0705594 3.18635 -0.513741 -0.0445846 3.15889 -0.608236 -0.0424601 3.10035 -0.59451 0.350935 3.12526 -0.594242 0.747522 3.1601 -0.403979 -0.0488763 3.1976 -0.41556 0.34689 3.19279 -0.415132 0.741161 3.21017 
-0.421232 -0.675331 2.99327 -0.52565 -0.567402 3.1565 -0.688025 -0.565602 3.08419 -0.736208 -0.272478 3.06978 -0.72353 -0.0315141 3.00179 -0.363947 -0.577041 3.24069 -0.304477 -0.312667 3.25373 -0.258298 -0.0701063 3.18549 -0.515065 -0.0442013 3.15895 -0.608781 -0.0419007 3.09955 -0.594577 0.351334 3.12602 -0.594248 0.747921 3.16114 -0.404717 -0.0482985 3.19757 -0.41437 0.348741 3.19222 -0.415454 0.740799 3.21021 
-0.423436 -0.676298 2.99202 -0.528581 -0.567604 3.15662 -0.688862 -0.565799 3.08402 -0.736237 -0.272316 3.06954 -0.724098 -0.0322683 3.00106 -0.364765 -0.576419 3.24156 -0.307214 -0.314116 3.254 -0.259801 -0.0702684 3.18458 -0.516734 -0.0421486 3.15881 -0.610888 -0.0400303 3.0974 -0.594615 0.353281 3.12734 -0.594161 0.748868 3.16278 -0.40627 -0.0458436 3.19748 -0.411915 0.349947 3.19102 -0.415633 0.740031 3.21024 
-0.425361 -0.676864 2.99109 -0.529865 -0.566947 3.15681 -0.690393 -0.565424 3.08311 -0.736173 -0.272059 3.06927 -0.724386 -0.0322362 3.0006 -0.365271 -0.576048 3.24308 -0.308245 -0.314175 3.25431 -0.260585 -0.0700742 3.18428 -0.517354 -0.0417671 3.15871 -0.611765 -0.0385401 3.09732 -0.59473 0.354695 3.12711 -0.594551 0.749267 3.16353 -0.406803 -0.0442088 3.19733 -0.409823 0.351089 3.18863 -0.4158 0.739949 3.20989 
-0.425798 -0.677693 2.99019 -0.530293 -0.566658 3.15693 -0.691086 -0.565954 3.0833 -0.736018 -0.271636 3.06894 -0.724504 -0.0313655 3.00027 -0.365474 -0.575657 3.24365 -0.308011 -0.312927 3.25498 -0.260908 -0.0700193 3.18442 -0.517258 -0.0412612 3.15857 -0.611813 -0.0380444 3.09748 -0.595067 0.354698 3.12655 -0.59565 0.749441 3.16377 -0.406803 -0.0423623 3.19709 -0.407188 0.351245 3.18378 -0.41604 0.740477 3.20902 
-0.424925 -0.677767 2.98995 -0.530229 -0.566481 3.15679 -0.69106 -0.566314 3.08207 -0.735797 -0.270835 3.06847 -0.724552 -0.0292346 3.00003 -0.365484 -0.574867 3.24348 -0.308752 -0.312602 3.2557 -0.261989 -0.070142 3.18543 -0.516405 -0.040273 3.15829 -0.611042 -0.0367882 3.098 -0.595566 0.355133 3.12523 -0.598152 0.74956 3.16349 -0.406041 -0.0404934 3.19673 -0.401913 0.352164 3.17656 -0.415884 0.74034 3.20732 
-0.422519 -0.677886 2.99029 -0.529572 -0.566274 3.15642 -0.690574 -0.565105 3.08121 -0.735569 -0.270084 3.06777 -0.724311 -0.0272035 2.9998 -0.365244 -0.573075 3.24255 -0.308673 -0.311549 3.25721 -0.261878 -0.0704897 3.1875 -0.514326 -0.0380569 3.15791 -0.609028 -0.035224 3.09925 -0.594345 0.359376 3.12301 -0.599513 0.749799 3.16463 -0.404134 -0.0387728 3.19613 -0.396965 0.354095 3.16918 -0.415689 0.739574 3.20645 
-0.417975 -0.678581 2.99075 -0.527953 -0.565943 3.1555 -0.689291 -0.563248 3.08032 -0.73534 -0.269155 3.06671 -0.723435 -0.0267181 2.99955 -0.364518 -0.572463 3.24026 -0.307551 -0.311665 3.26031 -0.260616 -0.0714622 3.19121 -0.5097 -0.0362425 3.15721 -0.604668 -0.034045 3.10006 -0.591166 0.360207 3.11844 -0.599671 0.750057 3.16544 -0.399705 -0.0390514 3.19492 -0.391641 0.35293 3.16058 -0.415274 0.739268 3.20574 
-0.411732 -0.679016 2.99129 -0.524464 -0.565192 3.15342 -0.686373 -0.560904 3.07624 -0.733902 -0.266643 3.06645 -0.722124 -0.0226915 2.99955 -0.362968 -0.572514 3.23525 -0.305534 -0.311951 3.26419 -0.258969 -0.0724619 3.19808 -0.502352 -0.0365773 3.15574 -0.597656 -0.0337984 3.10039 -0.586779 0.360462 3.1085 -0.599319 0.75083 3.16376 -0.393126 -0.0402134 3.19516 -0.385564 0.350835 3.15152 -0.415881 0.738942 3.20503 
-0.403734 -0.674888 2.99642 -0.521612 -0.563424 3.15188 -0.682813 -0.557618 3.07424 -0.731881 -0.262655 3.06719 -0.720952 -0.0170668 2.99966 -0.360274 -0.571355 3.23195 -0.303145 -0.310664 3.26943 -0.255287 -0.0717196 3.20613 -0.493314 -0.0346176 3.15515 -0.590768 -0.0309579 3.10062 -0.580268 0.361893 3.09235 -0.597646 0.750921 3.15872 -0.385621 -0.038558 3.19697 -0.377409 0.351796 3.14205 -0.415229 0.738801 3.20359 
-0.395431 -0.668933 2.99896 -0.517787 -0.559013 3.15001 -0.676993 -0.552186 3.07054 -0.728898 -0.257524 3.06921 -0.718416 -0.010762 3.00037 -0.355487 -0.566122 3.23095 -0.299498 -0.304663 3.27662 -0.247888 -0.0684582 3.21652 -0.482213 -0.0308119 3.15529 -0.582911 -0.0284067 3.09917 -0.571131 0.36347 3.0657 -0.596093 0.749751 3.15033 -0.377614 -0.0360149 3.19976 -0.364323 0.351357 3.12872 -0.412305 0.735135 3.20093 
-0.386318 -0.661581 2.99919 -0.510755 -0.549547 3.14704 -0.665925 -0.538149 3.06389 -0.724376 -0.247675 3.07188 -0.714527 0.00155302 3.00228 -0.350359 -0.556029 3.2291 -0.29456 -0.290995 3.28858 -0.238285 -0.0633356 3.22769 -0.469674 -0.0253354 3.15645 -0.572384 -0.0226012 3.09962 -0.562265 0.366724 3.03808 -0.594014 0.748783 3.14459 -0.367392 -0.0290894 3.20494 -0.339351 0.348583 3.10484 -0.406153 0.726636 3.19531 
-0.376057 -0.650905 2.99864 -0.502048 -0.534472 3.14413 -0.653426 -0.522303 3.05704 -0.720577 -0.232165 3.07108 -0.712279 0.0168279 3.00009 -0.344892 -0.545394 3.22681 -0.287582 -0.277882 3.29988 -0.227046 -0.0565322 3.23954 -0.459593 -0.0179707 3.15857 -0.560407 -0.0146731 3.10099 -0.557048 0.375652 3.02007 -0.59346 0.74865 3.14057 -0.357647 -0.0218174 3.21192 -0.307672 0.341511 3.0784 -0.396699 0.703798 3.18372 
-0.362096 -0.636419 3.00356 -0.491753 -0.517813 3.14104 -0.640071 -0.505516 3.04966 -0.714845 -0.215984 3.06763 -0.708896 0.035681 2.99893 -0.338965 -0.532319 3.22866 -0.280196 -0.263001 3.31026 -0.213621 -0.0440931 3.251 -0.448916 -0.010012 3.16414 -0.546903 -0.00572416 3.10537 -0.554778 0.38103 3.00566 -0.592194 0.746904 3.13543 -0.347108 -0.0153582 3.22225 -0.267547 0.324091 3.04869 -0.384403 0.666275 3.17148 
-0.344264 -0.62417 3.00794 -0.475699 -0.500453 3.13685 -0.623189 -0.486098 3.03862 -0.70315 -0.196054 3.05804 -0.704132 0.0534216 3.00185 -0.328299 -0.514947 3.23496 -0.270436 -0.248131 3.31745 -0.195083 -0.0308387 3.26769 -0.43414 -0.00525905 3.1748 -0.530977 0.00248916 3.11616 -0.554541 0.383941 2.98569 -0.591646 0.74328 3.13434 -0.333079 -0.0114909 3.23775 -0.215144 0.288578 3.02027 -0.367815 0.605944 3.16523 
-0.322583 -0.617324 3.01405 -0.455255 -0.488846 3.1341 -0.601334 -0.472636 3.03061 -0.683375 -0.181973 3.04665 -0.694591 0.0657537 3.00074 -0.313491 -0.50169 3.24285 -0.255727 -0.238739 3.32959 -0.173696 -0.0210291 3.29118 -0.41866 -0.0034675 3.18539 -0.515982 0.00825184 3.12993 -0.551355 0.386088 2.97605 -0.590178 0.740048 3.1327 -0.316996 -0.0117793 3.25133 -0.160962 0.244169 3.00008 -0.339485 0.528808 3.16787 
-0.295275 -0.618457 3.01961 -0.4312 -0.487911 3.13458 -0.569992 -0.474564 3.02738 -0.657017 -0.180843 3.03587 -0.675583 0.0637422 2.99572 -0.288467 -0.499331 3.25019 -0.233409 -0.242208 3.34628 -0.147827 -0.014459 3.32324 -0.400335 -0.011808 3.19497 -0.497986 0.00261479 3.14182 -0.540339 0.378619 2.97617 -0.585681 0.740923 3.13176 -0.297985 -0.0214523 3.26459 -0.109511 0.196071 2.99403 -0.291313 0.447787 3.18658 
-0.260908 -0.630829 3.0255 -0.395872 -0.505697 3.14039 -0.533673 -0.494678 3.02948 -0.627934 -0.208707 3.03577 -0.652569 0.0357871 2.99299 -0.258152 -0.513679 3.26011 -0.200807 -0.260617 3.37213 -0.116703 -0.0298804 3.35808 -0.375643 -0.0318114 3.20233 -0.471429 -0.0179196 3.14857 -0.520047 0.362122 2.99202 -0.580008 0.736272 3.13051 -0.274251 -0.041509 3.27377 -0.0608249 0.153825 3.00701 -0.227647 0.391536 3.21421 
-0.225003 -0.65573 3.02946 -0.352745 -0.544817 3.15611 -0.488905 -0.537002 3.04178 -0.597815 -0.26602 3.0544 -0.626368 -0.0211493 3.00876 -0.216403 -0.549961 3.27041 -0.162935 -0.302601 3.39675 -0.0773621 -0.0702094 3.39285 -0.345398 -0.0660214 3.20906 -0.440369 -0.052755 3.15409 -0.488618 0.340047 3.0197 -0.5713 0.719655 3.13476 -0.242673 -0.0757599 3.28099 -0.0124155 0.129697 3.03331 -0.153293 0.381948 3.24269 
-0.19125 -0.680159 3.03474 -0.310077 -0.585848 3.17297 -0.449028 -0.580483 3.06248 -0.567465 -0.315251 3.07937 -0.599576 -0.069131 3.03336 -0.174083 -0.58675 3.28583 -0.124108 -0.342966 3.41693 -0.0405603 -0.109401 3.41421 -0.308691 -0.0969936 3.21727 -0.405874 -0.0871249 3.15919 -0.456069 0.31034 3.03577 -0.556129 0.685471 3.13979 -0.20714 -0.107024 3.28639 0.023512 0.129125 3.06749 -0.0841999 0.417549 3.26478 
-0.155185 -0.699217 3.04062 -0.272409 -0.614523 3.18947 -0.40863 -0.610558 3.08418 -0.539133 -0.346685 3.10243 -0.577411 -0.0971469 3.05959 -0.126929 -0.616915 3.29525 -0.0827532 -0.37415 3.42933 -0.000396883 -0.134121 3.42616 -0.26798 -0.120113 3.22519 -0.364674 -0.110888 3.16495 -0.423083 0.280054 3.03042 -0.533491 0.642167 3.15129 -0.163528 -0.127718 3.2916 0.0491103 0.149347 3.10504 -0.0175625 0.478755 3.28462 
-0.11738 -0.7117 3.04657 -0.226584 -0.633364 3.20381 -0.364822 -0.629256 3.10712 -0.502025 -0.360536 3.12823 -0.55099 -0.106595 3.09319 -0.0786145 -0.632723 3.30275 -0.0343216 -0.386939 3.4387 0.0433652 -0.150103 3.43416 -0.221977 -0.13087 3.23423 -0.319919 -0.125405 3.17104 -0.373701 0.243028 3.00488 -0.492652 0.573171 3.18201 -0.117673 -0.133474 3.29952 0.0683733 0.197308 3.15681 0.0496735 0.564841 3.30442 
-0.0821866 -0.703771 3.05787 -0.183196 -0.629475 3.22068 -0.325419 -0.624664 3.13338 -0.46367 -0.357372 3.15608 -0.523487 -0.0984284 3.13159 -0.0380692 -0.627957 3.31093 0.0078169 -0.38118 3.4466 0.0822844 -0.138427 3.43558 -0.18233 -0.122151 3.2418 -0.283552 -0.121406 3.17753 -0.321901 0.217297 2.97355 -0.437858 0.493275 3.2179 -0.0769084 -0.121114 3.30982 0.0779669 0.247398 3.20489 0.0919077 0.633916 3.32439 
-0.0500731 -0.685757 3.06845 -0.143837 -0.607126 3.23843 -0.290083 -0.605116 3.15741 -0.426615 -0.339719 3.17905 -0.494417 -0.0784881 3.16521 0.00416874 -0.607113 3.31994 0.0492046 -0.355262 3.44937 0.121679 -0.115127 3.43218 -0.143869 -0.0991287 3.25333 -0.245913 -0.10166 3.18671 -0.272943 0.203113 2.94902 -0.37384 0.429295 3.24627 -0.0424742 -0.0974499 3.32043 0.0883672 0.292264 3.2389 0.114065 0.687112 3.34378 
-0.0172617 -0.658916 3.08038 -0.102079 -0.569789 3.25561 -0.251272 -0.568003 3.17728 -0.386507 -0.309021 3.20172 -0.458615 -0.0486098 3.19686 0.0487531 -0.568892 3.33004 0.094069 -0.308791 3.44603 0.166146 -0.0770961 3.42411 -0.104077 -0.0642732 3.26761 -0.20515 -0.0680219 3.20029 -0.210525 0.199363 2.93355 -0.293113 0.386685 3.26189 -0.00243149 -0.0588835 3.33114 0.112998 0.3313 3.25361 0.124816 0.721109 3.35717 
0.0113446 -0.636213 3.09047 -0.0704678 -0.539102 3.26978 -0.222861 -0.540959 3.1906 -0.351155 -0.280132 3.22162 -0.419639 -0.019943 3.22468 0.0857901 -0.536035 3.34004 0.127206 -0.275957 3.43921 0.202946 -0.0471145 3.41253 -0.0724574 -0.0362936 3.28379 -0.176421 -0.0428568 3.21714 -0.155798 0.206628 2.9355 -0.216269 0.387293 3.27646 0.0284921 -0.0322612 3.34648 0.139885 0.345043 3.25226 0.129679 0.736528 3.3623 
0.0395011 -0.616372 3.09995 -0.0451672 -0.521284 3.27945 -0.197858 -0.524159 3.19813 -0.31631 -0.262643 3.2355 -0.377271 -0.00293778 3.24225 0.112381 -0.520603 3.34904 0.155182 -0.258012 3.43806 0.231179 -0.0308839 3.39987 -0.0482195 -0.0190131 3.29672 -0.149486 -0.0261206 3.23 -0.104247 0.226349 2.95562 -0.14097 0.434293 3.28335 0.053277 -0.0171762 3.35967 0.159813 0.35503 3.25203 0.132085 0.74237 3.36496 
0.0644533 -0.604889 3.11051 -0.0205861 -0.514869 3.28703 -0.175147 -0.518704 3.20302 -0.287127 -0.252869 3.24445 -0.330498 0.00574055 3.25423 0.134964 -0.515636 3.36063 0.174088 -0.251072 3.44283 0.250484 -0.0285989 3.396 -0.0225688 -0.0121739 3.30716 -0.124717 -0.0162998 3.24158 -0.0633936 0.259128 2.99149 -0.0794971 0.51355 3.28117 0.0788656 -0.0118527 3.37101 0.169457 0.360636 3.25745 0.134146 0.741655 3.36682 
0.0842725 -0.60158 3.11867 -0.0043714 -0.515399 3.29222 -0.15619 -0.519772 3.20632 -0.260513 -0.248042 3.24942 -0.28771 0.00995757 3.25446 0.152925 -0.517793 3.37188 0.189584 -0.251146 3.45168 0.263566 -0.0371032 3.39387 0.000211055 -0.00987808 3.31264 -0.102497 -0.0120759 3.24954 -0.0326019 0.294303 3.03399 -0.0391221 0.593185 3.28333 0.101263 -0.011779 3.37654 0.175021 0.362141 3.25852 0.135714 0.738811 3.36813 
0.0988932 -0.604362 3.12611 0.00798044 -0.517652 3.29573 -0.142177 -0.520461 3.20821 -0.237028 -0.241675 3.24962 -0.252413 0.0167289 3.24371 0.164854 -0.522942 3.38241 0.204546 -0.257385 3.46519 0.271194 -0.0494827 3.39816 0.0234138 -0.00993344 3.31622 -0.0820712 -0.00809501 3.25616 -0.0105363 0.334525 3.09119 -0.0165478 0.665009 3.29768 0.121584 -0.0130029 3.37998 0.179917 0.362349 3.25329 0.134723 0.73723 3.36922 
0.11035 -0.605412 3.13293 0.0164363 -0.515328 3.2972 -0.132097 -0.513868 3.21009 -0.216565 -0.230195 3.24382 -0.225459 0.0288088 3.22689 0.171995 -0.521812 3.38774 0.219703 -0.25852 3.4744 0.282097 -0.0523578 3.41529 0.0415474 -0.00545172 3.31959 -0.0618756 -0.00101278 3.26202 0.0035242 0.359745 3.12491 -0.00446437 0.70501 3.31236 0.143561 -0.00938205 3.38282 0.189434 0.368353 3.24126 0.135251 0.733411 3.36598 
0.120789 -0.602342 3.14124 0.0261393 -0.506275 3.29771 -0.124948 -0.497712 3.21093 -0.197312 -0.212963 3.23505 -0.200927 0.048006 3.20702 0.178541 -0.516836 3.39081 0.231381 -0.253608 3.47977 0.296321 -0.0435598 3.43135 0.0572762 0.00247789 3.32326 -0.0453386 0.00731369 3.26899 0.0122264 0.372484 3.13733 0.0015621 0.723151 3.31919 0.160741 -0.00299851 3.38675 0.203893 0.368643 3.2285 0.135542 0.722057 3.36214 
0.131758 -0.595816 3.14929 0.0354941 -0.491788 3.29804 -0.11693 -0.478329 3.21248 -0.177945 -0.187379 3.22156 -0.177514 0.0721627 3.18192 0.183484 -0.5054 3.39378 0.241909 -0.243029 3.48215 0.309888 -0.0285611 3.44053 0.075164 0.0134126 3.32914 -0.027193 0.0187156 3.27601 0.0181906 0.381894 3.13952 0.00303683 0.729635 3.32236 0.176226 0.00651474 3.39213 0.230017 0.367614 3.2135 0.136787 0.703073 3.3584 
0.143524 -0.589902 3.15742 0.0454605 -0.474087 3.29908 -0.107839 -0.456933 3.2158 -0.159016 -0.160645 3.20236 -0.156415 0.0954639 3.15672 0.189892 -0.490565 3.39636 0.252576 -0.230342 3.483 0.323691 -0.0127583 3.44856 0.0937014 0.0258778 3.3402 -0.0103769 0.0329567 3.2868 0.0229259 0.387328 3.14096 0.00314228 0.731294 3.32827 0.191713 0.0169098 3.4022 0.260211 0.357061 3.19269 0.141628 0.670428 3.35467 
0.157529 -0.584631 3.16576 0.0571107 -0.460166 3.30155 -0.0934663 -0.437018 3.21779 -0.141961 -0.141167 3.18826 -0.136634 0.113516 3.12601 0.199162 -0.47795 3.39809 0.267803 -0.219176 3.48869 0.343569 -0.0042376 3.45535 0.110671 0.0330947 3.35335 0.00798822 0.0392106 3.29859 0.0281491 0.390737 3.14446 0.00303732 0.728786 3.3304 0.210163 0.0213948 3.41345 0.299009 0.333083 3.17311 0.153725 0.620975 3.35818 
0.17484 -0.582831 3.17349 0.0749058 -0.453125 3.30742 -0.0700465 -0.425576 3.22103 -0.119778 -0.131369 3.17946 -0.109563 0.122102 3.10192 0.216668 -0.471361 3.40256 0.292914 -0.216038 3.50284 0.376045 -0.00254956 3.46208 0.126496 0.0308977 3.36935 0.0267806 0.0385005 3.31105 0.0371659 0.388522 3.14008 0.00458341 0.724331 3.33056 0.230674 0.0177463 3.42488 0.352851 0.287633 3.16067 0.17979 0.551446 3.3734 
0.195764 -0.59112 3.1806 0.0965061 -0.458338 3.31563 -0.0484739 -0.429476 3.22469 -0.101031 -0.136891 3.17874 -0.0832122 0.109689 3.08828 0.238213 -0.476244 3.40984 0.318684 -0.224178 3.51689 0.412313 -0.0118463 3.47124 0.145564 0.0197883 3.37902 0.0452526 0.0307918 3.3186 0.0468451 0.381526 3.14357 0.00937585 0.730521 3.32874 0.248774 0.00363963 3.43286 0.408673 0.24831 3.16312 0.212618 0.48564 3.39579 
0.220328 -0.61057 3.18737 0.124776 -0.478216 3.32565 -0.0207409 -0.4522 3.23143 -0.0775747 -0.16381 3.19084 -0.0555641 0.0724394 3.09197 0.264116 -0.496451 3.42243 0.349788 -0.245475 3.53065 0.456005 -0.0338496 3.48493 0.169265 -0.00535129 3.38561 0.0668297 0.00863878 3.32545 0.0613642 0.367823 3.15711 0.0152384 0.727783 3.32625 0.269465 -0.0215734 3.44225 0.466541 0.204721 3.18338 0.26642 0.437952 3.42464 
0.251657 -0.645438 3.19517 0.162562 -0.523465 3.34138 0.0202894 -0.502382 3.24529 -0.0572596 -0.221054 3.21837 -0.0274613 0.00458605 3.11863 0.30266 -0.540383 3.44504 0.396844 -0.29245 3.54934 0.506773 -0.0791102 3.50352 0.200138 -0.046746 3.39259 0.0988499 -0.0328854 3.33114 0.0872716 0.337897 3.18107 0.0225663 0.709319 3.32216 0.300931 -0.0627297 3.45748 0.525879 0.16428 3.23299 0.34728 0.422726 3.45555 
0.282623 -0.676888 3.20574 0.198872 -0.567969 3.3608 0.0545227 -0.549136 3.26457 -0.0377118 -0.273677 3.25082 -0.00571691 -0.0475233 3.15067 0.347398 -0.58411 3.4615 0.440991 -0.334992 3.56571 0.549464 -0.129286 3.51439 0.239877 -0.0840235 3.39925 0.13365 -0.0721142 3.33495 0.119598 0.300289 3.18916 0.0390475 0.675955 3.31433 0.339645 -0.0978533 3.46731 0.563504 0.155448 3.28264 0.425422 0.455074 3.48348 
0.313542 -0.702183 3.21797 0.241984 -0.605417 3.38268 0.092541 -0.58941 3.28729 -0.0111609 -0.314266 3.28382 0.00841864 -0.0830614 3.18983 0.39262 -0.61999 3.47677 0.483887 -0.375891 3.58152 0.587269 -0.169413 3.52474 0.280563 -0.114579 3.40844 0.173849 -0.103946 3.33972 0.160901 0.254704 3.1859 0.0742257 0.61864 3.31362 0.384548 -0.125123 3.47888 0.582916 0.174887 3.32971 0.497994 0.517522 3.50944 
0.342118 -0.717248 3.231 0.281305 -0.627619 3.40154 0.124292 -0.613349 3.3161 0.012218 -0.332065 3.31604 0.0187969 -0.0907627 3.23287 0.432935 -0.637845 3.49273 0.516769 -0.391452 3.59654 0.617781 -0.18343 3.53673 0.314438 -0.127956 3.42367 0.209629 -0.120724 3.35347 0.197373 0.211686 3.16389 0.117713 0.549768 3.33319 0.423204 -0.132273 3.49409 0.587271 0.210776 3.38564 0.551149 0.588852 3.54021 
0.369637 -0.71755 3.24483 0.315896 -0.624848 3.4207 0.157033 -0.612076 3.3423 0.0364998 -0.332584 3.346 0.0293695 -0.0852309 3.27541 0.46695 -0.633584 3.5021 0.551203 -0.38272 3.60677 0.643287 -0.174251 3.54654 0.349322 -0.123737 3.43776 0.245004 -0.121939 3.36811 0.243542 0.180603 3.14055 0.171071 0.489307 3.35403 0.455083 -0.124841 3.50611 0.584353 0.255432 3.43732 0.582148 0.649646 3.5656 
0.398426 -0.703763 3.26165 0.354119 -0.598254 3.44388 0.192628 -0.586293 3.36858 0.066243 -0.318597 3.37614 0.043115 -0.0668356 3.31788 0.507868 -0.606702 3.51381 0.57937 -0.349489 3.61318 0.669607 -0.14141 3.55508 0.381783 -0.0994586 3.45634 0.281394 -0.0999881 3.38686 0.294323 0.166966 3.1289 0.24123 0.445573 3.37821 0.487962 -0.0995246 3.52177 0.583944 0.306111 3.47928 0.597179 0.702318 3.58788 
0.425106 -0.682425 3.2769 0.381009 -0.564243 3.4615 0.222928 -0.554932 3.38785 0.0946127 -0.29688 3.40208 0.062755 -0.0432188 3.35378 0.542204 -0.571066 3.529 0.604402 -0.307378 3.6143 0.687533 -0.0970791 3.56172 0.411152 -0.0666918 3.47511 0.307482 -0.0679077 3.40386 0.341317 0.179667 3.13401 0.306266 0.448573 3.39976 0.51532 -0.0647661 3.53962 0.593108 0.344893 3.49998 0.6033 0.734102 3.60639 
0.449674 -0.66264 3.29078 0.404954 -0.543463 3.47462 0.245176 -0.536054 3.39971 0.122407 -0.277471 3.4213 0.089171 -0.0242833 3.38025 0.566342 -0.548882 3.5424 0.62167 -0.276872 3.61369 0.698988 -0.0612854 3.56732 0.434659 -0.0432995 3.48855 0.329522 -0.0437526 3.41721 0.38797 0.207428 3.15621 0.366287 0.486437 3.42467 0.539553 -0.0433654 3.55343 0.609479 0.360875 3.50441 0.606292 0.746667 3.61458 
0.470689 -0.645287 3.30271 0.425334 -0.531094 3.48646 0.265365 -0.525449 3.40793 0.151531 -0.264083 3.43388 0.123635 -0.0118049 3.39569 0.584333 -0.535244 3.5574 0.631009 -0.258432 3.62213 0.705435 -0.0384269 3.57488 0.454045 -0.0281204 3.49885 0.351136 -0.0263978 3.42807 0.434597 0.253379 3.19373 0.422165 0.556455 3.44938 0.560328 -0.030101 3.56444 0.628225 0.365908 3.50117 0.608608 0.74856 3.61727 
0.484038 -0.636514 3.31175 0.436395 -0.525157 3.50155 0.280744 -0.520207 3.41525 0.174256 -0.256546 3.44182 0.15948 -0.00366102 3.40141 0.596991 -0.528338 3.57318 0.636938 -0.249568 3.63378 0.709503 -0.0284158 3.5802 0.470483 -0.0187919 3.50631 0.369201 -0.0124264 3.43719 0.467544 0.301239 3.25177 0.461653 0.635476 3.47793 0.576009 -0.023499 3.57352 0.639191 0.368708 3.50113 0.609441 0.747348 3.6185 
0.490959 -0.632057 3.31537 0.442575 -0.525118 3.50875 0.290366 -0.518941 3.41898 0.195399 -0.251715 3.4466 0.194632 0.00598356 3.39881 0.605275 -0.529928 3.58147 0.641753 -0.250267 3.64203 0.713805 -0.0270141 3.5838 0.483383 -0.0154382 3.51111 0.382223 -0.006487 3.44445 0.489048 0.337908 3.30169 0.486469 0.690884 3.50394 0.588084 -0.0229626 3.57845 0.643386 0.364311 3.50484 0.609347 0.747142 3.62106 
0.492285 -0.629442 3.31609 0.445435 -0.525058 3.51243 0.295142 -0.518738 3.42147 0.212856 -0.249002 3.44919 0.222381 0.00967616 3.38925 0.609137 -0.531916 3.58501 0.645298 -0.253662 3.64908 0.718838 -0.0305358 3.58638 0.492959 -0.0149483 3.51596 0.390446 -0.00518524 3.45146 0.498014 0.360557 3.3429 0.49758 0.719054 3.5266 0.597033 -0.0237655 3.58257 0.644651 0.364849 3.51412 0.6084 0.749719 3.62219 
0.488367 -0.627293 3.314 0.446784 -0.524736 3.51225 0.295507 -0.517744 3.42654 0.224704 -0.241302 3.4482 0.245492 0.00895022 3.37763 0.610777 -0.53411 3.58319 0.649058 -0.256634 3.64801 0.725253 -0.0339452 3.58824 0.498033 -0.0150537 3.5189 0.395968 -0.0054006 3.45525 0.497508 0.365716 3.35855 0.501093 0.724836 3.53562 0.601196 -0.0257629 3.58601 0.643969 0.361801 3.51861 0.60874 0.749777 3.62238 
0.480049 -0.624525 3.309 0.447163 -0.525719 3.51062 0.293534 -0.516852 3.43502 0.22902 -0.236868 3.44794 0.268057 0.0007907 3.36424 0.611124 -0.536687 3.57484 0.655652 -0.259953 3.63932 0.73544 -0.0342205 3.58566 0.497174 -0.0159323 3.52121 0.395236 -0.00690731 3.45961 0.489501 0.357748 3.35144 0.497277 0.712016 3.53226 0.598195 -0.0270758 3.58631 0.640706 0.36046 3.51869 0.608522 0.747827 3.62225 
0.469839 -0.620208 3.30286 0.444696 -0.523198 3.50689 0.288547 -0.51483 3.4445 0.22583 -0.232425 3.44915 0.273109 -0.00462658 3.34911 0.607916 -0.534225 3.55985 0.662495 -0.258717 3.62247 0.744399 -0.0311445 3.57745 0.489955 -0.0166174 3.522 0.387587 -0.00762332 3.4624 0.478757 0.34237 3.32596 0.485973 0.679955 3.5244 0.591217 -0.0256879 3.58593 0.638808 0.359653 3.51436 0.607793 0.747587 3.6215 
0.456796 -0.615148 3.29617 0.440331 -0.51524 3.50406 0.279878 -0.50803 3.45229 0.214038 -0.224141 3.44979 0.262789 -0.00278741 3.33869 0.601661 -0.527331 3.54716 0.669643 -0.254126 3.60563 0.751844 -0.026406 3.56357 0.47718 -0.0158107 3.52196 0.375662 -0.00650992 3.46274 0.464597 0.3186 3.2938 0.462405 0.625521 3.51997 0.581097 -0.0224365 3.5844 0.63813 0.361486 3.50533 0.608044 0.748569 3.61957 
0.439868 -0.609807 3.28839 0.433741 -0.506143 3.50058 0.267335 -0.501268 3.45632 0.193736 -0.214857 3.45078 0.242716 0.000920204 3.3348 0.59157 -0.517903 3.53745 0.674766 -0.250741 3.58981 0.754779 -0.0241751 3.5429 0.460832 -0.0162891 3.52126 0.357726 -0.00967478 3.46323 0.440884 0.281323 3.25373 0.425521 0.554467 3.51928 0.569032 -0.0202165 3.58063 0.634649 0.363996 3.49112 0.606694 0.752183 3.61712 
0.419069 -0.608235 3.27946 0.421348 -0.503005 3.4943 0.251116 -0.499842 3.45931 0.171663 -0.212917 3.44952 0.210974 0.00528669 3.33486 0.5788 -0.514313 3.52675 0.673624 -0.255014 3.57307 0.751297 -0.0330655 3.52066 0.440622 -0.0193461 3.51903 0.33546 -0.0170412 3.46187 0.404581 0.239195 3.21114 0.373267 0.466564 3.50592 0.552241 -0.0231852 3.572 0.623914 0.366596 3.48178 0.604592 0.753419 3.61351 
0.392172 -0.618896 3.26801 0.400772 -0.514217 3.48346 0.231178 -0.510791 3.45663 0.141098 -0.230496 3.44283 0.16198 0.000199719 3.33267 0.560652 -0.527115 3.51358 0.662371 -0.279083 3.56425 0.737984 -0.0587494 3.50393 0.41695 -0.0335924 3.51141 0.311839 -0.0319362 3.4549 0.352445 0.194223 3.18247 0.316056 0.40924 3.48773 0.52833 -0.0344005 3.55881 0.602635 0.359698 3.48001 0.600585 0.747601 3.61184 
0.361094 -0.641349 3.25455 0.372136 -0.54191 3.46893 0.204072 -0.534982 3.44294 0.107693 -0.253497 3.43271 0.108999 -0.0139742 3.33043 0.533563 -0.558773 3.49703 0.640231 -0.321844 3.56355 0.713128 -0.100455 3.49402 0.390681 -0.0595532 3.49883 0.285805 -0.0597641 3.44345 0.290745 0.155038 3.16455 0.249788 0.390028 3.4569 0.499983 -0.0581146 3.54388 0.574889 0.340534 3.48363 0.592012 0.729768 3.61109 
0.329965 -0.66683 3.23793 0.340842 -0.579074 3.45427 0.173211 -0.56622 3.4201 0.0742871 -0.28037 3.41889 0.0563538 -0.0338615 3.32731 0.502004 -0.597998 3.48195 0.610599 -0.366773 3.56819 0.679286 -0.143021 3.49713 0.362819 -0.0917897 3.48064 0.255989 -0.0906096 3.42538 0.239934 0.140879 3.16261 0.187275 0.420677 3.41357 0.469434 -0.0906315 3.52831 0.546208 0.309402 3.46862 0.573005 0.692159 3.60552 
0.297713 -0.684245 3.219 0.303697 -0.606604 3.4398 0.138105 -0.59129 3.39809 0.0367255 -0.30251 3.40274 0.00379209 -0.0509196 3.3211 0.465195 -0.624074 3.47346 0.574232 -0.398536 3.57239 0.639841 -0.167481 3.50558 0.328735 -0.116922 3.4646 0.220074 -0.111968 3.40986 0.188499 0.164167 3.17593 0.125072 0.481976 3.38915 0.432682 -0.115912 3.51503 0.525529 0.274893 3.43298 0.536434 0.635081 3.60298 
0.264169 -0.690935 3.20109 0.263156 -0.617377 3.41958 0.100084 -0.60315 3.36934 -0.00341609 -0.311755 3.38338 -0.0450228 -0.0574742 3.30756 0.425085 -0.631591 3.46543 0.525978 -0.402139 3.57625 0.593309 -0.16974 3.5201 0.289546 -0.121563 3.44662 0.179937 -0.114202 3.39432 0.136286 0.212616 3.20555 0.0634169 0.568432 3.37414 0.391288 -0.124508 3.49635 0.515536 0.246173 3.38037 0.477342 0.560929 3.59866 
0.232103 -0.681999 3.18494 0.224055 -0.603623 3.40179 0.0613762 -0.591891 3.33646 -0.0437548 -0.307291 3.35858 -0.08771 -0.0516586 3.28622 0.381845 -0.615836 3.45837 0.471764 -0.374474 3.57571 0.54427 -0.139983 3.54045 0.244992 -0.106852 3.42547 0.139953 -0.095064 3.37732 0.0939101 0.283574 3.2433 0.013763 0.653205 3.37492 0.350563 -0.114632 3.47555 0.501228 0.226073 3.3095 0.40025 0.469377 3.58151 
0.201214 -0.660885 3.17168 0.180314 -0.577559 3.38766 0.0208697 -0.568145 3.31497 -0.0819516 -0.287318 3.33593 -0.121443 -0.032683 3.26459 0.336694 -0.587014 3.4501 0.411107 -0.339588 3.56962 0.485702 -0.103373 3.54959 0.202525 -0.0748109 3.407 0.0989699 -0.0631149 3.35972 0.058236 0.329318 3.25582 -0.0217732 0.70226 3.38501 0.30914 -0.0859111 3.45622 0.477952 0.220349 3.26005 0.318274 0.402397 3.55449 
0.172598 -0.640522 3.15708 0.144179 -0.550478 3.37033 -0.0108578 -0.541696 3.29656 -0.112102 -0.263452 3.31812 -0.145167 -0.0127406 3.24013 0.302898 -0.561476 3.43781 0.366656 -0.315683 3.5571 0.440065 -0.0779281 3.54596 0.170924 -0.0512677 3.39658 0.0664199 -0.0411202 3.34864 0.0350133 0.353863 3.2524 -0.0378378 0.723157 3.38869 0.273833 -0.0641465 3.44515 0.447426 0.22483 3.23622 0.257239 0.379328 3.52164 
0.145255 -0.619516 3.14137 0.111003 -0.532027 3.35248 -0.0451126 -0.521148 3.27837 -0.13803 -0.241442 3.30454 -0.158993 0.00368559 3.21667 0.267038 -0.5453 3.41931 0.332108 -0.304635 3.5405 0.395553 -0.0710902 3.5291 0.139937 -0.0371599 3.38983 0.0401785 -0.0274203 3.34019 0.020399 0.362461 3.23615 -0.0445235 0.73112 3.38777 0.247878 -0.0485632 3.43814 0.405448 0.234055 3.22188 0.204285 0.404765 3.48097 
0.117629 -0.610277 3.12487 0.0809211 -0.525882 3.33617 -0.0742025 -0.51192 3.26298 -0.16205 -0.232626 3.29088 -0.163166 0.00807385 3.19928 0.240566 -0.544158 3.40374 0.311309 -0.306782 3.526 0.366378 -0.0799759 3.50684 0.12025 -0.0319242 3.38279 0.0176859 -0.0230666 3.32957 0.0122061 0.365035 3.22791 -0.0468993 0.73129 3.38741 0.226771 -0.042251 3.42863 0.359665 0.252189 3.21289 0.172216 0.464531 3.44982 
0.0905682 -0.610615 3.10771 0.0579234 -0.528893 3.3195 -0.100796 -0.511857 3.25115 -0.179123 -0.231075 3.28359 -0.166725 0.00338088 3.18841 0.217437 -0.552741 3.3894 0.296569 -0.315331 3.50993 0.355196 -0.0976336 3.47289 0.105745 -0.0320246 3.37427 -0.000571904 -0.0224403 3.32085 0.00806574 0.362878 3.22917 -0.0459786 0.726988 3.38672 0.207858 -0.0425105 3.4138 0.316501 0.282381 3.21928 0.15424 0.547176 3.42165 
0.0638 -0.617367 3.09336 0.0362352 -0.536309 3.30804 -0.122283 -0.517343 3.24539 -0.1939 -0.235578 3.27885 -0.17336 -0.00325971 3.18517 0.194279 -0.561547 3.37447 0.284732 -0.324677 3.4934 0.356514 -0.115664 3.44119 0.090607 -0.0342082 3.36496 -0.0157831 -0.0250723 3.31403 0.005568 0.3562 3.227 -0.040933 0.721943 3.38276 0.189793 -0.046779 3.40315 0.264638 0.310113 3.22736 0.147204 0.626777 3.40118 
0.03911 -0.623087 3.07963 0.0182699 -0.54027 3.3002 -0.141101 -0.522288 3.2436 -0.207471 -0.236968 3.27637 -0.18366 -0.00477736 3.18682 0.179438 -0.564896 3.35809 0.281132 -0.333007 3.47658 0.361585 -0.13047 3.40717 0.072344 -0.0357244 3.35391 -0.0299596 -0.0264799 3.30518 0.00489017 0.350492 3.21226 -0.0352063 0.711968 3.37688 0.173244 -0.048009 3.39582 0.226273 0.328648 3.24003 0.144341 0.675396 3.38369 
0.0160887 -0.624969 3.06936 0.00333395 -0.538829 3.29343 -0.158343 -0.520689 3.24211 -0.225168 -0.236582 3.27404 -0.203895 -0.00185572 3.19166 0.16666 -0.56227 3.34038 0.283338 -0.336846 3.45388 0.362904 -0.14841 3.36274 0.0525839 -0.0366409 3.34417 -0.0481202 -0.0281824 3.29447 0.000868835 0.336722 3.17098 -0.0317111 0.68354 3.36119 0.154461 -0.0472199 3.39015 0.196284 0.339662 3.25458 0.140945 0.703669 3.37666 
-0.00542094 -0.625729 3.06182 -0.0107158 -0.533382 3.28758 -0.174209 -0.516893 3.2413 -0.248043 -0.238291 3.27058 -0.230603 -0.000532381 3.19502 0.153054 -0.555689 3.32617 0.285129 -0.347191 3.42851 0.360366 -0.168057 3.32682 0.0298316 -0.0354327 3.33447 -0.0744704 -0.0297276 3.28486 -0.0130804 0.304313 3.1142 -0.0315865 0.629814 3.33299 0.128142 -0.0423173 3.38501 0.17677 0.34513 3.26057 0.13692 0.718728 3.37478 
-0.0271049 -0.627758 3.05582 -0.0277151 -0.534307 3.28081 -0.19327 -0.521085 3.24166 -0.273072 -0.245706 3.26644 -0.261912 -0.00886136 3.19467 0.134848 -0.55535 3.31423 0.278801 -0.367994 3.41178 0.351792 -0.197842 3.30595 0.00318246 -0.0400981 3.32455 -0.103175 -0.0376197 3.27368 -0.0357514 0.261088 3.06239 -0.0473918 0.553861 3.30381 0.103847 -0.0448677 3.37714 0.159609 0.345824 3.26425 0.133605 0.726093 3.37433 
-0.05184 -0.640569 3.04761 -0.0525043 -0.554335 3.27075 -0.216636 -0.542833 3.23604 -0.303016 -0.264593 3.26038 -0.29997 -0.0283561 3.19027 0.10941 -0.573691 3.29982 0.263017 -0.40585 3.40098 0.333559 -0.238446 3.29549 -0.0290546 -0.06181 3.31623 -0.136316 -0.0607194 3.26266 -0.075159 0.197649 3.00796 -0.0817753 0.453915 3.27319 0.0735074 -0.0640052 3.36774 0.133203 0.3372 3.27196 0.128747 0.722783 3.37172 
-0.081637 -0.665763 3.03463 -0.0841376 -0.590956 3.25574 -0.249432 -0.578232 3.22028 -0.338205 -0.299819 3.25194 -0.341349 -0.0602999 3.18267 0.0772275 -0.610668 3.28572 0.234788 -0.45348 3.39672 0.302893 -0.27813 3.30128 -0.0657202 -0.0977754 3.30633 -0.17187 -0.0977095 3.25284 -0.130933 0.13995 2.97412 -0.14095 0.381535 3.25497 0.0386739 -0.0974661 3.35766 0.10646 0.315527 3.2787 0.121247 0.702536 3.36629 
-0.113312 -0.697976 3.01707 -0.121796 -0.632813 3.23887 -0.286718 -0.614127 3.20009 -0.378152 -0.336634 3.23744 -0.383409 -0.0898016 3.16933 0.0400873 -0.649474 3.27536 0.19267 -0.497186 3.40342 0.262484 -0.307649 3.31846 -0.10555 -0.140903 3.29723 -0.20814 -0.142052 3.24067 -0.195875 0.102505 2.96055 -0.217031 0.358731 3.23488 0.0015409 -0.1373 3.35064 0.0811651 0.276007 3.2703 0.106673 0.666442 3.35473 
-0.141936 -0.722968 2.9979 -0.159905 -0.666593 3.22116 -0.322995 -0.643896 3.17821 -0.420675 -0.366148 3.22034 -0.425201 -0.11346 3.15237 0.00249951 -0.682594 3.2684 0.142483 -0.530976 3.4213 0.21446 -0.327942 3.34835 -0.142139 -0.174418 3.28938 -0.248305 -0.175549 3.2304 -0.263183 0.0971287 2.96507 -0.300684 0.383701 3.20731 -0.0366172 -0.171684 3.34409 0.0621547 0.223534 3.23422 0.0752431 0.607296 3.34968 
-0.166607 -0.734963 2.98249 -0.194686 -0.681676 3.21062 -0.355881 -0.658325 3.16131 -0.463984 -0.380241 3.20355 -0.470512 -0.12434 3.13323 -0.0323917 -0.69568 3.26714 0.0837174 -0.532969 3.43451 0.159485 -0.322074 3.38664 -0.182579 -0.188848 3.28236 -0.287316 -0.189722 3.22251 -0.321503 0.124037 2.98571 -0.386804 0.448073 3.17932 -0.074539 -0.187096 3.33591 0.050323 0.183872 3.19387 0.0227054 0.540706 3.34601 
-0.189264 -0.730812 2.9734 -0.224929 -0.677058 3.20303 -0.385811 -0.65715 3.14136 -0.506067 -0.381322 3.19027 -0.518145 -0.122361 3.10898 -0.0637244 -0.688396 3.2659 0.0291118 -0.514371 3.44564 0.108579 -0.295556 3.42767 -0.221367 -0.183931 3.2742 -0.325829 -0.181941 3.21757 -0.373114 0.16996 3.01854 -0.455686 0.528022 3.15959 -0.117501 -0.184825 3.3264 0.0381271 0.152963 3.14767 -0.0445595 0.473056 3.33593 
-0.209724 -0.711969 2.96677 -0.259278 -0.649328 3.19596 -0.415736 -0.635875 3.12337 -0.548902 -0.368355 3.17101 -0.573954 -0.114465 3.08799 -0.1004 -0.658078 3.26607 -0.0267684 -0.468747 3.45149 0.0492322 -0.245056 3.45715 -0.263519 -0.155122 3.26307 -0.368478 -0.152072 3.21186 -0.420778 0.239257 3.06 -0.510054 0.621042 3.14985 -0.161427 -0.158623 3.31034 0.018451 0.136828 3.10538 -0.128874 0.404444 3.3153 
-0.22959 -0.685432 2.9614 -0.292836 -0.609893 3.18637 -0.444745 -0.600522 3.10986 -0.593324 -0.342428 3.15505 -0.629334 -0.0984591 3.06796 -0.13745 -0.617976 3.26086 -0.0792165 -0.414476 3.44593 -0.00405179 -0.186475 3.46367 -0.305632 -0.115629 3.25572 -0.408579 -0.110641 3.20334 -0.455232 0.295995 3.0831 -0.543716 0.68511 3.15659 -0.203715 -0.120838 3.30048 -0.0155845 0.14967 3.07624 -0.205803 0.389484 3.29266 
-0.248674 -0.656333 2.95679 -0.325172 -0.56424 3.17775 -0.470874 -0.559301 3.09702 -0.633377 -0.303641 3.14025 -0.67173 -0.0705652 3.04503 -0.172761 -0.571273 3.25313 -0.12122 -0.353394 3.42845 -0.0501111 -0.125553 3.44854 -0.340674 -0.0734116 3.24959 -0.440094 -0.0694525 3.19517 -0.484275 0.336714 3.08091 -0.562887 0.72106 3.16634 -0.240433 -0.0779005 3.29341 -0.0630281 0.190714 3.05878 -0.267402 0.420604 3.26414 
-0.266278 -0.632452 2.95173 -0.350943 -0.523167 3.17164 -0.497467 -0.521514 3.08947 -0.665959 -0.269558 3.12435 -0.7068 -0.0432386 3.02306 -0.200056 -0.532107 3.2428 -0.159527 -0.297321 3.40177 -0.0929928 -0.0647413 3.4091 -0.367299 -0.0390545 3.24307 -0.467547 -0.0372074 3.18819 -0.50824 0.359254 3.05931 -0.573078 0.731993 3.17048 -0.268872 -0.0401269 3.2882 -0.124554 0.243913 3.05241 -0.323688 0.503396 3.24264 
-0.281886 -0.62388 2.94929 -0.369413 -0.50441 3.1692 -0.517009 -0.502747 3.08702 -0.683611 -0.248447 3.11516 -0.723994 -0.0283151 3.00845 -0.215793 -0.513524 3.23664 -0.178632 -0.267527 3.3743 -0.120038 -0.0361664 3.36039 -0.387963 -0.0227202 3.23666 -0.489126 -0.0223809 3.18138 -0.5251 0.371826 3.04896 -0.578127 0.740266 3.17344 -0.288288 -0.0204262 3.28469 -0.184487 0.296324 3.06266 -0.361705 0.58017 3.22936 
-0.294357 -0.627645 2.95089 -0.379877 -0.50038 3.16875 -0.531538 -0.500365 3.08971 -0.690281 -0.242234 3.11559 -0.722834 -0.0289106 2.99933 -0.224129 -0.508505 3.23198 -0.188048 -0.250971 3.34707 -0.142568 -0.030272 3.30527 -0.406602 -0.0149244 3.23097 -0.506676 -0.01443 3.17256 -0.531079 0.379928 3.04877 -0.581866 0.744345 3.175 -0.304123 -0.0119379 3.28086 -0.249334 0.342769 3.0827 -0.395753 0.661511 3.22591 
-0.302707 -0.640943 2.95507 -0.386053 -0.505342 3.16983 -0.53997 -0.508369 3.09336 -0.690698 -0.247188 3.11999 -0.709453 -0.0349317 3.00039 -0.229675 -0.509378 3.23427 -0.192593 -0.247045 3.33068 -0.155323 -0.0335031 3.26487 -0.418568 -0.014906 3.22326 -0.517241 -0.0138224 3.16569 -0.532014 0.379125 3.05117 -0.584129 0.747187 3.17751 -0.31983 -0.0107664 3.27643 -0.293143 0.366499 3.10642 -0.419707 0.71199 3.23218 
-0.3069 -0.657141 2.96464 -0.388593 -0.518093 3.17336 -0.542219 -0.521079 3.10032 -0.685716 -0.259829 3.12808 -0.684779 -0.0474971 3.01002 -0.232861 -0.516435 3.23966 -0.195705 -0.249108 3.32219 -0.163426 -0.0405353 3.23707 -0.425859 -0.0162235 3.21597 -0.522134 -0.0166749 3.16112 -0.530279 0.373193 3.05667 -0.585148 0.747425 3.17752 -0.331335 -0.0124804 3.26869 -0.327094 0.375663 3.12323 -0.434531 0.737265 3.23528 
-0.307683 -0.67012 2.97625 -0.389593 -0.530474 3.17594 -0.543769 -0.531258 3.10417 -0.678856 -0.270265 3.13694 -0.665418 -0.0563996 3.01946 -0.236099 -0.524111 3.24766 -0.197223 -0.251483 3.32106 -0.167093 -0.0486848 3.2209 -0.428255 -0.019863 3.21086 -0.523785 -0.0214994 3.15908 -0.529408 0.367933 3.06302 -0.585722 0.745021 3.17791 -0.335676 -0.0154269 3.26469 -0.341329 0.374943 3.13329 -0.439711 0.745869 3.23729 
-0.304909 -0.681875 2.98811 -0.389742 -0.538205 3.17935 -0.543278 -0.540096 3.10996 -0.666504 -0.278476 3.1448 -0.647746 -0.0603231 3.03098 -0.238768 -0.531387 3.25734 -0.200418 -0.256092 3.3247 -0.169285 -0.0553464 3.21323 -0.427157 -0.0237362 3.20736 -0.523554 -0.0269738 3.15781 -0.527132 0.36399 3.07179 -0.586655 0.741725 3.17865 -0.33476 -0.0184491 3.2624 -0.345445 0.371864 3.13718 -0.44096 0.745282 3.2394 
-0.298854 -0.686386 3.0007 -0.391529 -0.542454 3.1849 -0.542859 -0.547402 3.11524 -0.653597 -0.28228 3.14839 -0.630404 -0.0608722 3.04013 -0.241895 -0.535259 3.26668 -0.203638 -0.259327 3.33029 -0.171792 -0.059243 3.21366 -0.424703 -0.0242279 3.20535 -0.521638 -0.0290906 3.1563 -0.523457 0.368024 3.07911 -0.587224 0.741825 3.18025 -0.328572 -0.0192477 3.26219 -0.341909 0.369765 3.13374 -0.439449 0.738666 3.23984 
-0.289388 -0.683528 3.01384 -0.393786 -0.540982 3.19026 -0.542246 -0.546826 3.11798 -0.644428 -0.276223 3.14661 -0.622019 -0.0538297 3.04398 -0.244621 -0.533256 3.27368 -0.20579 -0.256618 3.33873 -0.170111 -0.0571803 3.22224 -0.421496 -0.0214848 3.20888 -0.517397 -0.024622 3.15905 -0.521033 0.373954 3.08024 -0.586455 0.742277 3.1819 -0.322134 -0.0182309 3.26611 -0.328448 0.362537 3.11896 -0.43216 0.720637 3.23626 
-0.276896 -0.673944 3.02982 -0.395175 -0.53234 3.19352 -0.538658 -0.539577 3.11493 -0.637681 -0.263758 3.13988 -0.618324 -0.0369464 3.04463 -0.248368 -0.525332 3.28268 -0.207302 -0.249111 3.3527 -0.165235 -0.0483738 3.24027 -0.415972 -0.0166444 3.21552 -0.511847 -0.0184036 3.16305 -0.519197 0.379492 3.07325 -0.58596 0.744832 3.18194 -0.314276 -0.0146529 3.27226 -0.298658 0.345277 3.09017 -0.416248 0.677995 3.22892 
-0.259597 -0.659931 3.04927 -0.390829 -0.517914 3.19741 -0.529875 -0.524976 3.10672 -0.632183 -0.24849 3.12498 -0.61761 -0.0112898 3.0415 -0.247555 -0.513263 3.2963 -0.20512 -0.239506 3.37255 -0.153922 -0.0381583 3.26195 -0.406835 -0.0127363 3.22429 -0.502418 -0.0124448 3.16898 -0.517881 0.383553 3.06547 -0.585488 0.746091 3.18016 -0.305179 -0.0121857 3.28041 -0.253332 0.307919 3.05566 -0.38822 0.601781 3.22392 
-0.240266 -0.65229 3.06575 -0.380146 -0.511804 3.19993 -0.515458 -0.518381 3.09953 -0.624607 -0.245944 3.114 -0.618009 -0.00295871 3.03937 -0.239579 -0.508947 3.30527 -0.195986 -0.236368 3.39182 -0.136796 -0.0378288 3.28488 -0.393505 -0.015581 3.23251 -0.489536 -0.0139172 3.17439 -0.513121 0.384284 3.06511 -0.583055 0.74897 3.17802 -0.293962 -0.0163752 3.28783 -0.2013 0.258919 3.03209 -0.352723 0.527089 3.22823 
-0.216046 -0.651253 3.07904 -0.362129 -0.518018 3.20273 -0.494124 -0.523494 3.09705 -0.613062 -0.255532 3.10647 -0.617736 -0.0158891 3.03713 -0.224377 -0.513909 3.31212 -0.178935 -0.246939 3.41417 -0.11111 -0.0487629 3.3131 -0.375146 -0.0289572 3.24149 -0.470462 -0.0238605 3.18208 -0.504874 0.380164 3.07509 -0.578174 0.750348 3.17784 -0.278784 -0.0305601 3.29383 -0.136949 0.196564 3.01687 -0.299445 0.450742 3.23989 
-0.188351 -0.658625 3.08905 -0.338322 -0.538774 3.20759 -0.463569 -0.544041 3.10176 -0.600709 -0.284901 3.10725 -0.613423 -0.0504652 3.03826 -0.197791 -0.532766 3.31866 -0.150436 -0.273133 3.44093 -0.0795705 -0.0727176 3.34252 -0.354204 -0.054125 3.24867 -0.447974 -0.0456902 3.19016 -0.48871 0.366846 3.09292 -0.571301 0.743669 3.17894 -0.257426 -0.0591446 3.30105 -0.0691925 0.139804 3.01819 -0.22735 0.398521 3.25784 
-0.159409 -0.672873 3.09638 -0.307289 -0.563102 3.21482 -0.436086 -0.571317 3.11319 -0.586457 -0.325413 3.11667 -0.604268 -0.0935986 3.04851 -0.168717 -0.555512 3.32568 -0.114661 -0.306469 3.46964 -0.04319 -0.10593 3.36751 -0.330442 -0.0779983 3.2543 -0.424007 -0.0712692 3.19515 -0.466587 0.346162 3.10686 -0.558183 0.72551 3.17885 -0.23226 -0.0848841 3.30733 -0.0132785 0.120394 3.04822 -0.156953 0.390508 3.27515 
-0.129201 -0.692349 3.10085 -0.270393 -0.597813 3.22692 -0.399779 -0.608429 3.12768 -0.563992 -0.367999 3.13803 -0.587329 -0.134572 3.071 -0.126886 -0.58885 3.3335 -0.0694764 -0.34925 3.4896 0.000510774 -0.145079 3.39226 -0.29207 -0.104498 3.25928 -0.389248 -0.0983203 3.19876 -0.437248 0.315723 3.10854 -0.533272 0.694534 3.17858 -0.194024 -0.112612 3.31345 0.0318998 0.125292 3.09436 -0.0817414 0.431382 3.2897 
-0.0957872 -0.710993 3.10278 -0.228066 -0.627739 3.24685 -0.365702 -0.637497 3.15091 -0.531944 -0.399128 3.16548 -0.566227 -0.158905 3.11048 -0.0824358 -0.616742 3.34415 -0.0249277 -0.386444 3.50133 0.0439921 -0.176946 3.40874 -0.24836 -0.126862 3.26609 -0.349001 -0.122268 3.20452 -0.398113 0.277478 3.08811 -0.500753 0.646844 3.17904 -0.144321 -0.13117 3.32265 0.0644825 0.154113 3.14008 -0.00571066 0.502289 3.31039 
-0.0628575 -0.715937 3.10557 -0.186039 -0.638146 3.25802 -0.330785 -0.64554 3.16918 -0.493814 -0.40502 3.18874 -0.542855 -0.158423 3.14774 -0.0371778 -0.626571 3.34934 0.0194171 -0.401243 3.5075 0.0849244 -0.191038 3.41818 -0.201871 -0.131623 3.27399 -0.306107 -0.130884 3.21076 -0.356241 0.237887 3.05414 -0.455974 0.584996 3.1911 -0.098504 -0.13355 3.33272 0.0835524 0.200182 3.1914 0.0605113 0.581449 3.33049 
-0.0341516 -0.697972 3.11168 -0.143277 -0.624747 3.26818 -0.292908 -0.630519 3.1851 -0.454445 -0.390245 3.2115 -0.514307 -0.139372 3.18708 0.00360233 -0.617788 3.35311 0.059769 -0.391916 3.51006 0.124862 -0.180292 3.42372 -0.1586 -0.119158 3.28338 -0.259474 -0.122956 3.21705 -0.312901 0.197819 3.00945 -0.397444 0.508892 3.20396 -0.0561869 -0.117546 3.34446 0.0941328 0.261628 3.24236 0.104447 0.652209 3.35111 
-0.00533763 -0.672307 3.11628 -0.106704 -0.591941 3.27998 -0.25927 -0.595089 3.19784 -0.414919 -0.354239 3.23259 -0.481791 -0.0980547 3.22638 0.0417932 -0.588371 3.35862 0.0979472 -0.360943 3.50825 0.165032 -0.149965 3.4292 -0.120053 -0.0907541 3.29332 -0.216667 -0.0963565 3.22676 -0.268896 0.170295 2.97241 -0.323327 0.437377 3.2176 -0.0185569 -0.0864202 3.35594 0.108064 0.313918 3.27535 0.123249 0.7025 3.37697 
0.0208835 -0.645582 3.12097 -0.0773688 -0.557607 3.28633 -0.229774 -0.560743 3.20333 -0.376454 -0.317823 3.25098 -0.445978 -0.062838 3.25442 0.0745007 -0.556546 3.3629 0.128449 -0.323408 3.50308 0.19908 -0.113811 3.43064 -0.0863458 -0.0620518 3.30363 -0.184383 -0.0692471 3.23593 -0.223627 0.156597 2.95865 -0.249866 0.407824 3.22855 0.0173736 -0.0587332 3.36924 0.12459 0.34227 3.28996 0.129624 0.729393 3.38958 
0.0441334 -0.621491 3.12241 -0.0525271 -0.53289 3.29088 -0.204421 -0.536631 3.20686 -0.339962 -0.287203 3.26444 -0.40197 -0.0329852 3.27403 0.102151 -0.532334 3.36713 0.155816 -0.290115 3.49441 0.228197 -0.0760069 3.43197 -0.0572212 -0.0395463 3.31475 -0.153723 -0.0464412 3.24847 -0.174062 0.172404 2.96173 -0.168065 0.430039 3.23487 0.046973 -0.0341698 3.38063 0.148313 0.352906 3.29016 0.132162 0.741044 3.39374 
0.0650869 -0.607565 3.12381 -0.0303997 -0.524564 3.2946 -0.18541 -0.526818 3.21005 -0.309247 -0.271716 3.27586 -0.358013 -0.0183945 3.28464 0.123074 -0.525278 3.3722 0.170801 -0.276245 3.49295 0.245201 -0.0609729 3.43204 -0.0329933 -0.0262758 3.32464 -0.133493 -0.0329157 3.261 -0.12446 0.213401 2.99007 -0.0988332 0.491286 3.2508 0.0719961 -0.0223924 3.38941 0.158743 0.355405 3.29576 0.134224 0.744802 3.39702 
0.081285 -0.603091 3.1251 -0.015381 -0.526456 3.29755 -0.171099 -0.52835 3.21294 -0.285117 -0.266624 3.28024 -0.321708 -0.012058 3.28187 0.139745 -0.528447 3.38088 0.179878 -0.277956 3.49877 0.25377 -0.0628174 3.43478 -0.0143846 -0.0230778 3.33053 -0.117316 -0.0277253 3.26836 -0.0888053 0.259714 3.03773 -0.0596351 0.565126 3.26193 0.0905776 -0.0206515 3.39499 0.164631 0.35251 3.29992 0.135422 0.743556 3.39889 
0.0934296 -0.605062 3.12644 -0.00344306 -0.532244 3.29858 -0.156254 -0.53292 3.21259 -0.266836 -0.26627 3.27719 -0.290619 -0.0077545 3.27001 0.154573 -0.534533 3.38625 0.18589 -0.287075 3.50752 0.259254 -0.0715011 3.44131 0.00212428 -0.0253666 3.33699 -0.102693 -0.0264594 3.27475 -0.0562916 0.307109 3.09841 -0.0398893 0.646028 3.27233 0.103988 -0.0248721 3.4012 0.167978 0.352705 3.3017 0.135896 0.740221 3.39798 
0.102494 -0.60694 3.12819 0.00295753 -0.533206 3.2989 -0.146652 -0.531849 3.21233 -0.252122 -0.262604 3.26881 -0.26637 -0.00365628 3.25039 0.162005 -0.536921 3.39173 0.189141 -0.292594 3.5162 0.260996 -0.0783418 3.45027 0.0146825 -0.0246685 3.33979 -0.0885924 -0.0228477 3.27883 -0.0328524 0.335591 3.14118 -0.032329 0.689083 3.28527 0.115025 -0.0264295 3.40344 0.171898 0.352979 3.29931 0.136685 0.737382 3.39635 
0.109869 -0.607293 3.13289 0.00774467 -0.530207 3.29899 -0.138896 -0.524186 3.21202 -0.239723 -0.252482 3.25782 -0.245561 0.0061466 3.22884 0.166468 -0.535563 3.39544 0.191161 -0.292351 3.52239 0.263546 -0.0779227 3.45977 0.0267272 -0.0206413 3.34292 -0.0747176 -0.0155076 3.2822 -0.0180002 0.350582 3.1664 -0.0268888 0.708247 3.29257 0.126652 -0.0246897 3.40574 0.177886 0.353214 3.29097 0.137173 0.734757 3.3927 
0.117304 -0.604918 3.13818 0.0139816 -0.522618 3.29891 -0.1309 -0.510571 3.21155 -0.227494 -0.235993 3.24443 -0.229579 0.0199121 3.20393 0.170629 -0.530906 3.39901 0.193364 -0.289821 3.52473 0.268696 -0.0741622 3.47468 0.0404084 -0.016485 3.346 -0.0604552 -0.0104931 3.28469 -0.00813987 0.361915 3.17314 -0.0245767 0.716072 3.29609 0.142767 -0.0218115 3.40958 0.188115 0.3521 3.27527 0.13793 0.728266 3.38477 
0.125356 -0.601431 3.14478 0.0199379 -0.515153 3.30133 -0.123523 -0.495724 3.21162 -0.215229 -0.218653 3.22906 -0.214685 0.0340241 3.1801 0.173723 -0.526507 3.40201 0.199133 -0.284702 3.52722 0.276491 -0.0659509 3.48848 0.0517705 -0.0116645 3.351 -0.0478757 -0.00425072 3.28838 0.00119379 0.370203 3.17475 -0.0240289 0.719478 3.29993 0.158222 -0.0197811 3.41716 0.203766 0.34697 3.25835 0.13857 0.715909 3.37775 
0.135848 -0.599783 3.15217 0.0291125 -0.506621 3.30555 -0.114282 -0.484935 3.21309 -0.2 -0.202138 3.20697 -0.196866 0.048336 3.15367 0.177579 -0.522248 3.40646 0.211635 -0.276146 3.5341 0.289107 -0.054614 3.50114 0.0647657 -0.00741103 3.35883 -0.0349198 -9.11968e-05 3.29551 0.00994697 0.376287 3.17271 -0.0247951 0.721437 3.30385 0.170735 -0.0183149 3.42603 0.231576 0.337221 3.24017 0.138968 0.690908 3.37108 
0.149119 -0.601504 3.16027 0.0424278 -0.497033 3.30979 -0.100328 -0.474586 3.21467 -0.176952 -0.189715 3.18883 -0.167821 0.057768 3.1219 0.184349 -0.518214 3.41253 0.227815 -0.271741 3.5419 0.306048 -0.0514643 3.51696 0.0825763 -0.00538521 3.37171 -0.0183314 0.00325365 3.30801 0.0177642 0.379048 3.16886 -0.0244479 0.720826 3.30781 0.183237 -0.0177118 3.43686 0.27104 0.315866 3.22368 0.144298 0.646021 3.36327 
0.166219 -0.60698 3.16842 0.0581702 -0.490407 3.31454 -0.0785772 -0.467974 3.214 -0.153732 -0.184721 3.17173 -0.138645 0.0557407 3.09494 0.195598 -0.516197 3.42127 0.245339 -0.268821 3.55271 0.327236 -0.0492072 3.53171 0.0985491 -0.00601063 3.38188 -0.00261289 0.0032566 3.31831 0.0247137 0.378052 3.16874 -0.0232599 0.721152 3.30947 0.197178 -0.0204261 3.44957 0.316845 0.272998 3.2062 0.159291 0.583822 3.3614 
0.188556 -0.617396 3.17688 0.0834281 -0.489916 3.32056 -0.0487463 -0.470307 3.21343 -0.128321 -0.193396 3.15143 -0.103573 0.0356677 3.06556 0.21611 -0.514189 3.43341 0.269617 -0.268577 3.56793 0.35748 -0.0535801 3.55135 0.113117 -0.0149412 3.39253 0.0185559 -0.00333293 3.32963 0.0323884 0.37255 3.17758 -0.0211902 0.722318 3.30443 0.214606 -0.0293335 3.46176 0.384257 0.196503 3.19061 0.195182 0.485891 3.36658 
0.213603 -0.635722 3.18385 0.10953 -0.506253 3.3253 -0.0187394 -0.488084 3.21584 -0.110257 -0.220918 3.14613 -0.0726601 -0.00225049 3.0494 0.240494 -0.523957 3.44035 0.308238 -0.286701 3.58604 0.398159 -0.0743514 3.57306 0.127959 -0.0306004 3.40295 0.0372057 -0.0182364 3.33855 0.0407035 0.366044 3.19007 -0.0168925 0.721654 3.29943 0.23186 -0.0466793 3.47394 0.441048 0.129741 3.19183 0.238432 0.415205 3.37998 
0.242265 -0.665782 3.19164 0.137904 -0.536675 3.33211 0.0126446 -0.52192 3.22273 -0.0990044 -0.272209 3.15265 -0.0448009 -0.0638633 3.04546 0.271055 -0.548696 3.44874 0.354546 -0.326149 3.61038 0.453442 -0.116457 3.60035 0.148289 -0.0545599 3.41173 0.0587579 -0.0427104 3.34576 0.0545 0.351412 3.20844 -0.00805027 0.713685 3.29503 0.250489 -0.0727738 3.48253 0.493815 0.0743203 3.21528 0.293409 0.366511 3.39722 
0.273926 -0.704038 3.20194 0.178794 -0.588591 3.34514 0.0477048 -0.580414 3.23863 -0.0906948 -0.349977 3.17503 -0.0206734 -0.150409 3.0582 0.314301 -0.595525 3.46127 0.414466 -0.392562 3.63991 0.519803 -0.182481 3.63507 0.17916 -0.0982055 3.41492 0.0889239 -0.085566 3.34711 0.0773462 0.320243 3.23575 0.00845186 0.691974 3.29116 0.279013 -0.11708 3.48394 0.549058 0.03545 3.2645 0.367114 0.341501 3.423 
0.303718 -0.73495 3.21223 0.217881 -0.634914 3.36366 0.0819031 -0.629319 3.25962 -0.0824004 -0.412034 3.21313 -0.0177086 -0.216836 3.09273 0.358024 -0.638043 3.47249 0.465989 -0.454472 3.6607 0.573927 -0.245608 3.65965 0.212046 -0.140654 3.41886 0.123 -0.125198 3.34774 0.107894 0.272378 3.23841 0.0293855 0.655383 3.29351 0.314397 -0.154908 3.48847 0.583723 0.0366084 3.31058 0.432839 0.368526 3.45187 
0.33444 -0.759863 3.22316 0.253851 -0.674756 3.38514 0.11258 -0.668865 3.28447 -0.0664018 -0.45796 3.26772 -0.0320649 -0.254089 3.14396 0.400806 -0.677581 3.486 0.514889 -0.505811 3.68056 0.629018 -0.30257 3.67953 0.255418 -0.17026 3.43071 0.163407 -0.155862 3.35704 0.151055 0.22426 3.21511 0.0599924 0.600674 3.30526 0.358507 -0.180842 3.50075 0.602623 0.0733037 3.35582 0.493425 0.44612 3.48807 
0.364123 -0.766333 3.23456 0.290835 -0.689915 3.40113 0.141638 -0.682848 3.31149 -0.0473561 -0.470425 3.31098 -0.0381622 -0.257196 3.19573 0.437859 -0.696601 3.49703 0.550864 -0.525314 3.69351 0.668495 -0.32682 3.6882 0.295625 -0.180191 3.44294 0.197799 -0.170823 3.36923 0.194333 0.184472 3.18453 0.0969399 0.542939 3.32628 0.397702 -0.185058 3.51359 0.604271 0.126045 3.39935 0.5388 0.52411 3.51588 
0.394084 -0.757161 3.2455 0.323666 -0.684507 3.41645 0.174254 -0.675101 3.33441 -0.0233718 -0.459728 3.34757 -0.036413 -0.235691 3.24789 0.471572 -0.692835 3.50373 0.583669 -0.522003 3.70023 0.699741 -0.326493 3.69106 0.332091 -0.172219 3.45187 0.237578 -0.169189 3.37813 0.244104 0.152038 3.1541 0.144644 0.484084 3.34715 0.437336 -0.171733 3.52197 0.601578 0.188737 3.4384 0.568488 0.598285 3.53951 
0.424436 -0.731028 3.25656 0.362687 -0.652444 3.43829 0.212909 -0.64307 3.36007 0.0168759 -0.420547 3.37528 -0.018606 -0.188007 3.29907 0.512058 -0.661762 3.51267 0.616576 -0.485683 3.70298 0.728111 -0.29172 3.6903 0.372975 -0.142523 3.46021 0.277857 -0.142515 3.38668 0.293275 0.133733 3.12653 0.207069 0.430283 3.36919 0.477839 -0.138155 3.53077 0.595434 0.266175 3.48195 0.58769 0.673028 3.56876 
0.454639 -0.700415 3.26541 0.395401 -0.61088 3.45071 0.246149 -0.602142 3.37646 0.0589786 -0.379545 3.39807 0.00996905 -0.138587 3.34246 0.548957 -0.622863 3.52218 0.6444 -0.434471 3.70083 0.749447 -0.234294 3.68609 0.408751 -0.105204 3.47064 0.311113 -0.105547 3.39754 0.341133 0.137722 3.11906 0.268814 0.416229 3.38298 0.512043 -0.10101 3.54073 0.602218 0.317191 3.50212 0.590809 0.719667 3.5866 
0.483275 -0.669491 3.27202 0.431854 -0.56941 3.46022 0.279935 -0.561389 3.38805 0.104658 -0.338742 3.41857 0.0566559 -0.0991497 3.37768 0.587121 -0.580066 3.53143 0.666147 -0.369262 3.69268 0.768895 -0.159057 3.67632 0.445779 -0.0665159 3.48007 0.343564 -0.0685573 3.40789 0.392927 0.165471 3.13275 0.342895 0.449971 3.39716 0.547121 -0.0650754 3.54992 0.622923 0.342558 3.50779 0.589808 0.741624 3.59308 
0.510092 -0.642553 3.27787 0.46007 -0.549394 3.46617 0.302548 -0.541263 3.39426 0.147004 -0.312459 3.43265 0.108297 -0.0695308 3.40308 0.616759 -0.55628 3.5403 0.676648 -0.321417 3.67857 0.770568 -0.101282 3.65385 0.475932 -0.0413217 3.48617 0.370474 -0.0440852 3.41431 0.44351 0.220168 3.1707 0.408255 0.532804 3.4215 0.573187 -0.0432099 3.55851 0.636725 0.353115 3.50461 0.589569 0.749498 3.59425 
0.532002 -0.629075 3.28228 0.480038 -0.544612 3.47025 0.319468 -0.537216 3.39663 0.179698 -0.301955 3.44025 0.154754 -0.052348 3.41651 0.635258 -0.550527 3.54663 0.68165 -0.30152 3.67432 0.764215 -0.0825795 3.63011 0.494221 -0.030773 3.49025 0.389048 -0.0310642 3.41805 0.477827 0.266499 3.21613 0.448564 0.606826 3.44351 0.591712 -0.0357193 3.56405 0.642568 0.355066 3.50688 0.590734 0.747765 3.59363 
0.550516 -0.623046 3.2845 0.496503 -0.546224 3.47255 0.336251 -0.541312 3.3967 0.205256 -0.300697 3.44314 0.194398 -0.0426485 3.41482 0.649467 -0.553021 3.55397 0.683533 -0.297352 3.67786 0.75363 -0.0848626 3.61049 0.508634 -0.0259424 3.49468 0.405102 -0.0219323 3.42072 0.501942 0.307715 3.2819 0.480727 0.68169 3.46611 0.606997 -0.0337368 3.57001 0.643051 0.354208 3.51591 0.592107 0.746412 3.59249 
0.562477 -0.621218 3.28554 0.504868 -0.54931 3.47426 0.346198 -0.545719 3.39517 0.223311 -0.301154 3.44227 0.223022 -0.0403877 3.40576 0.658741 -0.557088 3.55945 0.686366 -0.29762 3.68301 0.750262 -0.0878341 3.59863 0.517991 -0.0256136 3.49931 0.417 -0.0186228 3.42387 0.506766 0.333172 3.3334 0.495152 0.722261 3.49021 0.618224 -0.0341125 3.57532 0.641022 0.35374 3.52405 0.59241 0.747587 3.5942 
0.57019 -0.620899 3.28543 0.510064 -0.55263 3.47399 0.354877 -0.550379 3.39372 0.23491 -0.300464 3.43746 0.243996 -0.042279 3.39232 0.666228 -0.561453 3.56396 0.691741 -0.29855 3.68516 0.752243 -0.0911708 3.59201 0.525637 -0.0269012 3.5018 0.424685 -0.0182019 3.42672 0.504852 0.345002 3.36537 0.501274 0.739461 3.50138 0.625287 -0.0362685 3.5782 0.639484 0.351571 3.53106 0.59157 0.748622 3.5949 
0.57512 -0.620468 3.28416 0.515379 -0.55909 3.47438 0.364721 -0.55558 3.39167 0.24241 -0.299979 3.42806 0.260815 -0.048263 3.3764 0.674157 -0.564621 3.56788 0.695737 -0.300112 3.68342 0.75655 -0.0938005 3.5871 0.529286 -0.0286123 3.50368 0.427844 -0.0203748 3.42837 0.499485 0.348107 3.3819 0.503603 0.74483 3.50588 0.629673 -0.038518 3.58017 0.637553 0.349554 3.53613 0.59136 0.745477 3.5948 
0.577096 -0.618584 3.28239 0.518766 -0.561438 3.47303 0.368994 -0.557151 3.39007 0.24801 -0.295851 3.42105 0.273763 -0.052458 3.36185 0.679394 -0.565654 3.56785 0.699026 -0.298682 3.67941 0.761969 -0.0923346 3.58381 0.52869 -0.0297493 3.50604 0.426463 -0.0215426 3.42952 0.495708 0.349435 3.38563 0.503405 0.744687 3.50649 0.629472 -0.0391204 3.58198 0.635833 0.351166 3.53918 0.588922 0.743778 3.5948 
0.576644 -0.614278 3.27956 0.519893 -0.558131 3.47194 0.370039 -0.554538 3.39037 0.249195 -0.293407 3.41834 0.27683 -0.0542975 3.35371 0.682913 -0.561351 3.56426 0.703933 -0.292782 3.67325 0.767425 -0.0839871 3.57826 0.525629 -0.0281814 3.5077 0.423492 -0.021094 3.43092 0.496378 0.34823 3.3763 0.500992 0.738913 3.50391 0.626659 -0.0368072 3.58249 0.636168 0.352405 3.5373 0.587795 0.743678 3.59486 
0.573826 -0.606466 3.27766 0.519534 -0.54803 3.47056 0.368552 -0.547244 3.39282 0.247303 -0.287643 3.42117 0.26993 -0.0498954 3.35206 0.684138 -0.549815 3.55733 0.710963 -0.278899 3.66082 0.77446 -0.0642872 3.56909 0.521125 -0.0242151 3.50702 0.418235 -0.0182086 3.43111 0.49977 0.341381 3.35075 0.494797 0.722352 3.49671 0.622315 -0.0315077 3.57952 0.639697 0.354532 3.5293 0.587141 0.745051 3.59492 
0.567869 -0.59454 3.27685 0.515217 -0.531461 3.47088 0.363815 -0.534312 3.39657 0.241253 -0.277329 3.42639 0.251729 -0.0375636 3.35863 0.678993 -0.53104 3.55053 0.721 -0.255813 3.64495 0.78162 -0.0388321 3.55249 0.509942 -0.0198193 3.50377 0.407295 -0.0157312 3.43 0.502912 0.324518 3.31151 0.480321 0.683886 3.4831 0.611578 -0.0241729 3.57372 0.648039 0.359146 3.51282 0.586499 0.748903 3.59501 
0.557081 -0.581713 3.27572 0.510624 -0.517235 3.47048 0.354867 -0.521729 3.40184 0.230743 -0.271802 3.43009 0.231178 -0.0257828 3.36711 0.673822 -0.510913 3.5436 0.72861 -0.234058 3.62073 0.787141 -0.0134301 3.52988 0.496222 -0.0162414 3.50102 0.392969 -0.0139825 3.42956 0.502384 0.300342 3.2699 0.455274 0.630925 3.47257 0.598722 -0.0164863 3.56907 0.65828 0.36622 3.49838 0.586161 0.750149 3.59413 
0.541282 -0.575073 3.27211 0.503303 -0.501578 3.46905 0.343895 -0.508965 3.40874 0.217259 -0.26528 3.434 0.207459 -0.0153372 3.37649 0.665219 -0.495865 3.53408 0.732809 -0.224502 3.59746 0.790285 -0.00163723 3.50214 0.481465 -0.012545 3.49955 0.377029 -0.0120665 3.42944 0.48641 0.268192 3.22387 0.425448 0.558241 3.46751 0.585294 -0.00850743 3.56484 0.664242 0.369889 3.48289 0.585582 0.753819 3.59308 
0.520301 -0.575671 3.26646 0.49154 -0.494665 3.46538 0.324795 -0.502489 3.41866 0.198462 -0.26356 3.43663 0.177257 -0.00992725 3.38657 0.652964 -0.490351 3.52138 0.737975 -0.230131 3.57702 0.78984 -0.0117905 3.46999 0.462074 -0.0115495 3.49402 0.357642 -0.0165687 3.4273 0.454953 0.221669 3.17555 0.379571 0.459533 3.46275 0.570262 -0.00651588 3.55418 0.661689 0.373869 3.46846 0.58574 0.755303 3.59229 
0.496742 -0.586971 3.25705 0.475905 -0.503913 3.45967 0.308268 -0.510654 3.42175 0.177746 -0.26952 3.43536 0.146409 -0.0206027 3.39441 0.637203 -0.502568 3.50538 0.735822 -0.256659 3.56403 0.781969 -0.0439675 3.44665 0.446962 -0.0228752 3.48589 0.340016 -0.0302294 3.42242 0.419131 0.182768 3.14607 0.337345 0.403508 3.44683 0.553734 -0.0166472 3.54088 0.650513 0.366673 3.46222 0.585155 0.751487 3.58857 
0.469485 -0.612566 3.2428 0.454633 -0.532295 3.44836 0.287467 -0.535482 3.41502 0.156858 -0.289214 3.42977 0.11094 -0.0425971 3.39979 0.61574 -0.534612 3.48566 0.725151 -0.29949 3.55495 0.766866 -0.0879999 3.4288 0.4299 -0.0506463 3.47289 0.321949 -0.0569009 3.4127 0.372228 0.145611 3.12465 0.29144 0.374604 3.41639 0.535956 -0.0419146 3.52547 0.626863 0.349295 3.46025 0.583158 0.737205 3.58478 
0.440659 -0.649672 3.22289 0.424663 -0.578991 3.42999 0.255696 -0.577544 3.39937 0.129972 -0.322935 3.41874 0.0736626 -0.0737203 3.40078 0.586609 -0.584172 3.4639 0.702066 -0.356432 3.54765 0.739707 -0.147993 3.42249 0.406499 -0.0862764 3.45203 0.301266 -0.092769 3.39334 0.316703 0.119838 3.11113 0.237152 0.37897 3.37016 0.513659 -0.0809155 3.50598 0.59253 0.317855 3.45342 0.577271 0.70593 3.57847 
0.412137 -0.683987 3.20155 0.393414 -0.618616 3.40706 0.226638 -0.614718 3.37432 0.104964 -0.352739 3.40366 0.0386019 -0.1009 3.39375 0.556285 -0.625468 3.44178 0.673317 -0.406423 3.54522 0.710114 -0.198602 3.42569 0.381255 -0.123405 3.42901 0.275081 -0.126583 3.36989 0.268895 0.119661 3.11383 0.186999 0.420066 3.33176 0.489318 -0.119368 3.48498 0.569252 0.27929 3.42614 0.56184 0.659192 3.56977 
0.385346 -0.70402 3.18096 0.362018 -0.644397 3.38637 0.192538 -0.637476 3.3474 0.0782662 -0.371994 3.38531 0.00278432 -0.116419 3.38062 0.524596 -0.652136 3.42355 0.629385 -0.430421 3.5426 0.675466 -0.219506 3.43197 0.35395 -0.14337 3.40734 0.24453 -0.144922 3.35128 0.224549 0.147082 3.13397 0.142876 0.482926 3.30305 0.461181 -0.14391 3.46278 0.556594 0.240369 3.37717 0.528587 0.597714 3.56191 
0.358241 -0.711864 3.15646 0.324845 -0.650269 3.36129 0.1599 -0.64451 3.31371 0.0469822 -0.378386 3.36325 -0.032936 -0.121296 3.36241 0.485882 -0.655444 3.41328 0.577257 -0.422662 3.53537 0.63601 -0.207654 3.44217 0.318003 -0.143477 3.38075 0.210642 -0.139898 3.33006 0.183757 0.208404 3.17535 0.0977867 0.577575 3.28579 0.425983 -0.147959 3.43296 0.55027 0.205435 3.30464 0.465944 0.501146 3.5428 
0.333486 -0.702954 3.13717 0.293986 -0.633067 3.34279 0.129301 -0.629953 3.28613 0.0157253 -0.366367 3.34141 -0.0630656 -0.113142 3.33744 0.451489 -0.63666 3.40559 0.529406 -0.394541 3.52695 0.599566 -0.175161 3.44885 0.285581 -0.127019 3.3605 0.182058 -0.121415 3.31812 0.145722 0.257417 3.20058 0.0660017 0.639359 3.2829 0.395372 -0.13302 3.40999 0.544954 0.18839 3.24634 0.414589 0.428602 3.51183 
0.307995 -0.681638 3.12021 0.259881 -0.600746 3.32701 0.100697 -0.59819 3.25967 -0.0150481 -0.34156 3.31787 -0.0927508 -0.0919532 3.30757 0.416688 -0.605295 3.39076 0.48337 -0.358357 3.51463 0.557278 -0.13249 3.45549 0.252679 -0.0978479 3.35079 0.152837 -0.0906724 3.31232 0.112782 0.304068 3.21558 0.0419674 0.687573 3.28966 0.363726 -0.105969 3.39542 0.530074 0.184608 3.19694 0.35993 0.380108 3.47358 
0.282316 -0.656992 3.10259 0.222879 -0.561092 3.31122 0.0682199 -0.559294 3.24026 -0.0459477 -0.309171 3.29865 -0.116656 -0.0611949 3.27922 0.380908 -0.566052 3.37593 0.434575 -0.313822 3.49697 0.504078 -0.0807886 3.45855 0.215946 -0.0663996 3.34385 0.115073 -0.0580226 3.3088 0.0799635 0.339104 3.2117 0.0274188 0.715836 3.29317 0.324325 -0.0761108 3.38639 0.498615 0.189184 3.15809 0.297542 0.362965 3.43402 
0.258827 -0.6418 3.0844 0.195308 -0.542344 3.29566 0.0418384 -0.541068 3.22855 -0.0715982 -0.287014 3.28107 -0.128307 -0.0427599 3.2501 0.352241 -0.548955 3.3617 0.398927 -0.295157 3.47771 0.457655 -0.0594052 3.4572 0.191213 -0.0478481 3.33545 0.0860257 -0.0400175 3.30265 0.0584537 0.352062 3.20032 0.0214251 0.727819 3.29405 0.295251 -0.0582764 3.37759 0.453113 0.207041 3.13557 0.247162 0.402945 3.39591 
0.237609 -0.635247 3.06776 0.176183 -0.539768 3.28118 0.020867 -0.537318 3.22049 -0.0932522 -0.276258 3.26823 -0.130799 -0.0310302 3.2239 0.330606 -0.54821 3.34543 0.375916 -0.295687 3.46433 0.420657 -0.0624046 3.44863 0.173268 -0.0413406 3.32417 0.0638757 -0.0348517 3.29056 0.043157 0.357153 3.19385 0.0181116 0.729566 3.29835 0.273287 -0.051459 3.36572 0.396532 0.242419 3.13729 0.204546 0.48019 3.3606 
0.218708 -0.63836 3.05263 0.163356 -0.544204 3.26935 0.00697656 -0.541599 3.21567 -0.106604 -0.274028 3.26088 -0.129631 -0.0261167 3.20277 0.318357 -0.553449 3.32896 0.361499 -0.298361 3.45373 0.398488 -0.0684614 3.43202 0.159336 -0.0406335 3.31494 0.0509344 -0.033712 3.28021 0.0342027 0.358659 3.19472 0.0156612 0.728357 3.29824 0.260467 -0.0488703 3.35472 0.347353 0.27394 3.14479 0.179114 0.557104 3.33896 
0.201026 -0.643462 3.042 0.15121 -0.550367 3.26249 -0.00542249 -0.546886 3.21057 -0.116076 -0.278206 3.25347 -0.130291 -0.0285663 3.19284 0.310568 -0.558818 3.31678 0.350622 -0.303301 3.44177 0.385056 -0.0708118 3.40603 0.145786 -0.0409556 3.30734 0.0400839 -0.0356282 3.27052 0.0288483 0.359559 3.19337 0.0160499 0.729972 3.30037 0.250887 -0.0472138 3.3459 0.302281 0.300411 3.1591 0.164301 0.622647 3.32463 
0.185602 -0.649631 3.03436 0.140067 -0.554377 3.25733 -0.0183667 -0.550808 3.21008 -0.122254 -0.281251 3.24979 -0.13344 -0.0305014 3.19538 0.302818 -0.560179 3.30619 0.342414 -0.304409 3.4217 0.377122 -0.0713981 3.37074 0.131509 -0.039788 3.29747 0.027321 -0.0359746 3.26091 0.0243628 0.358087 3.18336 0.0165255 0.72743 3.29808 0.240019 -0.0437136 3.3355 0.26084 0.330021 3.17699 0.154682 0.680525 3.31762 
0.17322 -0.651413 3.02852 0.13066 -0.552706 3.25258 -0.0298172 -0.549736 3.21099 -0.128737 -0.280899 3.24615 -0.141463 -0.0279882 3.20349 0.295598 -0.555223 3.29553 0.338572 -0.296363 3.39373 0.374227 -0.0637856 3.3305 0.119881 -0.0365546 3.2848 0.0176797 -0.034214 3.25085 0.0213936 0.356552 3.15572 0.0170693 0.721962 3.29299 0.229266 -0.0395105 3.32547 0.236114 0.344517 3.1993 0.147886 0.708315 3.31975 
0.162695 -0.647365 3.02522 0.122211 -0.544827 3.24712 -0.041133 -0.54361 3.20912 -0.13551 -0.275641 3.24362 -0.151207 -0.0223315 3.21062 0.28894 -0.545595 3.28649 0.336877 -0.279567 3.36575 0.372176 -0.044536 3.29289 0.111002 -0.0301471 3.27388 0.00825724 -0.0278292 3.24162 0.019686 0.350424 3.11328 0.0167123 0.708666 3.28155 0.217336 -0.0316577 3.31879 0.223732 0.353307 3.20376 0.143583 0.722119 3.32027 
0.152057 -0.638287 3.02234 0.112487 -0.529646 3.24066 -0.0517842 -0.53395 3.20542 -0.144601 -0.266236 3.24156 -0.163009 -0.0126476 3.21523 0.276588 -0.529168 3.27724 0.336389 -0.257212 3.33004 0.371256 -0.0163399 3.2503 0.100911 -0.0209019 3.26622 -0.00616855 -0.0188293 3.23117 0.017841 0.335625 3.06029 0.0154081 0.680276 3.25918 0.202553 -0.0209076 3.31414 0.228184 0.359989 3.19458 0.143462 0.724718 3.31768 
0.140513 -0.625286 3.02031 0.103496 -0.514128 3.2357 -0.0604103 -0.520036 3.20282 -0.157368 -0.258308 3.2403 -0.176542 -0.00143977 3.21761 0.263911 -0.51226 3.26861 0.332697 -0.23539 3.29605 0.369837 0.00582879 3.20628 0.088676 -0.0137759 3.2612 -0.0213404 -0.0123424 3.22529 0.0145274 0.318423 3.0123 0.0101073 0.6442 3.23785 0.188008 -0.0107578 3.30903 0.230871 0.368515 3.18083 0.144851 0.726639 3.31668 
0.126319 -0.616338 3.01828 0.0920587 -0.502915 3.23151 -0.0705197 -0.50768 3.20209 -0.173848 -0.249603 3.23952 -0.191433 0.00669044 3.21641 0.250975 -0.498838 3.26196 0.326084 -0.218533 3.26886 0.366008 0.0161508 3.16592 0.0724936 -0.00692867 3.25543 -0.0379564 -0.00791438 3.21783 0.00649729 0.297333 2.97517 -0.000944677 0.592861 3.22292 0.173875 -0.00254191 3.30109 0.229123 0.375738 3.17085 0.146122 0.728938 3.31413 
0.107743 -0.610193 3.01574 0.0740555 -0.497446 3.22776 -0.0866907 -0.499747 3.20342 -0.193607 -0.243171 3.2376 -0.211717 0.0129186 3.21078 0.23472 -0.487163 3.25282 0.317239 -0.210668 3.24489 0.356456 0.0167206 3.13106 0.050178 -0.00536603 3.24763 -0.0577379 -0.00730153 3.21291 -0.0136581 0.264907 2.93809 -0.0232489 0.515066 3.2121 0.155087 -0.000255189 3.28866 0.221905 0.380251 3.16153 0.144901 0.73395 3.31121 
0.0854158 -0.614444 3.01137 0.0511296 -0.499135 3.22243 -0.110516 -0.500803 3.2023 -0.215232 -0.243793 3.23453 -0.23443 0.0110916 3.19896 0.212615 -0.487926 3.2411 0.306459 -0.217687 3.22346 0.342997 0.00199798 3.09708 0.0255431 -0.0110904 3.23777 -0.0807486 -0.0149044 3.20933 -0.0497483 0.230016 2.91841 -0.0648294 0.437957 3.20292 0.12845 -0.00573612 3.26996 0.205642 0.380249 3.15878 0.14344 0.736023 3.30954 
0.058863 -0.631647 3.0044 0.0293314 -0.511887 3.2146 -0.13291 -0.515232 3.19987 -0.243095 -0.255548 3.22763 -0.261538 -0.00396321 3.18166 0.189405 -0.504227 3.22711 0.29469 -0.240915 3.20902 0.328527 -0.0235379 3.06811 0.00155607 -0.0242542 3.22898 -0.105598 -0.03088 3.21046 -0.0896204 0.207024 2.91901 -0.109822 0.39713 3.19191 0.104492 -0.0185261 3.25376 0.178034 0.370401 3.1567 0.141745 0.733103 3.30811 
0.0278295 -0.665363 2.99237 0.00069587 -0.543842 3.19941 -0.161887 -0.549442 3.1935 -0.279827 -0.285184 3.21499 -0.303121 -0.0364716 3.16275 0.161976 -0.539029 3.20935 0.280386 -0.279856 3.20035 0.307459 -0.0677629 3.05477 -0.0281558 -0.0543135 3.21741 -0.133555 -0.0616011 3.20071 -0.141931 0.166131 2.9016 -0.164064 0.366362 3.17623 0.0745774 -0.0468847 3.24095 0.141498 0.347022 3.16492 0.138352 0.723059 3.30604 
-0.00458628 -0.704586 2.97983 -0.0287615 -0.585421 3.18577 -0.192656 -0.589765 3.17936 -0.315799 -0.320945 3.19579 -0.34628 -0.0741701 3.14123 0.133801 -0.580903 3.1958 0.25707 -0.331839 3.2069 0.279916 -0.118993 3.05719 -0.0562925 -0.0910089 3.20128 -0.164415 -0.101838 3.17504 -0.193029 0.117923 2.8641 -0.222302 0.346412 3.15008 0.0451221 -0.0825081 3.22889 0.113289 0.321687 3.17581 0.132744 0.702898 3.30183 
-0.037922 -0.742306 2.96402 -0.061807 -0.627472 3.16908 -0.228146 -0.630329 3.15521 -0.354902 -0.358294 3.17194 -0.38921 -0.112679 3.11433 0.101522 -0.625149 3.18344 0.224571 -0.382441 3.21941 0.252779 -0.165982 3.07027 -0.0865909 -0.128538 3.18489 -0.195891 -0.138692 3.15461 -0.242449 0.102273 2.85408 -0.281048 0.371615 3.11154 0.01374 -0.120263 3.21714 0.0885044 0.286561 3.17023 0.121369 0.666523 3.29279 
-0.0699481 -0.773723 2.94696 -0.102085 -0.663289 3.14929 -0.269157 -0.661138 3.12324 -0.396738 -0.390858 3.14618 -0.435294 -0.142118 3.08379 0.0637859 -0.664256 3.17411 0.184891 -0.425131 3.23632 0.219842 -0.206634 3.08749 -0.1233 -0.159141 3.16502 -0.233676 -0.164452 3.13078 -0.293934 0.117597 2.86591 -0.34032 0.434527 3.07536 -0.0204915 -0.153536 3.20729 0.07025 0.245812 3.14139 0.0941208 0.613378 3.29449 
-0.0984395 -0.786499 2.93298 -0.136131 -0.678516 3.13498 -0.302624 -0.675315 3.09701 -0.434394 -0.404585 3.12019 -0.479137 -0.1548 3.05345 0.029848 -0.680553 3.1684 0.146192 -0.440855 3.2499 0.188334 -0.225363 3.1118 -0.156359 -0.168703 3.14821 -0.267871 -0.171329 3.1128 -0.334282 0.151317 2.89134 -0.387625 0.50904 3.05008 -0.0504043 -0.166239 3.19486 0.0568418 0.21921 3.09604 0.0523158 0.554647 3.30093 
-0.124871 -0.781092 2.9216 -0.172067 -0.672164 3.12209 -0.336473 -0.669055 3.07186 -0.469874 -0.403053 3.09413 -0.521828 -0.152711 3.02371 -0.0078756 -0.674069 3.16489 0.0984945 -0.430154 3.26002 0.156058 -0.216734 3.13958 -0.189948 -0.158911 3.12998 -0.299395 -0.158469 3.09374 -0.363727 0.200043 2.92356 -0.430642 0.58526 3.03924 -0.0799911 -0.160375 3.17596 0.0448485 0.205869 3.04818 -0.00274937 0.490846 3.29745 
-0.151766 -0.757809 2.91297 -0.212305 -0.64026 3.10752 -0.37362 -0.640099 3.04923 -0.509101 -0.380049 3.0667 -0.567447 -0.134176 2.9924 -0.050602 -0.640291 3.16112 0.0403542 -0.389589 3.26461 0.110675 -0.17328 3.16233 -0.22792 -0.12693 3.11066 -0.33764 -0.123777 3.07528 -0.392504 0.267556 2.95265 -0.461784 0.666476 3.04129 -0.118476 -0.130997 3.15432 0.0292173 0.210491 2.99586 -0.0716398 0.415642 3.27534 
-0.177125 -0.728963 2.90535 -0.247967 -0.599149 3.09455 -0.405948 -0.599376 3.02744 -0.542234 -0.348648 3.04225 -0.603805 -0.110296 2.96775 -0.0912178 -0.597343 3.15777 -0.0136679 -0.339457 3.25866 0.0650429 -0.118738 3.18877 -0.263252 -0.0861754 3.09235 -0.368316 -0.0825608 3.05071 -0.419476 0.317578 2.95712 -0.478282 0.714543 3.04548 -0.153299 -0.0902918 3.13925 0.00278687 0.227046 2.95358 -0.136681 0.377976 3.24653 
-0.20279 -0.700731 2.8981 -0.283775 -0.559803 3.0843 -0.440784 -0.561113 3.01025 -0.57097 -0.313553 3.02197 -0.635491 -0.0768423 2.94688 -0.129966 -0.560887 3.15218 -0.0698555 -0.295009 3.2415 0.00625222 -0.0711858 3.20781 -0.295677 -0.0492822 3.08027 -0.395885 -0.0456436 3.0365 -0.44179 0.347576 2.94031 -0.486489 0.735086 3.04442 -0.187842 -0.0530943 3.12825 -0.0413185 0.252835 2.92761 -0.205365 0.384675 3.21081 
-0.226537 -0.683772 2.89329 -0.31295 -0.541068 3.07647 -0.468388 -0.540966 2.9992 -0.589179 -0.287829 3.01088 -0.653833 -0.0523691 2.93455 -0.161796 -0.54249 3.14865 -0.123894 -0.269307 3.22339 -0.0597826 -0.0417317 3.22118 -0.324456 -0.0296559 3.07526 -0.423598 -0.0289131 3.0293 -0.458163 0.361368 2.92552 -0.488874 0.740981 3.04485 -0.217567 -0.0322768 3.1226 -0.101457 0.279387 2.92013 -0.269221 0.440027 3.18596 
-0.246691 -0.679991 2.89027 -0.335076 -0.537404 3.07167 -0.487713 -0.536462 2.99426 -0.60201 -0.277443 3.00578 -0.658249 -0.042258 2.92854 -0.180435 -0.53813 3.14444 -0.152634 -0.26563 3.20988 -0.106139 -0.0338978 3.22253 -0.34435 -0.0244068 3.07117 -0.441394 -0.0253732 3.02429 -0.466821 0.365016 2.92581 -0.490387 0.74079 3.04712 -0.239666 -0.0256923 3.1191 -0.153936 0.309913 2.93181 -0.306471 0.517856 3.16703 
-0.264343 -0.68859 2.89011 -0.354139 -0.541562 3.06852 -0.507484 -0.542037 2.9941 -0.609092 -0.279079 3.00546 -0.651487 -0.0422962 2.92735 -0.195122 -0.542171 3.13953 -0.17336 -0.273942 3.205 -0.138612 -0.0387989 3.21458 -0.360741 -0.0258252 3.06388 -0.457121 -0.0268831 3.01685 -0.473506 0.367612 2.94027 -0.490392 0.743782 3.05125 -0.260807 -0.0248762 3.11487 -0.210897 0.341313 2.96385 -0.328378 0.622077 3.15176 
-0.279049 -0.70307 2.89411 -0.366899 -0.551252 3.06889 -0.522515 -0.552879 2.99742 -0.61239 -0.286005 3.00674 -0.642401 -0.047524 2.92644 -0.206877 -0.549162 3.13569 -0.186131 -0.284103 3.19956 -0.155189 -0.0429064 3.20058 -0.371585 -0.0316117 3.05596 -0.470206 -0.0312721 3.00817 -0.476601 0.36446 2.95332 -0.490032 0.747132 3.05461 -0.273983 -0.0305544 3.111 -0.253164 0.359149 3.00088 -0.343565 0.690261 3.1479 
-0.29109 -0.719638 2.90356 -0.376315 -0.56424 3.06918 -0.532929 -0.564737 3.00093 -0.613858 -0.292359 3.00646 -0.632413 -0.0529359 2.92575 -0.215797 -0.561676 3.13525 -0.193408 -0.292175 3.18964 -0.157684 -0.0466549 3.18211 -0.378713 -0.0414153 3.05128 -0.478825 -0.0387079 3.00261 -0.477359 0.356268 2.97063 -0.490012 0.748492 3.05661 -0.280507 -0.0407272 3.11033 -0.277783 0.358614 3.03191 -0.354531 0.716962 3.14702 
-0.300068 -0.735834 2.91421 -0.383122 -0.571844 3.06971 -0.540363 -0.57357 3.00077 -0.614945 -0.297939 3.00235 -0.621753 -0.0587232 2.92427 -0.222203 -0.570451 3.13575 -0.195189 -0.294588 3.17684 -0.152544 -0.0437901 3.16131 -0.382909 -0.0453467 3.04812 -0.484089 -0.0429082 2.99861 -0.477932 0.354274 2.98671 -0.4902 0.748964 3.05859 -0.284279 -0.0470584 3.10945 -0.28924 0.356281 3.05332 -0.357003 0.72769 3.14574 
-0.306945 -0.748765 2.92574 -0.390915 -0.577106 3.07052 -0.546347 -0.579968 2.99744 -0.61542 -0.302037 2.99644 -0.611095 -0.0617143 2.92088 -0.229548 -0.575845 3.13764 -0.19475 -0.297542 3.15865 -0.142659 -0.0475851 3.13126 -0.386026 -0.04783 3.04904 -0.4883 -0.0451632 2.99741 -0.479941 0.35329 3.00303 -0.490655 0.748972 3.06172 -0.287152 -0.0509743 3.10958 -0.296043 0.352972 3.06948 -0.357849 0.731712 3.14579 
-0.31256 -0.757899 2.93969 -0.399822 -0.57868 3.07163 -0.553988 -0.582267 2.99324 -0.616885 -0.303338 2.98849 -0.59925 -0.062029 2.91455 -0.242072 -0.576976 3.14161 -0.192313 -0.298666 3.13872 -0.125884 -0.0576601 3.09728 -0.388625 -0.0473632 3.05414 -0.493483 -0.0454947 2.998 -0.482715 0.353703 3.02491 -0.491519 0.748551 3.06784 -0.289961 -0.0506351 3.11122 -0.305797 0.351579 3.08205 -0.358074 0.733623 3.14479 
-0.317228 -0.764222 2.95135 -0.409467 -0.577772 3.07363 -0.559909 -0.581281 2.99135 -0.619856 -0.302568 2.97941 -0.590395 -0.0608893 2.9047 -0.254949 -0.574484 3.14897 -0.19192 -0.300879 3.12597 -0.114044 -0.071826 3.06674 -0.391452 -0.0468058 3.05916 -0.49553 -0.0451808 2.99954 -0.484783 0.355972 3.03616 -0.492963 0.748554 3.07077 -0.292076 -0.0490904 3.11305 -0.314044 0.350354 3.0885 -0.359829 0.733969 3.14243 
-0.321869 -0.768973 2.96214 -0.420136 -0.577439 3.07412 -0.563145 -0.579805 2.9892 -0.625501 -0.299132 2.96701 -0.583471 -0.0594334 2.89154 -0.267803 -0.573492 3.15828 -0.193679 -0.305565 3.11908 -0.106731 -0.0901586 3.03812 -0.393087 -0.0501379 3.06351 -0.495543 -0.0467571 2.99974 -0.486071 0.356393 3.04158 -0.493165 0.748297 3.07173 -0.294592 -0.0526696 3.11598 -0.31879 0.346344 3.09283 -0.359966 0.732722 3.14222 
-0.327194 -0.773349 2.97202 -0.428458 -0.579188 3.0754 -0.565363 -0.580392 2.98573 -0.627486 -0.297617 2.95354 -0.578455 -0.0606778 2.87231 -0.276178 -0.574932 3.17055 -0.197017 -0.310346 3.116 -0.105793 -0.114222 3.01109 -0.394605 -0.053602 3.06518 -0.495265 -0.0486642 2.99728 -0.48664 0.355609 3.04398 -0.49194 0.749206 3.07107 -0.296876 -0.0562373 3.11908 -0.320528 0.34342 3.0978 -0.360702 0.732881 3.14435 
-0.332605 -0.775979 2.97957 -0.433532 -0.578701 3.07659 -0.568091 -0.578097 2.98455 -0.627295 -0.296087 2.94145 -0.573996 -0.0630292 2.85317 -0.281251 -0.576068 3.17813 -0.201611 -0.314617 3.11616 -0.111744 -0.135387 2.99298 -0.395203 -0.0550971 3.06687 -0.495596 -0.0505326 2.99726 -0.487201 0.35466 3.04525 -0.491532 0.749612 3.06884 -0.297912 -0.0577735 3.1209 -0.321479 0.340801 3.10069 -0.360139 0.732231 3.14551 
-0.338517 -0.777277 2.98606 -0.438502 -0.575486 3.07826 -0.570745 -0.57471 2.9847 -0.627294 -0.294262 2.93016 -0.5713 -0.0662595 2.83366 -0.285944 -0.575725 3.18537 -0.208563 -0.316659 3.11708 -0.121375 -0.151641 2.98029 -0.395459 -0.0556265 3.06705 -0.496761 -0.0506499 2.99718 -0.487302 0.352647 3.04562 -0.491756 0.749836 3.06876 -0.298232 -0.0583532 3.12218 -0.321832 0.340012 3.10227 -0.36056 0.732152 3.14608 
-0.344787 -0.777518 2.98971 -0.441477 -0.574324 3.07952 -0.572599 -0.572691 2.98605 -0.62805 -0.294377 2.92213 -0.568781 -0.0712433 2.8205 -0.288272 -0.575256 3.18896 -0.214737 -0.318169 3.11996 -0.132162 -0.157792 2.97915 -0.395164 -0.0556712 3.06783 -0.497202 -0.0505595 2.99684 -0.487705 0.351676 3.04594 -0.492932 0.749804 3.06851 -0.297902 -0.0584698 3.12358 -0.322242 0.340508 3.10362 -0.360037 0.732371 3.14667 
-0.350886 -0.776869 2.9928 -0.444273 -0.574121 3.08103 -0.577532 -0.571832 2.98702 -0.628609 -0.294986 2.92005 -0.566208 -0.0800835 2.81257 -0.289542 -0.576063 3.19047 -0.22117 -0.316795 3.12461 -0.142835 -0.155379 2.98644 -0.394091 -0.0550484 3.06738 -0.496825 -0.0503894 2.99636 -0.489107 0.352774 3.04633 -0.493228 0.750055 3.07005 -0.298658 -0.0581995 3.12342 -0.322986 0.342734 3.10557 -0.360351 0.733329 3.14762 
-0.355695 -0.77603 2.99422 -0.446171 -0.574578 3.08178 -0.583563 -0.571271 2.9878 -0.629346 -0.295744 2.92261 -0.565203 -0.0866581 2.81019 -0.290295 -0.576778 3.19116 -0.22667 -0.313499 3.13112 -0.151687 -0.144323 3.00276 -0.393652 -0.0534252 3.06775 -0.495914 -0.0483935 2.9953 -0.489823 0.355155 3.04666 -0.492742 0.750626 3.06941 -0.298737 -0.0573233 3.12157 -0.324157 0.344868 3.10697 -0.361156 0.734136 3.14944 
-0.359042 -0.774633 2.99554 -0.448342 -0.574267 3.08233 -0.591831 -0.570433 2.98878 -0.631177 -0.297779 2.92754 -0.565801 -0.0891845 2.81257 -0.291041 -0.576198 3.19137 -0.233471 -0.307471 3.13971 -0.159715 -0.124761 3.02412 -0.393533 -0.0527652 3.06718 -0.495647 -0.0478277 2.99529 -0.489133 0.355402 3.04668 -0.491607 0.750241 3.06882 -0.300139 -0.056739 3.11941 -0.325688 0.345252 3.1081 -0.360724 0.735526 3.15264 
-0.360014 -0.772247 2.99604 -0.449478 -0.572819 3.08253 -0.599531 -0.570015 2.9898 -0.633007 -0.297829 2.93109 -0.568559 -0.0870354 2.81801 -0.292043 -0.575644 3.19149 -0.237522 -0.303182 3.15029 -0.166099 -0.103123 3.05516 -0.393897 -0.0494748 3.0653 -0.495854 -0.045124 2.99426 -0.488823 0.35704 3.04656 -0.491105 0.749836 3.0683 -0.300121 -0.0545149 3.11841 -0.32655 0.344795 3.10878 -0.360477 0.736626 3.15433 
-0.360191 -0.76926 2.99568 -0.450095 -0.57269 3.08253 -0.603531 -0.569514 2.99037 -0.635406 -0.296236 2.93682 -0.573058 -0.0819721 2.82825 -0.293952 -0.576518 3.19167 -0.242458 -0.302014 3.16092 -0.17158 -0.0860317 3.09284 -0.395015 -0.0473121 3.06358 -0.495101 -0.0428336 2.99408 -0.48901 0.357948 3.04645 -0.490898 0.748984 3.06765 -0.300933 -0.0538081 3.11789 -0.327109 0.344804 3.1096 -0.360258 0.736655 3.15576 
-0.360902 -0.764779 2.99436 -0.450617 -0.571821 3.08242 -0.606233 -0.568389 2.99063 -0.637033 -0.290935 2.94695 -0.580333 -0.0702782 2.8456 -0.295644 -0.575768 3.19187 -0.247814 -0.301175 3.17223 -0.176928 -0.0714772 3.13859 -0.397347 -0.0461973 3.05866 -0.496883 -0.0408214 2.99222 -0.489832 0.358972 3.04632 -0.490732 0.748699 3.06636 -0.302683 -0.0536094 3.11707 -0.327381 0.345396 3.11098 -0.359849 0.737249 3.1575 
-0.360929 -0.761437 2.99127 -0.451248 -0.571411 3.08202 -0.606849 -0.567439 2.99046 -0.63849 -0.28668 2.95765 -0.589638 -0.0596053 2.86692 -0.295677 -0.574419 3.19161 -0.249707 -0.301712 3.18771 -0.180378 -0.0627182 3.18004 -0.399312 -0.046728 3.05727 -0.498417 -0.0406684 2.99236 -0.491373 0.359004 3.04586 -0.490703 0.748581 3.06632 -0.304518 -0.0538766 3.11804 -0.327594 0.345173 3.11114 -0.359568 0.73694 3.15823 
-0.360565 -0.759459 2.98735 -0.45254 -0.571122 3.08066 -0.608273 -0.565825 2.98983 -0.639438 -0.282981 2.96913 -0.601786 -0.0477446 2.88659 -0.29642 -0.575306 3.19089 -0.25165 -0.303418 3.20054 -0.18014 -0.061959 3.20919 -0.401736 -0.0462028 3.05607 -0.500502 -0.0391775 2.9922 -0.492138 0.357722 3.04479 -0.490827 0.748548 3.06745 -0.30519 -0.0533744 3.11907 -0.327901 0.344023 3.10987 -0.35922 0.737129 3.15856 
-0.359782 -0.758502 2.98214 -0.4526 -0.570704 3.07956 -0.608719 -0.565705 2.98832 -0.641747 -0.282339 2.97901 -0.618682 -0.0396474 2.90978 -0.295863 -0.577219 3.18923 -0.252652 -0.305599 3.21537 -0.178976 -0.0649431 3.23277 -0.40396 -0.0457279 3.05915 -0.501792 -0.0380807 2.99348 -0.494566 0.356298 3.04486 -0.490905 0.748687 3.06794 -0.304737 -0.053339 3.12089 -0.32834 0.344685 3.10926 -0.359105 0.737941 3.15865 
-0.358909 -0.758442 2.97736 -0.451498 -0.571602 3.078 -0.608323 -0.567041 2.98712 -0.644255 -0.282818 2.98598 -0.632961 -0.0347326 2.92805 -0.29604 -0.578206 3.18606 -0.254706 -0.307564 3.23329 -0.17894 -0.0680373 3.24711 -0.405899 -0.0463242 3.06041 -0.502706 -0.0380541 2.99454 -0.495473 0.357429 3.0461 -0.490931 0.749019 3.06815 -0.304637 -0.0536228 3.1217 -0.32867 0.345821 3.10903 -0.359189 0.73841 3.15878 
-0.358086 -0.758265 2.97383 -0.45089 -0.572955 3.07742 -0.606854 -0.567631 2.98557 -0.647491 -0.283338 2.98984 -0.644447 -0.0321733 2.94197 -0.296755 -0.579326 3.18236 -0.255986 -0.308636 3.24466 -0.179683 -0.0699189 3.25578 -0.406328 -0.0453046 3.06046 -0.50357 -0.0373832 2.99574 -0.495606 0.358219 3.04644 -0.490936 0.749818 3.06811 -0.304743 -0.052904 3.12211 -0.32873 0.346505 3.10888 -0.359028 0.737209 3.15894 
-0.357411 -0.75809 2.97229 -0.450597 -0.572314 3.07708 -0.605977 -0.568159 2.98303 -0.652026 -0.28524 2.99154 -0.656606 -0.0343172 2.95121 -0.298143 -0.579916 3.1807 -0.257084 -0.309262 3.25058 -0.179196 -0.0718615 3.25857 -0.405185 -0.0465193 3.05929 -0.502906 -0.0386618 2.99569 -0.495095 0.357415 3.04625 -0.490947 0.750038 3.06811 -0.305065 -0.0536466 3.12236 -0.32862 0.34544 3.10884 -0.358989 0.736648 3.15897 
-0.356546 -0.757961 2.97137 -0.450447 -0.572911 3.07684 -0.605402 -0.569191 2.98329 -0.655531 -0.287608 2.99119 -0.668237 -0.0360098 2.95481 -0.298537 -0.580623 3.18025 -0.258551 -0.309992 3.25219 -0.179544 -0.0720301 3.25751 -0.404797 -0.0463132 3.05875 -0.502665 -0.0383925 2.99495 -0.494012 0.356281 3.04562 -0.49097 0.749829 3.06816 -0.306047 -0.0532473 3.12241 -0.328181 0.343547 3.10891 -0.359028 0.736276 3.15894 
-0.355336 -0.757889 2.97093 -0.450362 -0.573125 3.0768 -0.605223 -0.569588 2.98382 -0.657866 -0.289855 2.99004 -0.675452 -0.0377971 2.95424 -0.298281 -0.580173 3.18066 -0.259025 -0.309485 3.25097 -0.180853 -0.0706076 3.25434 -0.405013 -0.0445274 3.05854 -0.502632 -0.0376355 2.99468 -0.493614 0.356082 3.04645 -0.491001 0.749021 3.06833 -0.306265 -0.0530439 3.1224 -0.32805 0.343005 3.10891 -0.359146 0.73583 3.15888 
-0.354781 -0.75786 2.97072 -0.450331 -0.573205 3.07678 -0.605295 -0.569723 2.98499 -0.659576 -0.290866 2.98774 -0.679135 -0.0380126 2.95412 -0.297338 -0.579969 3.17982 -0.25808 -0.30931 3.24696 -0.181192 -0.0700155 3.2521 -0.405006 -0.0444457 3.05844 -0.502638 -0.0373518 2.99447 -0.493443 0.354671 3.0467 -0.490998 0.748701 3.06844 -0.305585 -0.0530108 3.12249 -0.32764 0.341488 3.10893 -0.359384 0.734996 3.15875 
