15 208 4
0.00142161 0.0784081 -0.00122721 -0.215383 -0.0206882 -0.0524473
0.142654 -1.55878 -0.13749 3.81781 0.239627 3.36712
-0.00130252 3.03411 0.0241018 -0.727987 0.162627 7.34813
0.0986717 1.58845 0.103103 -3.64314 0.445373 3.63488
0.282408 -0.679854 2.83657 0.104603 -0.583431 2.74292 0.181309 -0.577526 2.58482 0.184324 -0.286152 2.52431 0.250091 -0.0462753 2.52973 0.0291233 -0.589499 2.91393 -0.0179119 -0.300909 2.97105 0.0146878 -0.0730134 3.03374 0.110303 -0.0406245 2.75863 0.162575 -0.0374876 2.65435 0.13136 0.355551 2.66789 0.0924532 0.747008 2.67848 0.0654162 -0.0447818 2.86196 0.0783981 0.359067 2.85454 0.0285883 0.745277 2.83021 
0.282425 -0.679491 2.83729 0.105772 -0.584183 2.743 0.182306 -0.577563 2.58513 0.185269 -0.286943 2.52472 0.24958 -0.0463328 2.53076 0.029118 -0.589922 2.91386 -0.019428 -0.303532 2.97089 0.0150682 -0.0767065 3.03241 0.11069 -0.0402035 2.75755 0.162725 -0.0374217 2.65409 0.131592 0.35602 2.66812 0.0915609 0.746406 2.67862 0.0654434 -0.0453107 2.86195 0.0785496 0.358925 2.85454 0.0283708 0.74378 2.83038 
0.282593 -0.678609 2.83855 0.106438 -0.584667 2.7435 0.182729 -0.577678 2.58597 0.185609 -0.28758 2.52465 0.249868 -0.046537 2.53309 0.0291414 -0.590857 2.91371 -0.0208692 -0.305499 2.9709 0.0165478 -0.0785362 3.03102 0.111238 -0.0404469 2.75709 0.163015 -0.0371849 2.65349 0.132592 0.355603 2.66882 0.0912678 0.746162 2.67867 0.0655537 -0.045315 2.86196 0.0790107 0.358497 2.85454 0.0282766 0.743154 2.83042 
0.282969 -0.678012 2.84029 0.10707 -0.585293 2.74474 0.182841 -0.577907 2.58785 0.185444 -0.288409 2.52407 0.251466 -0.0469941 2.53608 0.0291412 -0.591242 2.91332 -0.0229593 -0.306221 2.97103 0.019885 -0.0783967 3.02906 0.112174 -0.0400386 2.75701 0.1636 -0.0365962 2.65223 0.135013 0.353922 2.6704 0.0913676 0.746064 2.67865 0.065684 -0.043447 2.86199 0.0800621 0.357413 2.85457 0.0282422 0.74288 2.83037 
0.282694 -0.677325 2.84278 0.107912 -0.58458 2.7448 0.18216 -0.57813 2.58938 0.185151 -0.289777 2.52396 0.25256 -0.0479036 2.5383 0.0291616 -0.591635 2.91268 -0.0224918 -0.306811 2.97133 0.0246968 -0.0777104 3.02775 0.113997 -0.0385158 2.75721 0.163948 -0.0351673 2.65169 0.136909 0.352824 2.67118 0.0919347 0.746015 2.67856 0.0657737 -0.0413583 2.86208 0.0799566 0.356265 2.85469 0.0282382 0.742732 2.83022 
0.282401 -0.677537 2.84618 0.109867 -0.585472 2.74613 0.182586 -0.578368 2.5914 0.18489 -0.289512 2.52473 0.254672 -0.0484574 2.54055 0.0294563 -0.592097 2.91363 -0.0221739 -0.30379 2.97199 0.0307871 -0.0762794 3.02658 0.115544 -0.0381112 2.75794 0.16454 -0.0349661 2.6517 0.139469 0.35136 2.67163 0.0933248 0.746005 2.67832 0.0658604 -0.0404582 2.86224 0.0810415 0.355965 2.85474 0.0282491 0.742573 2.83039 
0.282503 -0.678577 2.84872 0.111555 -0.585024 2.74706 0.183929 -0.578623 2.59262 0.184787 -0.288952 2.52581 0.256541 -0.0487069 2.54276 0.0298111 -0.591518 2.91444 -0.022464 -0.301611 2.97317 0.0379165 -0.073473 3.02667 0.117342 -0.0384949 2.75954 0.16532 -0.0342824 2.65225 0.1427 0.352172 2.67172 0.0940563 0.74579 2.67787 0.066183 -0.0400447 2.86261 0.0814849 0.357892 2.85463 0.0283092 0.742261 2.83047 
0.283112 -0.679443 2.85081 0.111421 -0.584799 2.74825 0.184399 -0.579047 2.5939 0.184431 -0.289464 2.52617 0.257507 -0.0489654 2.54408 0.0305026 -0.591074 2.91559 -0.0218289 -0.299776 2.97524 0.0440558 -0.0730164 3.028 0.118141 -0.0386042 2.76286 0.166384 -0.0341913 2.65366 0.142944 0.353597 2.67179 0.0944695 0.745278 2.67706 0.0666737 -0.0400312 2.86345 0.0817219 0.358556 2.85462 0.0284425 0.741607 2.83047 
0.283658 -0.679824 2.85318 0.111789 -0.586299 2.75029 0.184335 -0.579997 2.59605 0.184392 -0.291148 2.52599 0.257928 -0.0492755 2.54502 0.0297161 -0.591696 2.91769 -0.0194257 -0.296539 2.97722 0.050313 -0.074079 3.031 0.120804 -0.0383658 2.76516 0.166946 -0.0345427 2.65439 0.145253 0.353376 2.67205 0.0951922 0.744306 2.67785 0.0676992 -0.0417006 2.86509 0.0819358 0.358473 2.85468 0.0287268 0.740008 2.83042 
0.28415 -0.679551 2.85568 0.111127 -0.587153 2.75198 0.18432 -0.58045 2.59767 0.184436 -0.291879 2.52659 0.257959 -0.0493426 2.54581 0.0296513 -0.592011 2.91935 -0.0175867 -0.295043 2.97809 0.054912 -0.0724931 3.03528 0.122868 -0.0375344 2.76758 0.167801 -0.0339578 2.65483 0.146187 0.353052 2.67258 0.0958875 0.743633 2.67831 0.0685951 -0.0415721 2.86609 0.0821776 0.359283 2.85489 0.0288408 0.739684 2.83046 
0.284351 -0.679566 2.85842 0.111535 -0.588125 2.75394 0.184533 -0.580623 2.59978 0.184225 -0.293458 2.5278 0.257576 -0.049392 2.54644 0.0302137 -0.59257 2.92148 -0.0154142 -0.295677 2.97828 0.0576541 -0.0710209 3.0408 0.125269 -0.0369622 2.76925 0.169484 -0.0334961 2.65519 0.146328 0.352356 2.67361 0.0971147 0.742626 2.67871 0.0697837 -0.0410724 2.8669 0.0833877 0.360073 2.85529 0.0288765 0.740354 2.83064 
0.28488 -0.678824 2.86067 0.112872 -0.588086 2.75499 0.184674 -0.580417 2.60098 0.18434 -0.29378 2.52879 0.258362 -0.0494311 2.54706 0.0314778 -0.591769 2.92319 -0.0141287 -0.294354 2.97808 0.0588247 -0.0708337 3.04492 0.127329 -0.03619 2.771 0.171025 -0.0327659 2.65565 0.146272 0.352533 2.67553 0.0976242 0.742474 2.67884 0.071772 -0.0413325 2.86795 0.0839012 0.359857 2.85621 0.0288904 0.74084 2.83132 
0.285879 -0.67927 2.86331 0.113537 -0.587016 2.75584 0.184742 -0.579585 2.60208 0.184645 -0.294391 2.52998 0.258933 -0.0493996 2.54797 0.0317075 -0.590578 2.92562 -0.0128238 -0.29186 2.9776 0.0595271 -0.0703945 3.04764 0.130042 -0.0361265 2.77376 0.173285 -0.0326459 2.65644 0.146341 0.351982 2.67955 0.0977433 0.743098 2.67882 0.0738866 -0.0410415 2.86971 0.0843483 0.358314 2.85795 0.0285938 0.741406 2.83053 
0.287369 -0.678496 2.86737 0.114034 -0.585692 2.75682 0.184578 -0.579163 2.60384 0.185009 -0.294231 2.53165 0.259052 -0.0494442 2.54803 0.0334066 -0.589527 2.92759 -0.0108624 -0.289581 2.97886 0.0585443 -0.0686618 3.05007 0.132225 -0.0369016 2.7768 0.175289 -0.0331599 2.65798 0.146327 0.351921 2.6829 0.0975445 0.745025 2.67857 0.0748426 -0.0416645 2.8711 0.0848524 0.357825 2.85909 0.0285921 0.740938 2.83019 
0.289132 -0.67926 2.87244 0.11464 -0.584709 2.75859 0.184599 -0.57875 2.60479 0.185314 -0.294557 2.53292 0.259176 -0.0495279 2.54861 0.0351289 -0.589618 2.93038 -0.0101929 -0.288177 2.98034 0.0568954 -0.0676894 3.053 0.133135 -0.037343 2.77944 0.176034 -0.0330741 2.6589 0.146576 0.352187 2.68494 0.0963926 0.746325 2.67836 0.0751674 -0.0420449 2.87271 0.0851023 0.357886 2.86043 0.0283813 0.740723 2.83012 
0.291782 -0.681678 2.87799 0.115737 -0.584673 2.76248 0.184747 -0.577885 2.60553 0.185748 -0.295603 2.53429 0.259705 -0.04832 2.55006 0.0378116 -0.589034 2.93565 -0.00830758 -0.28794 2.98275 0.0543807 -0.0670982 3.05587 0.133268 -0.0377577 2.78295 0.175968 -0.0337869 2.65965 0.147232 0.352898 2.6868 0.0956094 0.746017 2.67845 0.0751433 -0.0424065 2.87531 0.0853017 0.358553 2.86281 0.027816 0.740655 2.83026 
0.293565 -0.683533 2.88247 0.116476 -0.585427 2.76555 0.185162 -0.577606 2.60619 0.186211 -0.298042 2.5359 0.26032 -0.0477678 2.55137 0.0406353 -0.589165 2.93906 -0.00645897 -0.28876 2.98476 0.0510698 -0.0661589 3.05809 0.132505 -0.0385409 2.78473 0.175182 -0.0342148 2.66049 0.149111 0.352988 2.68711 0.0956546 0.745688 2.67851 0.0752386 -0.0428389 2.87789 0.0852634 0.358455 2.86531 0.0275807 0.740705 2.83063 
0.295319 -0.683985 2.88475 0.117374 -0.585828 2.7697 0.186136 -0.57753 2.60716 0.186732 -0.299812 2.5385 0.261216 -0.0474701 2.5529 0.0428976 -0.590002 2.94242 -0.00591656 -0.291263 2.98737 0.0475197 -0.0659686 3.06042 0.132329 -0.0388087 2.7857 0.174833 -0.0348835 2.66188 0.148341 0.35247 2.68853 0.0965446 0.745061 2.67858 0.0753163 -0.0436249 2.88179 0.0853103 0.359349 2.8667 0.0275723 0.740798 2.83147 
0.296902 -0.6832 2.88888 0.119101 -0.58594 2.77226 0.188362 -0.577503 2.60904 0.187535 -0.299199 2.54286 0.262669 -0.0472725 2.55509 0.0454785 -0.588742 2.94537 -0.00577965 -0.292465 2.98969 0.0450455 -0.0670131 3.06215 0.132575 -0.0388116 2.78637 0.174979 -0.0347003 2.6645 0.147339 0.352916 2.68919 0.0968226 0.743886 2.67866 0.075199 -0.0438355 2.88696 0.0855038 0.360212 2.87039 0.027764 0.741013 2.83326 
0.298 -0.684162 2.89448 0.120432 -0.585782 2.77481 0.190647 -0.57734 2.61045 0.188575 -0.298742 2.54611 0.264544 -0.0468319 2.55717 0.0451313 -0.588216 2.94708 -0.00604292 -0.29476 2.99081 0.0428378 -0.0682692 3.06383 0.133267 -0.0386035 2.78688 0.175226 -0.0351093 2.66758 0.147238 0.35282 2.68952 0.0961963 0.742969 2.67882 0.0753729 -0.0435347 2.89144 0.0863335 0.359991 2.87317 0.0279916 0.741351 2.83461 
0.300058 -0.685228 2.90058 0.122261 -0.584973 2.77894 0.192048 -0.576822 2.61219 0.189841 -0.297954 2.54806 0.267137 -0.0463302 2.55997 0.0440986 -0.58775 2.94851 -0.00795091 -0.297906 2.99113 0.0401495 -0.0702943 3.06457 0.134838 -0.03796 2.78745 0.175654 -0.0347534 2.67057 0.147931 0.352103 2.6897 0.0942667 0.743266 2.6788 0.0758795 -0.042363 2.8954 0.0883982 0.360176 2.87681 0.0284856 0.742068 2.83627 
0.30238 -0.682272 2.90643 0.12379 -0.584244 2.78487 0.193593 -0.577294 2.6151 0.191589 -0.296262 2.54947 0.27107 -0.0467961 2.5645 0.0437646 -0.586375 2.95058 -0.0143256 -0.299548 2.99261 0.0363296 -0.0726166 3.06451 0.136397 -0.0362291 2.78834 0.176488 -0.033273 2.67501 0.149555 0.351945 2.68979 0.092603 0.743474 2.67859 0.0772928 -0.0394804 2.89862 0.0932269 0.360965 2.88346 0.0294148 0.741985 2.83689 
0.303228 -0.677631 2.91399 0.126112 -0.58271 2.79071 0.196612 -0.575374 2.61854 0.192664 -0.292829 2.55042 0.274947 -0.0463756 2.57029 0.044172 -0.582538 2.95424 -0.0212979 -0.298657 2.9946 0.0322205 -0.0721802 3.06386 0.136441 -0.0335459 2.78989 0.176026 -0.0310278 2.67871 0.156781 0.352379 2.68986 0.0921121 0.74347 2.67799 0.0784408 -0.0371603 2.90261 0.10355 0.363117 2.89691 0.0312838 0.741188 2.83676 
0.303765 -0.671788 2.92293 0.128044 -0.578421 2.79767 0.200725 -0.570789 2.62458 0.194013 -0.288582 2.55224 0.278602 -0.0458213 2.57914 0.0455696 -0.576187 2.95889 -0.0280325 -0.295549 2.99832 0.0259313 -0.0687351 3.06234 0.137404 -0.0293133 2.793 0.178158 -0.0278061 2.68352 0.17499 0.354171 2.69004 0.0923519 0.74492 2.67658 0.0787651 -0.0321366 2.90717 0.124457 0.364918 2.91278 0.0358568 0.738956 2.83576 
0.303317 -0.663666 2.93297 0.130001 -0.569188 2.80473 0.206049 -0.562606 2.63435 0.195112 -0.279189 2.5569 0.282324 -0.0418051 2.58793 0.0469591 -0.567912 2.96469 -0.0329523 -0.28909 3.00104 0.019828 -0.059795 3.06152 0.137169 -0.0250265 2.79726 0.181346 -0.0229317 2.68984 0.196575 0.357347 2.69044 0.0948243 0.743949 2.67635 0.0758846 -0.0267167 2.91254 0.149075 0.366395 2.92953 0.0427712 0.732751 2.83616 
0.304805 -0.652312 2.94617 0.133567 -0.549245 2.81146 0.213392 -0.544067 2.64688 0.197729 -0.262926 2.56558 0.287728 -0.0310079 2.59725 0.0492048 -0.552198 2.97307 -0.0390796 -0.275466 3.00934 0.01271 -0.0464104 3.06096 0.133201 -0.0176689 2.80503 0.181338 -0.0157299 2.70083 0.22741 0.361823 2.69123 0.0974005 0.741772 2.67713 0.0700769 -0.0187965 2.92145 0.180678 0.366739 2.95471 0.0521198 0.71772 2.83597 
0.305612 -0.640886 2.96178 0.135864 -0.531987 2.82 0.219291 -0.523432 2.66024 0.202278 -0.242536 2.57657 0.292327 -0.0152661 2.60832 0.0477978 -0.535109 2.98445 -0.0448815 -0.262581 3.02031 0.0033093 -0.0297673 3.06943 0.12615 -0.00976515 2.81809 0.178061 -0.0085804 2.71557 0.251364 0.367715 2.69529 0.0982426 0.739553 2.67681 0.0639088 -0.0108457 2.93222 0.207365 0.362455 2.98549 0.0543521 0.684886 2.84051 
0.303348 -0.628298 2.98301 0.136159 -0.516927 2.834 0.223248 -0.50534 2.68054 0.212096 -0.221541 2.59412 0.296979 0.00641223 2.62056 0.0446007 -0.522164 3.00058 -0.0538509 -0.247983 3.03854 -0.0128289 -0.0181516 3.08646 0.118383 -0.00153706 2.84086 0.172714 0.000676694 2.73471 0.266831 0.373478 2.70758 0.0965766 0.733393 2.67826 0.0563013 -0.00297658 2.95015 0.229074 0.35045 3.0349 0.0494431 0.626205 2.85403 
0.297445 -0.628513 3.01094 0.131796 -0.512953 2.85938 0.220775 -0.500961 2.70689 0.219449 -0.218086 2.61675 0.299428 0.010664 2.63182 0.0352491 -0.517232 3.02408 -0.0653133 -0.244484 3.06359 -0.0308273 -0.0165737 3.11713 0.108483 -0.00431084 2.86736 0.166307 -0.00258324 2.75941 0.269628 0.371685 2.72316 0.0953578 0.72726 2.68257 0.0468659 -0.00752084 2.97573 0.238538 0.324354 3.09243 0.0337422 0.55232 2.88847 
0.287345 -0.646043 3.04842 0.122988 -0.527932 2.9009 0.212298 -0.520964 2.75032 0.221882 -0.247263 2.64236 0.293362 -0.0144774 2.64435 0.0258016 -0.529413 3.05846 -0.0830307 -0.264075 3.10367 -0.0583986 -0.0376015 3.17285 0.09551 -0.0285342 2.90272 0.156132 -0.0253387 2.7978 0.256839 0.354841 2.74908 0.0868877 0.701748 2.68962 0.0331691 -0.0320574 3.01279 0.235691 0.268695 3.1696 0.00678092 0.465936 2.95921 
0.275382 -0.681524 3.09818 0.111444 -0.569436 2.95504 0.197052 -0.567299 2.80546 0.20182 -0.318783 2.67472 0.269208 -0.0820697 2.66495 0.0186995 -0.567216 3.10919 -0.104556 -0.307759 3.16957 -0.0877587 -0.0791198 3.25201 0.0811743 -0.0740899 2.95147 0.143232 -0.0680248 2.84523 0.226723 0.320429 2.78834 0.0982408 0.690455 2.7063 0.0150917 -0.080375 3.06047 0.213282 0.201942 3.24852 -0.0316236 0.396443 3.05098 
0.264577 -0.717258 3.14764 0.100658 -0.606057 3.00577 0.182617 -0.606846 2.85443 0.177586 -0.36689 2.70939 0.243372 -0.128667 2.68991 0.0127882 -0.602474 3.15649 -0.120586 -0.345703 3.23301 -0.108277 -0.121964 3.32809 0.0641887 -0.110587 2.9955 0.127515 -0.101392 2.89017 0.220733 0.279882 2.83304 0.0958338 0.650747 2.7358 -0.00199823 -0.119136 3.10764 0.173571 0.17347 3.30675 -0.0488811 0.404405 3.136 
0.253634 -0.74639 3.20268 0.0875694 -0.640272 3.06644 0.16522 -0.643515 2.91209 0.14616 -0.411674 2.75264 0.205568 -0.171945 2.72049 0.00745829 -0.637711 3.21779 -0.135556 -0.386046 3.30627 -0.120439 -0.161767 3.40964 0.0439893 -0.139797 3.05087 0.106464 -0.131618 2.94451 0.242366 0.231844 2.89128 0.0689642 0.572835 2.7935 -0.0191104 -0.144263 3.16236 0.137267 0.17782 3.34836 -0.0583267 0.475957 3.23855 
0.240817 -0.750449 3.24964 0.073105 -0.649179 3.11718 0.14572 -0.651094 2.96269 0.118997 -0.415872 2.80022 0.174292 -0.175064 2.75737 -0.00282149 -0.645819 3.27304 -0.147837 -0.396634 3.36315 -0.127141 -0.172326 3.47402 0.0317776 -0.142263 3.10188 0.0946659 -0.135823 2.99641 0.2673 0.203061 2.94977 0.0303099 0.489766 2.86615 -0.0324523 -0.142292 3.21305 0.0976434 0.204529 3.37237 -0.0653241 0.548637 3.31431 
0.226169 -0.7267 3.29336 0.0544647 -0.63294 3.17413 0.121981 -0.633174 3.01939 0.0930614 -0.388535 2.86005 0.137732 -0.141722 2.8083 -0.0172988 -0.628244 3.33063 -0.159244 -0.381055 3.41613 -0.128524 -0.160211 3.52854 0.018826 -0.119528 3.15752 0.0813766 -0.117291 3.05074 0.293661 0.18826 3.01362 -0.0127363 0.405385 2.96633 -0.0465614 -0.11684 3.26918 0.0505942 0.26201 3.3902 -0.0785212 0.623325 3.36782 
0.214656 -0.695004 3.33629 0.0362756 -0.596099 3.23271 0.100573 -0.595506 3.07459 0.0710054 -0.349128 2.92431 0.101609 -0.101466 2.86462 -0.0321488 -0.593598 3.38581 -0.162865 -0.342456 3.46384 -0.12621 -0.123222 3.57046 0.00378413 -0.0870905 3.21521 0.0670454 -0.0866123 3.10209 0.298545 0.198337 3.08326 -0.036302 0.385392 3.07494 -0.0605544 -0.0820783 3.32121 0.0269764 0.307755 3.41948 -0.0958337 0.679111 3.39469 
0.201845 -0.665425 3.37371 0.0199138 -0.556626 3.27823 0.0811995 -0.556672 3.1204 0.0520297 -0.310272 2.9847 0.067317 -0.0642686 2.92657 -0.0446321 -0.556334 3.43352 -0.160596 -0.30195 3.50364 -0.123677 -0.0801855 3.59709 -0.0104999 -0.0529404 3.26268 0.0534329 -0.0534992 3.14684 0.279665 0.232964 3.1561 -0.0501018 0.436137 3.16926 -0.0759217 -0.0494883 3.36815 0.017405 0.346107 3.4515 -0.111131 0.716863 3.40988 
0.18964 -0.649916 3.4067 0.00758039 -0.541313 3.31145 0.0687364 -0.54316 3.1523 0.038535 -0.289112 3.03372 0.0444857 -0.0428325 2.98815 -0.0560653 -0.540779 3.46858 -0.16216 -0.282119 3.53157 -0.120528 -0.0614755 3.61377 -0.0232492 -0.0347648 3.29849 0.0388039 -0.0344493 3.18376 0.242016 0.271087 3.21748 -0.0571249 0.519636 3.22593 -0.0870553 -0.032932 3.4037 0.0133835 0.360564 3.47181 -0.117012 0.726867 3.418 
0.177279 -0.644947 3.43441 -0.00401221 -0.538132 3.33558 0.0604434 -0.538771 3.17504 0.0296589 -0.276075 3.0754 0.0369265 -0.0305454 3.04722 -0.0695873 -0.537096 3.4947 -0.170422 -0.273013 3.55248 -0.116239 -0.059437 3.6264 -0.0374224 -0.0256088 3.3276 0.0191908 -0.0239752 3.21667 0.183253 0.309512 3.26263 -0.06464 0.614751 3.2557 -0.0968749 -0.0264288 3.43321 0.0107998 0.365466 3.48728 -0.11991 0.729631 3.42289 
0.164367 -0.647039 3.46039 -0.0142475 -0.537897 3.35778 0.0548921 -0.535645 3.19449 0.0254941 -0.261445 3.11158 0.0402648 -0.0194779 3.09961 -0.0858886 -0.539298 3.51714 -0.188637 -0.272901 3.56791 -0.129285 -0.0567831 3.63696 -0.0533578 -0.0210731 3.35693 -0.00058458 -0.0174174 3.24907 0.120747 0.343543 3.29759 -0.0818167 0.684767 3.26787 -0.107795 -0.0238596 3.46481 0.0144264 0.365142 3.50544 -0.123055 0.723065 3.42861 
0.150058 -0.647086 3.48487 -0.024035 -0.531201 3.37602 0.0547215 -0.524355 3.21504 0.0252218 -0.245438 3.14362 0.0477693 -0.0050985 3.14007 -0.101317 -0.537251 3.53605 -0.205494 -0.271993 3.5825 -0.143446 -0.0569705 3.65151 -0.0677167 -0.0149973 3.38532 -0.0150892 -0.00863273 3.27757 0.0903142 0.358227 3.31928 -0.0925571 0.716616 3.27453 -0.119753 -0.0192864 3.49223 0.0269534 0.35879 3.53293 -0.128736 0.704916 3.43787 
0.133595 -0.64606 3.51054 -0.036584 -0.517256 3.39936 0.0524834 -0.507033 3.2445 0.0275271 -0.225074 3.17495 0.05913 0.0134606 3.17846 -0.119441 -0.530346 3.55759 -0.2209 -0.265405 3.605 -0.163418 -0.0548642 3.67622 -0.0820303 -0.00637049 3.41613 -0.0273072 0.000783294 3.30821 0.0788163 0.364842 3.33344 -0.0990836 0.729587 3.28006 -0.138948 -0.0127244 3.52285 0.0373815 0.346465 3.57757 -0.141993 0.663718 3.45543 
0.116728 -0.648309 3.53799 -0.0458198 -0.511769 3.42311 0.0471115 -0.498675 3.27188 0.035814 -0.213745 3.20398 0.074412 0.0248629 3.20785 -0.133743 -0.528286 3.579 -0.240198 -0.267459 3.63521 -0.185214 -0.0611488 3.71508 -0.0966203 -0.00870981 3.44733 -0.0408513 0.00010153 3.33541 0.0718166 0.36386 3.34333 -0.0987349 0.73295 3.28505 -0.156604 -0.0176088 3.55168 0.0416907 0.318103 3.63368 -0.166865 0.588978 3.48389 
0.0974581 -0.656134 3.57042 -0.0596929 -0.517458 3.45747 0.0329167 -0.503077 3.30934 0.0380015 -0.221191 3.23226 0.0963507 0.0170513 3.23566 -0.152529 -0.534386 3.60864 -0.268124 -0.279406 3.67826 -0.209069 -0.077997 3.76945 -0.115934 -0.0243373 3.47636 -0.0598333 -0.013647 3.36671 0.0589677 0.356948 3.35508 -0.0954496 0.736494 3.29261 -0.1762 -0.0339402 3.58241 0.0373611 0.268108 3.71268 -0.208151 0.477612 3.53476 
0.0757886 -0.674621 3.60712 -0.0761592 -0.54469 3.50001 0.0140708 -0.529066 3.35322 0.0220107 -0.258309 3.26057 0.106149 -0.026353 3.2661 -0.175998 -0.557545 3.64859 -0.295173 -0.314308 3.73548 -0.240509 -0.114283 3.8356 -0.135692 -0.0531897 3.50736 -0.0788192 -0.0407018 3.40235 0.0315896 0.338558 3.376 -0.095185 0.725112 3.30664 -0.198134 -0.0636907 3.6153 0.0152324 0.199711 3.79929 -0.25466 0.374421 3.61172 
0.052903 -0.700668 3.6472 -0.096431 -0.581477 3.54393 -0.00752708 -0.571368 3.39548 -0.0032771 -0.309394 3.2823 0.0920763 -0.0839083 3.28937 -0.195145 -0.590721 3.69452 -0.320642 -0.354629 3.79706 -0.272434 -0.155062 3.90381 -0.155477 -0.0914985 3.54271 -0.096016 -0.0759357 3.43815 0.00404462 0.310312 3.40747 -0.0956065 0.698385 3.33097 -0.220081 -0.102111 3.65101 -0.0238127 0.148587 3.86591 -0.29046 0.335337 3.68944 
0.0310558 -0.728788 3.69057 -0.124761 -0.631633 3.59581 -0.0394121 -0.623609 3.44372 -0.0414634 -0.371126 3.30991 0.0519627 -0.146339 3.31405 -0.215126 -0.636569 3.75187 -0.351221 -0.409618 3.86663 -0.301678 -0.20634 3.97819 -0.180578 -0.136468 3.58475 -0.118681 -0.120197 3.48168 -0.0213397 0.266309 3.44718 -0.0974033 0.645897 3.37099 -0.246467 -0.147765 3.69536 -0.0907861 0.111865 3.92155 -0.321091 0.353249 3.78591 
0.0104397 -0.744479 3.73298 -0.149173 -0.662133 3.64875 -0.069341 -0.657304 3.49175 -0.0835135 -0.411668 3.3458 -0.00514124 -0.17779 3.33965 -0.234497 -0.66559 3.80442 -0.378513 -0.445994 3.92772 -0.328245 -0.240226 4.03673 -0.207044 -0.161506 3.63432 -0.142116 -0.150255 3.53145 -0.0180303 0.21643 3.50519 -0.124791 0.57877 3.42675 -0.274356 -0.17084 3.74364 -0.150699 0.120226 3.95653 -0.350065 0.414808 3.87159 
-0.0117548 -0.74421 3.7726 -0.181033 -0.672464 3.70496 -0.106056 -0.66426 3.54344 -0.133296 -0.418501 3.39261 -0.0789197 -0.175921 3.36571 -0.256164 -0.676679 3.86193 -0.407743 -0.461148 3.98302 -0.35219 -0.254231 4.08268 -0.242749 -0.167495 3.6929 -0.173669 -0.160446 3.58596 0.013619 0.162726 3.57674 -0.181957 0.473235 3.50864 -0.310243 -0.170908 3.7986 -0.223069 0.175515 3.97353 -0.387941 0.529723 3.95234 
-0.0302253 -0.727333 3.80904 -0.208026 -0.644216 3.75851 -0.133395 -0.636363 3.59477 -0.169427 -0.390886 3.44164 -0.1356 -0.14295 3.39798 -0.282582 -0.651342 3.91622 -0.434427 -0.437512 4.02663 -0.380208 -0.227235 4.11536 -0.269873 -0.142047 3.75182 -0.200583 -0.137817 3.64391 0.0328199 0.134713 3.64881 -0.223641 0.38088 3.6061 -0.34109 -0.141887 3.85699 -0.285207 0.247778 3.98737 -0.420608 0.632471 4.00545 
-0.0475415 -0.694891 3.84015 -0.234793 -0.602503 3.80094 -0.16326 -0.59383 3.63697 -0.202317 -0.349647 3.48563 -0.184575 -0.101133 3.43416 -0.303877 -0.610175 3.95609 -0.456671 -0.389696 4.05695 -0.409764 -0.176594 4.13844 -0.293521 -0.101151 3.79692 -0.224858 -0.0998596 3.69248 0.032415 0.132736 3.70186 -0.258131 0.340966 3.68395 -0.367264 -0.0990329 3.9034 -0.326687 0.304859 4.00939 -0.453389 0.701841 4.03089 
-0.0636259 -0.657911 3.86843 -0.258947 -0.549983 3.84051 -0.192493 -0.540716 3.67735 -0.229141 -0.299794 3.53275 -0.221352 -0.0556015 3.48155 -0.321712 -0.56158 3.99384 -0.469877 -0.324457 4.08285 -0.438864 -0.104963 4.15358 -0.318128 -0.0510472 3.84043 -0.253036 -0.0518509 3.73604 0.0143346 0.160616 3.75708 -0.289586 0.352248 3.75185 -0.390404 -0.0513868 3.94454 -0.343495 0.346842 4.03893 -0.471255 0.73667 4.04192 
-0.0770585 -0.628979 3.89007 -0.278626 -0.516633 3.86421 -0.210228 -0.507021 3.70032 -0.248028 -0.263235 3.57413 -0.242785 -0.0181872 3.53219 -0.336206 -0.528703 4.02005 -0.475031 -0.283394 4.09361 -0.453846 -0.0586038 4.15927 -0.339032 -0.0201863 3.87103 -0.275165 -0.0195746 3.76668 -0.0170312 0.205881 3.8069 -0.320787 0.413789 3.80381 -0.412119 -0.0234209 3.97627 -0.345841 0.364913 4.06184 -0.477852 0.750646 4.04686 
-0.0869473 -0.60938 3.90625 -0.293138 -0.504302 3.87848 -0.224313 -0.492199 3.71501 -0.259727 -0.2378 3.61108 -0.248584 0.00623974 3.59075 -0.351156 -0.516787 4.04019 -0.480254 -0.26342 4.09943 -0.463118 -0.0358916 4.16089 -0.354862 -0.00382513 3.89688 -0.294593 -0.000289012 3.79208 -0.0722674 0.264387 3.85511 -0.356432 0.511152 3.8474 -0.425043 -0.0087299 4.00078 -0.34948 0.374416 4.07454 -0.480517 0.756022 4.04897 
-0.0938538 -0.604069 3.91721 -0.301007 -0.50508 3.88696 -0.23352 -0.489338 3.72505 -0.267178 -0.222927 3.64143 -0.24048 0.0135957 3.64264 -0.362924 -0.51877 4.05105 -0.487429 -0.264529 4.10259 -0.465992 -0.0347199 4.16268 -0.367353 2.79097e-05 3.91507 -0.314262 0.00555937 3.81297 -0.148035 0.313756 3.88474 -0.389502 0.60234 3.87002 -0.433602 -0.00768281 4.01684 -0.354485 0.376354 4.07901 -0.481345 0.755697 4.04955 
-0.098614 -0.608643 3.92345 -0.307166 -0.513344 3.89226 -0.240646 -0.491897 3.72903 -0.27042 -0.214258 3.67179 -0.226297 0.0124985 3.69514 -0.37141 -0.532472 4.05741 -0.496782 -0.276557 4.10657 -0.464448 -0.0450534 4.16592 -0.374337 -0.00250151 3.93169 -0.325566 0.00511638 3.82914 -0.230715 0.354357 3.89809 -0.423508 0.689722 3.88371 -0.438485 -0.0143353 4.03135 -0.361489 0.376456 4.07825 -0.481724 0.753341 4.04915 
-0.102175 -0.614383 3.92437 -0.310287 -0.522675 3.89193 -0.247071 -0.499936 3.72923 -0.268388 -0.213997 3.69121 -0.207764 0.00525919 3.73299 -0.37384 -0.54764 4.05844 -0.499949 -0.287468 4.10946 -0.461802 -0.0564475 4.17058 -0.379452 -0.00720278 3.93998 -0.332792 0.00215538 3.83693 -0.279993 0.368048 3.89901 -0.440242 0.729076 3.89174 -0.441988 -0.0210384 4.04133 -0.37042 0.37282 4.07457 -0.483335 0.752234 4.0475 
-0.105189 -0.619947 3.92214 -0.311594 -0.535349 3.89197 -0.251735 -0.509245 3.73055 -0.264136 -0.221626 3.70034 -0.192305 -0.00827658 3.75216 -0.374754 -0.560556 4.05812 -0.500583 -0.296553 4.11233 -0.458114 -0.0664041 4.17499 -0.383322 -0.0158915 3.94427 -0.336997 -0.00391995 3.84092 -0.308321 0.37137 3.89381 -0.448108 0.742912 3.8943 -0.44417 -0.029666 4.04758 -0.377275 0.367016 4.07113 -0.483373 0.750202 4.04593 
-0.107136 -0.624861 3.91909 -0.312186 -0.545791 3.89262 -0.256812 -0.518567 3.73164 -0.26236 -0.229393 3.70457 -0.18576 -0.0212671 3.75948 -0.374339 -0.568039 4.05902 -0.499616 -0.304013 4.1159 -0.452778 -0.0742748 4.17825 -0.385277 -0.0266362 3.9447 -0.339823 -0.0124437 3.84119 -0.328195 0.37097 3.89024 -0.45348 0.747059 3.89549 -0.445437 -0.0385351 4.04894 -0.381689 0.36149 4.07124 -0.482273 0.747223 4.04369 
-0.107615 -0.628848 3.91484 -0.312504 -0.550192 3.89145 -0.260219 -0.522939 3.7309 -0.262802 -0.232952 3.70391 -0.186475 -0.0239589 3.75905 -0.374691 -0.570841 4.05854 -0.497091 -0.308026 4.11964 -0.445931 -0.0782557 4.18009 -0.386123 -0.0327692 3.9434 -0.342179 -0.0181129 3.83987 -0.335184 0.367862 3.88847 -0.454782 0.745415 3.89585 -0.446122 -0.0431291 4.0463 -0.381675 0.357496 4.07261 -0.48141 0.743847 4.03989 
-0.107911 -0.62924 3.90935 -0.312628 -0.550618 3.8905 -0.261627 -0.524123 3.72765 -0.265106 -0.233527 3.70065 -0.19371 -0.018657 3.7521 -0.375826 -0.569519 4.05648 -0.492327 -0.30707 4.1214 -0.436606 -0.0788189 4.18067 -0.386173 -0.0341776 3.94019 -0.343253 -0.0190489 3.83657 -0.327914 0.362807 3.88769 -0.451214 0.740415 3.89572 -0.446256 -0.0439149 4.04142 -0.375637 0.354901 4.07403 -0.481426 0.740969 4.03251 
-0.107042 -0.62626 3.90181 -0.312576 -0.545923 3.88941 -0.262154 -0.521217 3.72496 -0.27095 -0.231216 3.69535 -0.212019 -0.00901023 3.73836 -0.375965 -0.564754 4.05437 -0.485919 -0.300726 4.12193 -0.425746 -0.0738829 4.1802 -0.385592 -0.0304485 3.93532 -0.341717 -0.0158141 3.8315 -0.297872 0.356802 3.88789 -0.440737 0.728434 3.89507 -0.445741 -0.0400301 4.03586 -0.369724 0.355863 4.07443 -0.482716 0.740665 4.02898 
-0.105954 -0.618701 3.89121 -0.312398 -0.531712 3.88744 -0.26219 -0.511761 3.72109 -0.278787 -0.224598 3.68493 -0.23043 0.00583264 3.71374 -0.375406 -0.55234 4.05337 -0.477462 -0.289215 4.12282 -0.413049 -0.0625397 4.17839 -0.386327 -0.020379 3.92615 -0.33949 -0.00759116 3.82173 -0.241562 0.34478 3.88901 -0.419034 0.699827 3.8935 -0.444499 -0.0304565 4.02675 -0.365266 0.36183 4.07117 -0.486463 0.747278 4.03004 
-0.103241 -0.611978 3.87761 -0.311824 -0.517374 3.88291 -0.263756 -0.500962 3.71646 -0.284048 -0.215835 3.66839 -0.24165 0.0165282 3.68822 -0.371918 -0.536158 4.05042 -0.468863 -0.277445 4.12447 -0.402772 -0.0509477 4.17636 -0.386796 -0.0122422 3.90994 -0.335673 -0.00300794 3.80636 -0.18199 0.317519 3.8827 -0.39221 0.650213 3.88344 -0.443305 -0.0199708 4.01492 -0.364269 0.370368 4.06444 -0.489467 0.750395 4.02929 
-0.0994992 -0.607075 3.85799 -0.310209 -0.50755 3.87513 -0.268064 -0.494335 3.70754 -0.283636 -0.216982 3.64128 -0.245633 0.019185 3.6516 -0.365142 -0.520217 4.04027 -0.459236 -0.269183 4.12428 -0.393971 -0.0443956 4.17312 -0.381004 -0.00919926 3.88972 -0.328356 -0.00416074 3.78387 -0.114011 0.270405 3.86206 -0.354833 0.558039 3.85327 -0.436878 -0.0118927 3.99971 -0.359618 0.371276 4.05753 -0.490906 0.752361 4.02916 
-0.0941039 -0.616554 3.83644 -0.306984 -0.516834 3.85964 -0.267901 -0.505075 3.69179 -0.282072 -0.229933 3.6121 -0.245517 0.00876047 3.61404 -0.354099 -0.526949 4.02482 -0.453586 -0.285979 4.11704 -0.39278 -0.0603917 4.1664 -0.368673 -0.0215589 3.86799 -0.31354 -0.019554 3.7616 -0.0622797 0.215128 3.83115 -0.319876 0.473586 3.80738 -0.426102 -0.0212294 3.9775 -0.361844 0.365754 4.03928 -0.489242 0.747865 4.02408 
-0.0855521 -0.642164 3.81096 -0.298025 -0.546768 3.83178 -0.259217 -0.532695 3.66475 -0.275888 -0.258349 3.57623 -0.239292 -0.0154481 3.57071 -0.336953 -0.559119 3.99712 -0.452839 -0.328303 4.09896 -0.397624 -0.10185 4.15188 -0.350622 -0.052455 3.84012 -0.294169 -0.0521277 3.73298 -0.0255451 0.161011 3.78072 -0.288492 0.416104 3.74294 -0.407878 -0.049992 3.94938 -0.363494 0.343213 4.00985 -0.483438 0.731446 4.01303 
-0.0733965 -0.67518 3.78483 -0.283178 -0.58373 3.80014 -0.243051 -0.568702 3.63327 -0.262278 -0.292426 3.54115 -0.22591 -0.0462816 3.52661 -0.322385 -0.597997 3.96431 -0.455861 -0.373185 4.07235 -0.407998 -0.148265 4.12771 -0.333743 -0.0870406 3.80995 -0.27362 -0.0881212 3.70022 -0.00636936 0.137559 3.72857 -0.258055 0.411127 3.67996 -0.389885 -0.0832634 3.92021 -0.351854 0.31123 3.98685 -0.471322 0.694657 3.99703 
-0.0593258 -0.704368 3.7577 -0.265987 -0.621011 3.75873 -0.216434 -0.606277 3.59561 -0.241874 -0.322929 3.49928 -0.206365 -0.0730251 3.47485 -0.312145 -0.634483 3.92142 -0.461569 -0.417557 4.03143 -0.419945 -0.19558 4.0891 -0.313129 -0.121027 3.77434 -0.251747 -0.11957 3.66132 -0.00713489 0.146102 3.66698 -0.227086 0.461613 3.59906 -0.370716 -0.11881 3.88098 -0.307328 0.269145 3.96686 -0.456684 0.637329 3.96416 
-0.046202 -0.723355 3.73216 -0.248672 -0.633519 3.72144 -0.191696 -0.622725 3.56295 -0.216602 -0.337545 3.46149 -0.178582 -0.0850714 3.42791 -0.305 -0.647901 3.88789 -0.466075 -0.433932 3.9864 -0.433995 -0.214227 4.0458 -0.29074 -0.132001 3.74036 -0.229743 -0.128572 3.62639 -0.0262401 0.185 3.61944 -0.204077 0.538278 3.53718 -0.35017 -0.132178 3.84591 -0.244635 0.237521 3.95527 -0.438583 0.573133 3.91608 
-0.0355266 -0.724493 3.70935 -0.231127 -0.622801 3.68611 -0.16557 -0.614628 3.52597 -0.186505 -0.33291 3.42353 -0.141564 -0.0808572 3.3821 -0.298534 -0.63247 3.85089 -0.464961 -0.414236 3.92828 -0.453201 -0.191678 3.9892 -0.267823 -0.120244 3.70367 -0.209928 -0.113969 3.58762 -0.0563239 0.243675 3.56906 -0.193268 0.627991 3.48704 -0.323962 -0.122774 3.80894 -0.169773 0.217881 3.94344 -0.406915 0.499661 3.84314 
-0.0257559 -0.711516 3.68829 -0.215229 -0.593057 3.65476 -0.139593 -0.588998 3.49648 -0.150177 -0.310808 3.39214 -0.0969005 -0.0618857 3.34281 -0.291738 -0.598115 3.81892 -0.456364 -0.370953 3.87283 -0.460945 -0.143878 3.93108 -0.245024 -0.0904864 3.66817 -0.192654 -0.0828112 3.55522 -0.075619 0.298411 3.52848 -0.196101 0.691919 3.45132 -0.29707 -0.0961779 3.77217 -0.0932182 0.210319 3.92287 -0.359034 0.443977 3.77512 
-0.0142328 -0.69456 3.6702 -0.201973 -0.550676 3.6263 -0.12187 -0.550896 3.46929 -0.118109 -0.279712 3.36009 -0.0525821 -0.0395608 3.30855 -0.278303 -0.550964 3.78383 -0.433374 -0.313325 3.81157 -0.450719 -0.0822162 3.86003 -0.224785 -0.0522817 3.62844 -0.176418 -0.0461786 3.51602 -0.0680239 0.338298 3.49878 -0.198543 0.726083 3.43372 -0.278861 -0.0580144 3.73083 -0.0320282 0.214548 3.88124 -0.298082 0.418955 3.70362 
-0.00282828 -0.688347 3.65605 -0.189704 -0.528093 3.60222 -0.10299 -0.530566 3.44687 -0.0897021 -0.267395 3.33807 -0.0119587 -0.0350427 3.29398 -0.268436 -0.525159 3.75954 -0.408207 -0.277403 3.77244 -0.422525 -0.042657 3.81444 -0.211094 -0.0332208 3.59217 -0.161366 -0.0286397 3.48789 -0.0613109 0.35846 3.47854 -0.198617 0.740784 3.4251 -0.266091 -0.0375573 3.69849 0.00647217 0.225067 3.83816 -0.245352 0.448436 3.65415 
0.00680526 -0.692791 3.64633 -0.174109 -0.524306 3.5867 -0.0872172 -0.531757 3.4268 -0.0728861 -0.272537 3.32371 0.0145309 -0.0473792 3.29393 -0.256874 -0.517895 3.74107 -0.385686 -0.266577 3.74568 -0.383366 -0.0293049 3.78322 -0.199747 -0.0274658 3.56552 -0.15074 -0.0244541 3.46077 -0.0593118 0.362757 3.45694 -0.199126 0.745272 3.41959 -0.252194 -0.031045 3.6692 0.02147 0.242028 3.78353 -0.206364 0.513884 3.61244 
0.0140283 -0.706072 3.63928 -0.158322 -0.532259 3.57795 -0.0748108 -0.541705 3.41544 -0.0633785 -0.286015 3.31231 0.029928 -0.0652905 3.30003 -0.244189 -0.521507 3.73005 -0.36991 -0.267611 3.73168 -0.345923 -0.0291678 3.76605 -0.188995 -0.0280753 3.54598 -0.139094 -0.0261946 3.43837 -0.0628203 0.360358 3.43984 -0.200221 0.743496 3.4162 -0.236857 -0.0306317 3.65001 0.0213994 0.262042 3.73994 -0.177952 0.582669 3.59089 
0.0206941 -0.721824 3.63311 -0.146334 -0.542076 3.57305 -0.0665517 -0.554607 3.40808 -0.0580872 -0.301317 3.30249 0.0385995 -0.0817912 3.31112 -0.230797 -0.529652 3.72232 -0.351861 -0.271742 3.72815 -0.309899 -0.0394926 3.76181 -0.178025 -0.03035 3.52748 -0.12967 -0.0299731 3.42029 -0.0633994 0.359672 3.42824 -0.200295 0.742261 3.41416 -0.224083 -0.0315306 3.6358 0.0122781 0.286665 3.69895 -0.160094 0.642379 3.57867 
0.0267077 -0.731153 3.62653 -0.135983 -0.548972 3.56936 -0.0600314 -0.563337 3.40307 -0.0541319 -0.310816 3.29701 0.0425887 -0.0913499 3.32063 -0.214167 -0.532585 3.71808 -0.327186 -0.26788 3.73124 -0.257436 -0.0483736 3.76808 -0.165671 -0.033109 3.51402 -0.117922 -0.0324013 3.40654 -0.0556602 0.360204 3.42278 -0.197682 0.738806 3.41257 -0.214021 -0.0335908 3.62433 -0.00805176 0.311377 3.66449 -0.154512 0.681121 3.57215 
0.0323936 -0.73334 3.61994 -0.126238 -0.547693 3.56505 -0.0562649 -0.564324 3.39977 -0.0521532 -0.309858 3.29198 0.0429491 -0.0923938 3.32125 -0.19949 -0.527449 3.71503 -0.296233 -0.256816 3.74122 -0.201962 -0.0449895 3.77546 -0.153007 -0.0296356 3.50352 -0.106363 -0.0296419 3.39668 -0.0395646 0.365119 3.42011 -0.192409 0.734433 3.41256 -0.201534 -0.0288633 3.61436 -0.0224727 0.334495 3.64263 -0.156307 0.704722 3.56875 
0.0382399 -0.727995 3.61222 -0.1134 -0.539158 3.56018 -0.0531102 -0.556372 3.39632 -0.0492736 -0.29754 3.28712 0.0420091 -0.0816901 3.31581 -0.181106 -0.515769 3.71175 -0.253982 -0.240231 3.74714 -0.144474 -0.0337871 3.77782 -0.138888 -0.0197468 3.49537 -0.0957066 -0.0205369 3.3883 -0.00881994 0.36763 3.41875 -0.184185 0.724031 3.412 -0.189005 -0.0189767 3.60259 -0.0284509 0.355769 3.63125 -0.155054 0.716823 3.56576 
0.0446747 -0.716631 3.60081 -0.102013 -0.522941 3.55149 -0.0486223 -0.541939 3.39065 -0.045905 -0.279487 3.27939 0.0418328 -0.0627726 3.30196 -0.166473 -0.49843 3.70641 -0.207418 -0.22125 3.74813 -0.0844752 -0.019736 3.7755 -0.128456 -0.00765953 3.48506 -0.0847184 -0.00898118 3.37904 0.0322112 0.365968 3.41808 -0.172843 0.705293 3.40982 -0.178587 -0.00505544 3.59145 -0.0244009 0.369149 3.62575 -0.14794 0.719611 3.5643 
0.0522448 -0.698512 3.5854 -0.0906447 -0.498837 3.53852 -0.042843 -0.519731 3.37905 -0.043961 -0.258099 3.26736 0.0420761 -0.0366451 3.27539 -0.150302 -0.475159 3.6981 -0.154778 -0.194919 3.74375 -0.0163974 -0.00814142 3.76715 -0.118157 0.00691298 3.47358 -0.0721905 0.00558052 3.3638 0.080059 0.358227 3.41538 -0.15521 0.669572 3.40489 -0.169409 0.0101358 3.57765 -0.0114703 0.376134 3.62488 -0.139121 0.718161 3.56411 
0.0603483 -0.685144 3.56649 -0.0830888 -0.48443 3.52498 -0.0404288 -0.50396 3.36618 -0.0411003 -0.244777 3.25047 0.0415188 -0.0204153 3.24498 -0.138947 -0.459917 3.68814 -0.107767 -0.179547 3.73547 0.0459589 -0.0125797 3.75279 -0.110631 0.015719 3.45993 -0.0623142 0.0121881 3.35114 0.127559 0.340144 3.40931 -0.137293 0.616592 3.3947 -0.160443 0.0188305 3.5657 0.000684377 0.379471 3.62359 -0.134418 0.719249 3.5653 
0.0688217 -0.679775 3.54466 -0.0752492 -0.476439 3.50784 -0.0404044 -0.494217 3.34941 -0.0374072 -0.235319 3.22798 0.0408977 -0.0113548 3.21103 -0.128187 -0.452561 3.67303 -0.070672 -0.173825 3.72313 0.0978164 -0.0279009 3.7306 -0.0997654 0.0205508 3.44382 -0.0504991 0.0157847 3.337 0.17599 0.306205 3.39375 -0.115573 0.544169 3.37353 -0.147472 0.0252358 3.55391 0.00903051 0.378389 3.61881 -0.128329 0.719807 3.56587 
0.0776717 -0.686632 3.51757 -0.0681514 -0.477601 3.48695 -0.0403819 -0.493688 3.32643 -0.0323876 -0.235112 3.20103 0.0424861 -0.0138125 3.17325 -0.115149 -0.457794 3.64876 -0.0424866 -0.180092 3.70602 0.138459 -0.0448784 3.70164 -0.0836214 0.0134068 3.4236 -0.035475 0.00611554 3.31619 0.221759 0.253652 3.36401 -0.0910631 0.456479 3.33166 -0.13239 0.0206381 3.53699 0.0106507 0.373994 3.6073 -0.125985 0.721225 3.56432 
0.0868074 -0.705555 3.48842 -0.0606432 -0.496753 3.45968 -0.0377931 -0.511832 3.29813 -0.0268435 -0.250363 3.16837 0.0464284 -0.0332044 3.13251 -0.0975975 -0.482128 3.62393 -0.0256993 -0.20137 3.69015 0.162568 -0.0557886 3.67305 -0.0684844 -0.0107138 3.40059 -0.0243433 -0.0189346 3.29192 0.257031 0.198703 3.32461 -0.0613784 0.377822 3.27915 -0.116081 -0.00194643 3.51283 0.000950919 0.368643 3.58448 -0.131255 0.726773 3.55894 
0.0953002 -0.734508 3.4566 -0.0526983 -0.530886 3.42787 -0.03038 -0.544834 3.26533 -0.018525 -0.279883 3.13314 0.0532928 -0.0603711 3.09105 -0.0812414 -0.52066 3.59379 -0.0170523 -0.240755 3.67103 0.179309 -0.0964268 3.65027 -0.0520866 -0.0442285 3.37378 -0.012017 -0.0520437 3.26264 0.282269 0.154862 3.27457 -0.0294823 0.336172 3.22022 -0.100454 -0.034842 3.48388 -0.00992888 0.349048 3.55311 -0.130705 0.714086 3.55429 
0.10376 -0.776609 3.42118 -0.041836 -0.583336 3.38976 -0.0184634 -0.594578 3.22573 -0.00596929 -0.321721 3.09237 0.0654911 -0.0984118 3.04505 -0.0673984 -0.577403 3.55803 -0.0187375 -0.304952 3.64468 0.183316 -0.163333 3.63569 -0.0366807 -0.0918756 3.33999 0.00269335 -0.0985814 3.22844 0.294092 0.1232 3.21355 0.00357415 0.333454 3.14597 -0.0864664 -0.0829229 3.45098 -0.0179533 0.312877 3.51513 -0.122821 0.689722 3.54439 
0.112 -0.816991 3.38545 -0.0270583 -0.631208 3.35512 -0.00161159 -0.636896 3.18976 0.0132721 -0.360082 3.0522 0.0852818 -0.134563 3.00136 -0.0569336 -0.624491 3.52042 -0.0301071 -0.357496 3.61874 0.172701 -0.213725 3.62366 -0.0226253 -0.12972 3.30732 0.0196382 -0.137728 3.19675 0.293924 0.11562 3.16491 0.0311066 0.366629 3.07824 -0.0730875 -0.119384 3.42239 -0.0101532 0.278504 3.48858 -0.111188 0.659143 3.52613 
0.12055 -0.845185 3.35272 -0.014693 -0.66157 3.31723 0.0163763 -0.668372 3.15025 0.0364777 -0.386358 3.01242 0.108335 -0.162084 2.95722 -0.051031 -0.6545 3.4851 -0.051381 -0.397792 3.58277 0.142578 -0.245801 3.61181 -0.00715492 -0.156846 3.27433 0.0364539 -0.161329 3.1642 0.275123 0.127916 3.11711 0.0592352 0.429752 3.01501 -0.0561513 -0.147952 3.39233 0.0247197 0.246507 3.46381 -0.108179 0.61699 3.4908 
0.131634 -0.859365 3.3185 -0.000170269 -0.680459 3.27264 0.0376096 -0.683459 3.10601 0.0631891 -0.402848 2.97111 0.139222 -0.179954 2.91365 -0.0487857 -0.67156 3.44055 -0.0837006 -0.416523 3.53888 0.0984253 -0.256321 3.595 0.0144245 -0.163957 3.23417 0.0555609 -0.166172 3.1246 0.239941 0.167958 3.0678 0.0797349 0.521883 2.95646 -0.0336401 -0.158234 3.35366 0.0895924 0.219836 3.43085 -0.106967 0.551084 3.42778 
0.144392 -0.855256 3.28714 0.0118245 -0.673881 3.23306 0.0651619 -0.678895 3.06824 0.0973114 -0.402851 2.93367 0.181828 -0.182017 2.87772 -0.0495449 -0.666323 3.40005 -0.116089 -0.410248 3.495 0.0476115 -0.23822 3.57406 0.0391564 -0.153068 3.19875 0.0757874 -0.152788 3.08732 0.194724 0.222142 3.02552 0.0909951 0.607439 2.91964 -0.00831991 -0.14849 3.316 0.167394 0.204308 3.40328 -0.0967332 0.483659 3.36424 
0.158544 -0.832586 3.25833 0.0224155 -0.644379 3.19266 0.0874029 -0.652685 3.03234 0.130054 -0.381221 2.89641 0.223345 -0.165639 2.84441 -0.0477016 -0.640434 3.3569 -0.137598 -0.379183 3.44688 -0.00117725 -0.199547 3.54443 0.058858 -0.125185 3.15862 0.0907365 -0.123912 3.05354 0.171191 0.271078 2.98803 0.0861218 0.67146 2.89335 0.00731624 -0.122937 3.27564 0.223836 0.205012 3.36669 -0.0716797 0.430504 3.29067 
0.17243 -0.795223 3.23002 0.0382655 -0.594215 3.1467 0.112055 -0.600629 2.98996 0.164166 -0.338898 2.86161 0.265525 -0.128922 2.81408 -0.0436265 -0.588969 3.3097 -0.149351 -0.330265 3.38544 -0.0495734 -0.134282 3.49529 0.0704694 -0.0817919 3.11576 0.101744 -0.0789494 3.01257 0.164121 0.318576 2.94996 0.0778033 0.716197 2.86898 0.017685 -0.0824954 3.23216 0.281699 0.216072 3.31477 -0.027949 0.395892 3.20211 
0.185214 -0.762454 3.21173 0.0536954 -0.557062 3.11574 0.131573 -0.562581 2.96354 0.191708 -0.303877 2.84478 0.305967 -0.0974365 2.80376 -0.0392696 -0.551034 3.27687 -0.148238 -0.290896 3.33589 -0.0782803 -0.0783179 3.44127 0.075359 -0.0505659 3.08379 0.110326 -0.0481218 2.97881 0.181061 0.340711 2.92354 0.0774592 0.734269 2.8561 0.022829 -0.0510005 3.19748 0.316773 0.233423 3.26578 0.0174695 0.413125 3.13522 
0.197169 -0.739775 3.19995 0.0622935 -0.54164 3.09613 0.142006 -0.55006 2.94692 0.207056 -0.289602 2.83739 0.321402 -0.0806415 2.80507 -0.036769 -0.534032 3.25311 -0.139537 -0.273665 3.28871 -0.0839134 -0.0486204 3.37531 0.081178 -0.0352488 3.05557 0.115649 -0.0338675 2.94911 0.197855 0.349928 2.90301 0.0771723 0.74088 2.84909 0.0307506 -0.0340834 3.16559 0.326293 0.254473 3.21232 0.0595019 0.475959 3.0884 
0.208389 -0.725793 3.19315 0.0690514 -0.543977 3.08366 0.145996 -0.555699 2.92997 0.207446 -0.29111 2.83272 0.320804 -0.0797317 2.81637 -0.0304741 -0.531048 3.2399 -0.130129 -0.269039 3.2502 -0.0758336 -0.0371669 3.31085 0.0867632 -0.0317391 3.03034 0.125103 -0.0305377 2.92679 0.204033 0.350858 2.89035 0.0784076 0.736071 2.84634 0.0398124 -0.0290853 3.14256 0.318803 0.285132 3.16232 0.0814728 0.559522 3.05849 
0.217427 -0.717008 3.18979 0.0735161 -0.553201 3.0741 0.14895 -0.564639 2.91518 0.199104 -0.296355 2.82584 0.313207 -0.0870466 2.82995 -0.0221948 -0.53426 3.23179 -0.121885 -0.267496 3.22531 -0.0593817 -0.0374227 3.27315 0.0932251 -0.0300311 3.0153 0.136606 -0.0309808 2.90681 0.199189 0.347246 2.88102 0.078039 0.736498 2.84465 0.0502736 -0.0264423 3.12345 0.298861 0.307973 3.12209 0.0931685 0.6267 3.04 
0.223635 -0.709657 3.18925 0.0764447 -0.562816 3.06381 0.150391 -0.573973 2.90174 0.188918 -0.30297 2.81571 0.301336 -0.0968597 2.84305 -0.0122192 -0.541972 3.22398 -0.113034 -0.268349 3.21208 -0.0410482 -0.0442972 3.25151 0.0992944 -0.0303756 3.0052 0.143868 -0.0323075 2.88998 0.191375 0.344238 2.87184 0.0771812 0.737669 2.84243 0.0601858 -0.0264435 3.10546 0.267432 0.327516 3.09439 0.0986877 0.677243 3.02433 
0.226798 -0.703383 3.18995 0.0770307 -0.570692 3.05642 0.150033 -0.579778 2.8944 0.178578 -0.307349 2.80839 0.288798 -0.107874 2.85402 -0.00444026 -0.547481 3.21961 -0.100586 -0.267395 3.20817 -0.0206523 -0.0517899 3.24714 0.101993 -0.0315512 2.99921 0.148562 -0.0343174 2.88075 0.182979 0.342241 2.86688 0.076821 0.738096 2.84218 0.0631711 -0.0272339 3.0943 0.23275 0.336771 3.07213 0.0962309 0.69961 3.01033 
0.229537 -0.701237 3.19134 0.0779044 -0.574849 3.05262 0.149821 -0.582095 2.89118 0.170146 -0.309655 2.80438 0.277971 -0.112041 2.86043 -0.000663314 -0.549919 3.21656 -0.0905001 -0.266091 3.2088 -0.00625574 -0.0569838 3.25623 0.100854 -0.033089 2.99649 0.149947 -0.0369352 2.87685 0.175213 0.341276 2.86323 0.0743391 0.73917 2.84179 0.0631737 -0.0283402 3.08936 0.216405 0.339716 3.0605 0.0966782 0.708817 3.00316 
0.230659 -0.696469 3.19045 0.0796579 -0.577365 3.05006 0.152394 -0.583112 2.88983 0.165452 -0.309653 2.80309 0.268433 -0.108783 2.8608 0.00139275 -0.551412 3.21548 -0.0842075 -0.26508 3.21172 0.00474217 -0.0607663 3.26658 0.0995415 -0.0329256 2.9957 0.149059 -0.0371324 2.87636 0.165346 0.343589 2.86134 0.0703922 0.739774 2.84139 0.0619315 -0.0288303 3.08871 0.215055 0.341036 3.05719 0.10033 0.711167 3.00108 
0.229972 -0.692056 3.18988 0.0809847 -0.576711 3.04723 0.156889 -0.581905 2.88969 0.166204 -0.306184 2.80364 0.262123 -0.0994448 2.85528 0.00258454 -0.553067 3.21332 -0.0871543 -0.265246 3.21612 0.00827593 -0.0628869 3.27663 0.0973017 -0.0325783 2.99651 0.147328 -0.0353381 2.87894 0.164165 0.346146 2.86265 0.0690771 0.739846 2.84129 0.0580397 -0.0282612 3.09171 0.22136 0.34072 3.06047 0.101706 0.70799 3.00285 
0.22861 -0.68544 3.19011 0.0826309 -0.572161 3.04779 0.161338 -0.577393 2.89084 0.17254 -0.29777 2.80673 0.258058 -0.0823811 2.84332 0.00147792 -0.551154 3.21153 -0.0965185 -0.26636 3.22437 0.0060249 -0.0634438 3.285 0.0933712 -0.0300767 3.0014 0.143808 -0.0318972 2.88601 0.173573 0.34595 2.86826 0.0714448 0.739236 2.84133 0.0501982 -0.0261457 3.09965 0.236054 0.337326 3.07249 0.101359 0.698897 3.00424 
0.227564 -0.676197 3.19195 0.0829736 -0.561467 3.0523 0.167704 -0.565714 2.89423 0.17904 -0.284367 2.81257 0.254843 -0.063364 2.83157 -0.00212318 -0.546234 3.21158 -0.105626 -0.26541 3.23356 -0.00117474 -0.06115 3.29144 0.0888968 -0.025483 3.00857 0.13677 -0.0273091 2.89681 0.190858 0.344568 2.87636 0.0753625 0.737118 2.84341 0.0429315 -0.023375 3.11186 0.255568 0.330925 3.09248 0.0945486 0.676524 3.00878 
0.223319 -0.667019 3.19786 0.0821514 -0.542396 3.05834 0.170593 -0.546903 2.90237 0.185127 -0.267552 2.81987 0.255392 -0.0409654 2.82168 -0.00794747 -0.535307 3.2134 -0.11403 -0.259548 3.24654 -0.0128003 -0.0523609 3.29698 0.0817028 -0.0215797 3.01948 0.126146 -0.021863 2.91209 0.209306 0.348975 2.88357 0.0770964 0.735247 2.8456 0.0319618 -0.0197093 3.12753 0.277977 0.317319 3.12213 0.0818424 0.62973 3.01902 
0.216631 -0.659353 3.20876 0.0794945 -0.523788 3.07005 0.169181 -0.527551 2.92009 0.188529 -0.252721 2.82825 0.259041 -0.0194493 2.81096 -0.0169965 -0.521919 3.22069 -0.121428 -0.252228 3.26329 -0.0322533 -0.0409076 3.30402 0.0697521 -0.0185961 3.03936 0.114871 -0.0178863 2.931 0.219494 0.357047 2.89185 0.0773653 0.73509 2.84943 0.0147247 -0.0185138 3.14763 0.299847 0.283688 3.17217 0.0613987 0.540011 3.04408 
0.209097 -0.659333 3.22848 0.0764468 -0.520092 3.08988 0.166171 -0.522504 2.94598 0.184734 -0.257961 2.83528 0.260858 -0.0252402 2.80481 -0.0259291 -0.519602 3.2375 -0.128495 -0.2504 3.28626 -0.0563104 -0.0267759 3.31557 0.056874 -0.0236839 3.06022 0.102991 -0.0226568 2.94962 0.214463 0.355658 2.90687 0.0774589 0.737883 2.85605 -0.000438458 -0.0264201 3.17003 0.312114 0.23468 3.23627 0.0322339 0.437683 3.08318 
0.197496 -0.671935 3.25815 0.0706141 -0.535292 3.11721 0.161019 -0.540679 2.97389 0.173723 -0.295766 2.84467 0.246525 -0.0605319 2.80494 -0.035148 -0.531016 3.26646 -0.136657 -0.261235 3.31642 -0.0790124 -0.0261456 3.34001 0.0465113 -0.0445669 3.08212 0.0957363 -0.0427563 2.97344 0.200376 0.341676 2.92881 0.0767416 0.726907 2.86517 -0.0121955 -0.0493713 3.19287 0.302439 0.185057 3.3039 0.0087661 0.366593 3.13662 
0.18581 -0.699578 3.29515 0.0581052 -0.575233 3.15858 0.148569 -0.583207 3.01369 0.155824 -0.359245 2.86171 0.215234 -0.118847 2.81283 -0.0462854 -0.559904 3.30939 -0.148022 -0.292143 3.35895 -0.104396 -0.0501925 3.37797 0.03352 -0.0839697 3.11187 0.0879619 -0.0800949 3.00303 0.182615 0.30973 2.95859 0.075006 0.699877 2.87989 -0.02502 -0.0885474 3.22081 0.271658 0.136591 3.37278 -0.01771 0.33664 3.20329 
0.175063 -0.724254 3.33189 0.040336 -0.614595 3.19955 0.132245 -0.629135 3.05054 0.124437 -0.405841 2.88499 0.17191 -0.170466 2.81852 -0.0549439 -0.591864 3.35192 -0.163384 -0.324859 3.39834 -0.125061 -0.0820142 3.42314 0.0176638 -0.120694 3.14521 0.0757346 -0.116544 3.03249 0.178587 0.267151 2.98671 0.0702978 0.652042 2.90134 -0.0403698 -0.123531 3.25429 0.220476 0.122433 3.42443 -0.0459194 0.365323 3.27429 
0.165929 -0.742649 3.36944 0.0229543 -0.640299 3.23894 0.110495 -0.665276 3.08827 0.0936198 -0.436309 2.91795 0.118311 -0.203288 2.83154 -0.06359 -0.621172 3.39407 -0.17581 -0.353488 3.4376 -0.140051 -0.110733 3.4712 0.00174152 -0.147612 3.1856 0.0618126 -0.145511 3.07175 0.209395 0.217069 3.02069 0.0534163 0.574529 2.9301 -0.0569358 -0.147112 3.29582 0.151839 0.151522 3.46063 -0.0746151 0.446647 3.35195 
0.156366 -0.745958 3.40534 0.00826598 -0.644876 3.27622 0.0876728 -0.672646 3.12266 0.0664972 -0.441935 2.953 0.0691992 -0.212342 2.84988 -0.0730391 -0.628162 3.43311 -0.181923 -0.36005 3.47627 -0.141553 -0.120265 3.5109 -0.012202 -0.152452 3.22124 0.0511379 -0.154015 3.10851 0.245606 0.176402 3.05023 0.0344618 0.49206 2.96872 -0.0742079 -0.148047 3.3324 0.0870316 0.194392 3.47922 -0.104756 0.531623 3.41309 
0.147568 -0.737073 3.43824 -0.00437115 -0.633715 3.31083 0.0684919 -0.656641 3.15657 0.0433056 -0.42924 2.99136 0.0293799 -0.205677 2.87473 -0.0817056 -0.617087 3.46981 -0.180963 -0.347909 3.51259 -0.132801 -0.111267 3.55323 -0.0239848 -0.136372 3.25948 0.0402708 -0.142892 3.1485 0.273859 0.150948 3.08375 0.0241845 0.42178 3.01834 -0.0867513 -0.128041 3.37045 0.0242427 0.247156 3.48958 -0.13363 0.613362 3.46433 
0.136566 -0.71363 3.4709 -0.0218615 -0.598857 3.35158 0.046627 -0.618572 3.195 0.0232294 -0.400798 3.03383 -0.00149353 -0.1825 2.91089 -0.0933104 -0.582877 3.50777 -0.175506 -0.309532 3.55297 -0.11389 -0.0888498 3.59778 -0.0388075 -0.0986094 3.30019 0.0252463 -0.110471 3.19255 0.291456 0.13743 3.12526 0.0167753 0.374793 3.08406 -0.101136 -0.0869499 3.41165 -0.0267123 0.306783 3.50047 -0.16423 0.681705 3.5022 
0.124592 -0.686718 3.5027 -0.0361279 -0.566061 3.38652 0.0296201 -0.582603 3.23121 0.00318635 -0.365733 3.07534 -0.0273355 -0.146107 2.9538 -0.104357 -0.549677 3.54481 -0.158964 -0.274141 3.58562 -0.0893379 -0.0673562 3.63564 -0.0532301 -0.066333 3.33621 0.00983649 -0.0769804 3.22879 0.289618 0.149144 3.17649 0.00780082 0.377179 3.15772 -0.116196 -0.0532455 3.44717 -0.0500031 0.345631 3.51466 -0.180842 0.718136 3.51577 
0.115115 -0.6698 3.53182 -0.0443416 -0.550201 3.41262 0.0204115 -0.565806 3.25751 -0.00963116 -0.343355 3.11446 -0.041743 -0.113767 3.00437 -0.111289 -0.53478 3.57415 -0.138425 -0.25253 3.6121 -0.0550645 -0.0705607 3.66936 -0.0683106 -0.0467068 3.36617 -0.00342076 -0.05668 3.25515 0.266355 0.185899 3.23184 -0.00640113 0.434008 3.22794 -0.132113 -0.0365748 3.47476 -0.0591727 0.359816 3.53487 -0.187404 0.73069 3.52408 
0.106284 -0.66238 3.55486 -0.0533542 -0.54758 3.43374 0.0150824 -0.564195 3.27769 -0.0161654 -0.333618 3.15019 -0.0405324 -0.0913538 3.06216 -0.122999 -0.531314 3.59571 -0.137732 -0.243949 3.62978 -0.0509534 -0.0694114 3.6878 -0.0753766 -0.0409691 3.38996 -0.0104876 -0.04705 3.28002 0.219847 0.243365 3.28668 -0.0367905 0.535173 3.2904 -0.139968 -0.033611 3.49809 -0.0643265 0.364727 3.54746 -0.190951 0.736793 3.52659 
0.096524 -0.661969 3.57401 -0.0589383 -0.549103 3.44938 0.0120472 -0.56541 3.29451 -0.0176247 -0.325218 3.17759 -0.0306443 -0.0780632 3.10846 -0.132576 -0.532693 3.61016 -0.145245 -0.244164 3.63985 -0.0554106 -0.0779014 3.69791 -0.07875 -0.0376378 3.4114 -0.014936 -0.0410877 3.30071 0.162289 0.286234 3.32633 -0.0592026 0.61798 3.32536 -0.143358 -0.0327097 3.51815 -0.0714772 0.364898 3.55495 -0.190916 0.732542 3.52507 
0.0856531 -0.664437 3.59011 -0.0634882 -0.551895 3.46173 0.0119556 -0.565962 3.31024 -0.0140078 -0.315725 3.20213 -0.0113586 -0.0652834 3.14919 -0.144972 -0.536224 3.62111 -0.17083 -0.248156 3.64687 -0.0841572 -0.0778659 3.70359 -0.0844426 -0.0338797 3.43094 -0.0211834 -0.0352459 3.32334 0.0949741 0.322236 3.35667 -0.0857773 0.687196 3.35066 -0.148124 -0.0324647 3.53607 -0.0763653 0.362053 3.56135 -0.191943 0.730759 3.52292 
0.0739078 -0.667685 3.60443 -0.0691845 -0.552513 3.47017 0.0126731 -0.563839 3.32107 -0.00526521 -0.304391 3.22137 0.0146843 -0.0544026 3.1823 -0.161858 -0.538577 3.62695 -0.221087 -0.254298 3.64909 -0.143243 -0.0583371 3.70711 -0.0927537 -0.0315119 3.44926 -0.0290107 -0.0300151 3.34596 0.0448836 0.341862 3.37912 -0.107985 0.721015 3.36507 -0.15429 -0.0310286 3.55224 -0.0740728 0.360011 3.57143 -0.190386 0.726103 3.52308 
0.0598634 -0.672163 3.6168 -0.0740399 -0.551356 3.48022 0.0126695 -0.558764 3.33134 0.0086923 -0.292551 3.23945 0.0435869 -0.046462 3.20986 -0.178474 -0.54094 3.63325 -0.253558 -0.261427 3.65228 -0.190864 -0.0502846 3.71006 -0.100536 -0.0302424 3.46648 -0.0378345 -0.0279708 3.36498 0.0228287 0.348639 3.39216 -0.117676 0.735406 3.37044 -0.164823 -0.0302576 3.5687 -0.0601581 0.35301 3.58899 -0.184406 0.713812 3.52305 
0.0455111 -0.67366 3.62807 -0.0805653 -0.547149 3.49068 0.0121479 -0.549802 3.34217 0.0231367 -0.280752 3.25813 0.0739691 -0.041452 3.23445 -0.190194 -0.540855 3.63857 -0.277029 -0.26347 3.65815 -0.232493 -0.0450866 3.71529 -0.111924 -0.0289405 3.48073 -0.0493953 -0.0269557 3.38056 0.0148615 0.352043 3.40115 -0.121323 0.741967 3.37485 -0.176878 -0.0294342 3.58474 -0.041944 0.339113 3.61677 -0.178031 0.693008 3.52653 
0.0306686 -0.673317 3.64107 -0.0905768 -0.535707 3.50293 0.011559 -0.532574 3.35816 0.042087 -0.260746 3.27908 0.113439 -0.0234157 3.26443 -0.201065 -0.534516 3.64356 -0.30229 -0.262096 3.67009 -0.274118 -0.0374229 3.72301 -0.130234 -0.0246665 3.49735 -0.0652098 -0.0206046 3.39853 0.015217 0.356716 3.41139 -0.12331 0.742802 3.37856 -0.196061 -0.0259977 3.60431 -0.0180343 0.322757 3.65468 -0.176629 0.651465 3.53509 
0.0152991 -0.673356 3.65618 -0.102725 -0.517365 3.51617 0.00976328 -0.513312 3.37647 0.0569012 -0.242392 3.29748 0.146276 -0.0105306 3.28899 -0.212191 -0.521769 3.65112 -0.325846 -0.25285 3.68908 -0.312546 -0.0252614 3.7341 -0.149343 -0.0179311 3.51462 -0.0838599 -0.0102391 3.41666 0.0201793 0.361235 3.42069 -0.122182 0.744 3.38316 -0.215538 -0.021379 3.62095 -0.0029593 0.293426 3.70486 -0.184122 0.579678 3.55104 
-0.00222191 -0.679188 3.67487 -0.114282 -0.507481 3.53554 0.00529603 -0.504761 3.4019 0.0618467 -0.232867 3.31899 0.157769 -0.00786983 3.31825 -0.224988 -0.515001 3.66539 -0.34425 -0.24943 3.71119 -0.354582 -0.0156759 3.75555 -0.168549 -0.01827 3.5352 -0.100231 -0.00974619 3.43817 0.0172739 0.364322 3.43241 -0.121974 0.7472 3.38646 -0.23703 -0.024265 3.63907 0.00689181 0.241634 3.76855 -0.204081 0.486382 3.58237 
-0.0227847 -0.694093 3.69754 -0.126329 -0.516203 3.55951 -0.0030228 -0.51628 3.43216 0.0577619 -0.24821 3.34614 0.149595 -0.0267471 3.34385 -0.241445 -0.519457 3.68734 -0.362931 -0.256547 3.73716 -0.405572 -0.0214812 3.79139 -0.18496 -0.0291085 3.558 -0.115555 -0.0214705 3.45968 0.00565055 0.35724 3.44732 -0.123022 0.744106 3.39029 -0.255338 -0.0398927 3.66127 -0.0020609 0.171726 3.84602 -0.233193 0.382311 3.62963 
-0.040784 -0.716888 3.7222 -0.139954 -0.544205 3.59011 -0.0169569 -0.545834 3.46503 0.0412912 -0.283254 3.37027 0.125032 -0.0584691 3.35778 -0.257911 -0.54296 3.71435 -0.383843 -0.284008 3.77502 -0.446929 -0.0481363 3.83256 -0.19513 -0.0543264 3.57999 -0.124554 -0.0452941 3.4811 -0.0139945 0.340294 3.46443 -0.123591 0.734394 3.39725 -0.267841 -0.0686228 3.68367 -0.0287169 0.116661 3.9102 -0.258194 0.327335 3.67834 
-0.0594842 -0.746896 3.75063 -0.157916 -0.581566 3.62999 -0.0368557 -0.587425 3.49891 0.00926888 -0.33399 3.39695 0.0830883 -0.102548 3.36327 -0.278079 -0.577408 3.7582 -0.409094 -0.32496 3.81602 -0.48484 -0.0960447 3.87859 -0.20406 -0.0942703 3.60982 -0.129715 -0.0854017 3.51144 -0.0388359 0.311894 3.49145 -0.123585 0.707091 3.40949 -0.277385 -0.105823 3.71465 -0.0766332 0.0830155 3.96983 -0.284849 0.311804 3.74521 
-0.0783795 -0.781025 3.78107 -0.185367 -0.631919 3.67016 -0.0626395 -0.63802 3.53345 -0.0343532 -0.389145 3.41761 0.0211004 -0.152571 3.36664 -0.301543 -0.624143 3.80143 -0.441676 -0.377514 3.85994 -0.52116 -0.15481 3.92504 -0.215026 -0.139291 3.64734 -0.13988 -0.12933 3.55035 -0.052048 0.265812 3.52334 -0.122563 0.657202 3.42851 -0.290894 -0.148039 3.75355 -0.137476 0.073246 4.01389 -0.317685 0.34878 3.81709 
-0.0943209 -0.805697 3.81079 -0.205479 -0.661691 3.70143 -0.0858206 -0.667739 3.56227 -0.0697137 -0.418555 3.43392 -0.032433 -0.17759 3.37145 -0.316705 -0.658312 3.83874 -0.469242 -0.418158 3.8933 -0.54589 -0.194425 3.96319 -0.231492 -0.162998 3.68588 -0.155288 -0.155448 3.58516 -0.0445606 0.227702 3.56174 -0.135336 0.604757 3.4527 -0.30809 -0.171256 3.7902 -0.184437 0.0919118 4.03501 -0.353748 0.409504 3.88083 
-0.108361 -0.817096 3.83992 -0.224595 -0.677303 3.73045 -0.112612 -0.677998 3.59038 -0.10596 -0.430118 3.45261 -0.0738656 -0.184922 3.37937 -0.331972 -0.676672 3.87519 -0.494158 -0.439539 3.92885 -0.56544 -0.215046 3.99813 -0.256525 -0.171564 3.72363 -0.179218 -0.165499 3.62588 -0.0237271 0.190155 3.60353 -0.157831 0.539585 3.49133 -0.332594 -0.178111 3.83063 -0.236047 0.132641 4.04102 -0.390826 0.490289 3.93772 
-0.123631 -0.814357 3.86773 -0.245771 -0.674673 3.7683 -0.138747 -0.671436 3.62445 -0.141588 -0.424424 3.47753 -0.114281 -0.179114 3.39249 -0.35088 -0.67617 3.91321 -0.519296 -0.446399 3.96697 -0.579984 -0.218499 4.03606 -0.280389 -0.163197 3.76679 -0.203005 -0.161579 3.6663 0.00511059 0.153045 3.653 -0.195343 0.457872 3.54572 -0.358915 -0.165809 3.87319 -0.295639 0.200073 4.03173 -0.430483 0.590383 3.99363 
-0.138435 -0.797229 3.8939 -0.26881 -0.649765 3.80032 -0.165932 -0.645495 3.65089 -0.172794 -0.404611 3.50135 -0.149566 -0.161108 3.40966 -0.367258 -0.652535 3.94973 -0.53454 -0.42681 3.99986 -0.58968 -0.196352 4.06644 -0.303439 -0.137843 3.80374 -0.223708 -0.138847 3.7025 0.0208232 0.131826 3.69004 -0.224504 0.403229 3.59681 -0.380745 -0.136826 3.91024 -0.342074 0.261373 4.03072 -0.468998 0.66013 4.02619 
-0.152683 -0.765287 3.91769 -0.292056 -0.604969 3.83423 -0.194803 -0.602234 3.68345 -0.200787 -0.37065 3.52757 -0.179297 -0.132593 3.43318 -0.382871 -0.608592 3.98744 -0.543512 -0.382732 4.03573 -0.596919 -0.149688 4.0966 -0.32848 -0.0959538 3.83831 -0.251035 -0.0974874 3.73692 0.0262907 0.127826 3.72268 -0.251241 0.372609 3.66056 -0.404218 -0.0939955 3.94451 -0.380193 0.316542 4.03988 -0.501846 0.711645 4.04211 
-0.165326 -0.728152 3.94043 -0.30822 -0.552138 3.87024 -0.218748 -0.550305 3.71917 -0.228055 -0.327609 3.56 -0.205767 -0.0932587 3.46774 -0.398984 -0.556444 4.02163 -0.546446 -0.315251 4.07135 -0.601891 -0.0817659 4.13029 -0.355482 -0.0489888 3.87379 -0.279852 -0.0513377 3.76995 0.0125786 0.149106 3.7638 -0.277821 0.382595 3.74101 -0.428534 -0.0465698 3.97924 -0.396028 0.35531 4.06208 -0.51912 0.7395 4.04776 
-0.173006 -0.703788 3.95696 -0.321377 -0.525153 3.89385 -0.234306 -0.523986 3.74411 -0.248501 -0.295416 3.59576 -0.225271 -0.0626375 3.50835 -0.411737 -0.53023 4.04587 -0.54667 -0.276126 4.09281 -0.589573 -0.0440337 4.14968 -0.370085 -0.0254948 3.89984 -0.298257 -0.0249305 3.79603 -0.016351 0.191491 3.80148 -0.306315 0.429984 3.79854 -0.443254 -0.0231307 4.00288 -0.399273 0.37214 4.07632 -0.524886 0.749837 4.05092 
-0.176559 -0.687133 3.96637 -0.336884 -0.515885 3.91003 -0.246887 -0.514189 3.75857 -0.262684 -0.272846 3.62886 -0.237043 -0.040465 3.56069 -0.424459 -0.521422 4.06177 -0.547245 -0.259786 4.10324 -0.563251 -0.0313654 4.16193 -0.378599 -0.0121744 3.91768 -0.309698 -0.0100421 3.81446 -0.0685411 0.248785 3.84183 -0.338779 0.509786 3.83799 -0.449682 -0.0117008 4.01636 -0.400696 0.37949 4.08089 -0.526385 0.753471 4.0509 
-0.175902 -0.676317 3.96984 -0.351077 -0.517553 3.92193 -0.256573 -0.514722 3.76634 -0.272942 -0.255126 3.65876 -0.242938 -0.023186 3.62354 -0.434591 -0.524391 4.07249 -0.550965 -0.258007 4.11005 -0.524211 -0.0394107 4.16952 -0.383803 -0.00693694 3.93149 -0.319062 -0.00223514 3.82784 -0.14172 0.307127 3.88201 -0.377274 0.610727 3.86922 -0.454122 -0.00986283 4.02789 -0.405752 0.382464 4.07845 -0.526988 0.751913 4.05057 
-0.173208 -0.668254 3.96825 -0.358949 -0.523452 3.92951 -0.261371 -0.519814 3.76978 -0.278583 -0.248808 3.68212 -0.237448 -0.0239206 3.68274 -0.440242 -0.530307 4.07984 -0.553435 -0.263404 4.11234 -0.487332 -0.056561 4.17325 -0.385328 -0.006001 3.93912 -0.322725 0.00056032 3.83659 -0.207814 0.346735 3.90485 -0.414406 0.688021 3.8848 -0.455303 -0.0115136 4.03557 -0.410627 0.38222 4.07569 -0.529009 0.751552 4.04952 
-0.170013 -0.660702 3.96148 -0.362621 -0.530942 3.93322 -0.264402 -0.525701 3.77123 -0.276789 -0.24676 3.69525 -0.227154 -0.0285939 3.72779 -0.441967 -0.536886 4.08358 -0.553653 -0.272854 4.11391 -0.456029 -0.0788493 4.1751 -0.386019 -0.00659536 3.94506 -0.325213 0.000930484 3.84327 -0.260896 0.365116 3.91272 -0.441456 0.728638 3.89283 -0.455587 -0.0143308 4.04366 -0.41576 0.380442 4.07168 -0.529267 0.751211 4.04794 
-0.166347 -0.654182 3.9526 -0.362245 -0.53856 3.93471 -0.265295 -0.529909 3.77163 -0.274764 -0.249537 3.70045 -0.214895 -0.0397577 3.75205 -0.436464 -0.545465 4.08583 -0.549544 -0.283347 4.1157 -0.431972 -0.0906793 4.1751 -0.388843 -0.0105027 3.94732 -0.329575 -0.00223947 3.84688 -0.282405 0.370632 3.91287 -0.45207 0.743573 3.89384 -0.460205 -0.0188814 4.04786 -0.421351 0.379025 4.06739 -0.529848 0.751138 4.0474 
-0.161415 -0.648748 3.94226 -0.358087 -0.543719 3.93443 -0.2647 -0.532137 3.77106 -0.27506 -0.250949 3.70141 -0.202902 -0.0503675 3.76137 -0.428349 -0.55259 4.08821 -0.543807 -0.291634 4.11956 -0.415209 -0.0955869 4.17454 -0.392504 -0.0154793 3.94735 -0.333251 -0.00628166 3.84722 -0.28372 0.36878 3.90797 -0.453253 0.744767 3.89338 -0.464737 -0.0231271 4.04773 -0.427739 0.376734 4.06226 -0.53258 0.751324 4.04748 
-0.153893 -0.64217 3.93117 -0.350356 -0.545617 3.93237 -0.264564 -0.532555 3.7693 -0.278675 -0.249972 3.69835 -0.199865 -0.053111 3.76128 -0.418263 -0.555905 4.08759 -0.535497 -0.293859 4.12789 -0.401118 -0.0937122 4.17361 -0.396789 -0.0182217 3.94458 -0.337866 -0.00893574 3.84435 -0.268951 0.364893 3.90273 -0.448119 0.736176 3.89119 -0.467546 -0.0265052 4.04482 -0.436153 0.37543 4.05902 -0.534441 0.751548 4.04862 
-0.144018 -0.631749 3.91888 -0.339643 -0.542372 3.92734 -0.264845 -0.529847 3.76541 -0.283553 -0.245603 3.69199 -0.20563 -0.0447775 3.75105 -0.407463 -0.552692 4.08326 -0.524447 -0.289369 4.13373 -0.392431 -0.0830007 4.17217 -0.397433 -0.014014 3.93933 -0.338832 -0.00557143 3.83676 -0.240138 0.359385 3.89982 -0.438379 0.717729 3.88626 -0.465884 -0.0218457 4.03946 -0.434466 0.377839 4.05838 -0.534754 0.751715 4.04905 
-0.132391 -0.620339 3.90413 -0.327123 -0.531373 3.91866 -0.265713 -0.521767 3.75705 -0.28576 -0.23642 3.68244 -0.216604 -0.0317781 3.73373 -0.394727 -0.542177 4.07476 -0.507143 -0.278159 4.13497 -0.390943 -0.0669669 4.17134 -0.395292 -0.00799732 3.93103 -0.3373 -0.000552992 3.82711 -0.196972 0.343452 3.89451 -0.419097 0.678301 3.87575 -0.459461 -0.0139604 4.03124 -0.416162 0.380756 4.05921 -0.531234 0.751414 4.04941 
-0.11843 -0.610186 3.8857 -0.317763 -0.517556 3.9062 -0.264985 -0.509083 3.7465 -0.282953 -0.229215 3.66299 -0.22091 -0.0167165 3.70326 -0.38042 -0.526521 4.06417 -0.488553 -0.268266 4.13203 -0.395586 -0.0513293 4.17096 -0.387506 -0.00475045 3.91517 -0.332945 0.00116083 3.81023 -0.145763 0.314821 3.88056 -0.395648 0.606138 3.85154 -0.447787 -0.00869165 4.01582 -0.397736 0.382247 4.05923 -0.526833 0.751502 4.04943 
-0.105125 -0.60545 3.86304 -0.308315 -0.509908 3.88734 -0.262212 -0.501221 3.72486 -0.278408 -0.226793 3.63193 -0.220936 -0.00763474 3.66377 -0.363368 -0.519319 4.04763 -0.474412 -0.270347 4.12387 -0.403392 -0.0466428 4.16859 -0.376531 -0.00956623 3.88909 -0.323816 -0.00481463 3.78363 -0.0964695 0.27047 3.84744 -0.370491 0.511499 3.8059 -0.435425 -0.0113611 3.994 -0.385997 0.381171 4.05305 -0.523793 0.752478 4.04797 
-0.0900646 -0.608267 3.84038 -0.296029 -0.519871 3.86609 -0.253723 -0.511221 3.70222 -0.269996 -0.242615 3.59674 -0.21416 -0.0145946 3.62336 -0.34325 -0.530123 4.02727 -0.465945 -0.297778 4.11154 -0.41203 -0.0703017 4.16176 -0.360929 -0.0249573 3.86328 -0.307629 -0.0221835 3.75892 -0.055029 0.226989 3.81055 -0.343402 0.434897 3.75342 -0.41993 -0.0261175 3.96723 -0.380464 0.372366 4.0398 -0.518375 0.747543 4.04422 
-0.0703944 -0.620072 3.81477 -0.274179 -0.549427 3.83655 -0.234632 -0.53791 3.67462 -0.256252 -0.271595 3.55201 -0.19983 -0.038862 3.5788 -0.31893 -0.563512 3.99662 -0.464859 -0.344315 4.09498 -0.421557 -0.118322 4.14733 -0.344502 -0.0551297 3.83357 -0.288592 -0.0550622 3.72947 -0.0198498 0.186315 3.76034 -0.310281 0.38898 3.6892 -0.401314 -0.0529872 3.93958 -0.372989 0.352841 4.02141 -0.507887 0.729184 4.03587 
-0.0458872 -0.635141 3.78464 -0.247796 -0.587143 3.79367 -0.202201 -0.570586 3.63264 -0.234737 -0.310634 3.50045 -0.177014 -0.0756231 3.52524 -0.298326 -0.602897 3.95518 -0.463798 -0.403194 4.07065 -0.427434 -0.177043 4.1226 -0.326012 -0.0923447 3.7977 -0.266958 -0.0934227 3.69412 0.00273915 0.153269 3.69814 -0.269652 0.385671 3.61449 -0.381767 -0.0877216 3.90764 -0.347863 0.314817 4.00202 -0.488352 0.691749 4.02026 
-0.0211048 -0.646664 3.75555 -0.219723 -0.612263 3.75344 -0.167518 -0.59536 3.59079 -0.208145 -0.337957 3.45361 -0.145754 -0.100235 3.47522 -0.277196 -0.627631 3.9156 -0.458168 -0.441945 4.03611 -0.425834 -0.217079 4.09658 -0.303993 -0.11851 3.76069 -0.243185 -0.118127 3.65479 0.00851089 0.152793 3.63742 -0.224455 0.438123 3.53871 -0.362964 -0.116819 3.87243 -0.301521 0.273882 3.99508 -0.46281 0.637364 3.98925 
0.00293394 -0.645832 3.7308 -0.196639 -0.620307 3.71795 -0.136114 -0.600619 3.55814 -0.176153 -0.352097 3.41247 -0.106478 -0.117997 3.42969 -0.255991 -0.634787 3.87991 -0.446495 -0.449493 3.99673 -0.415328 -0.228077 4.06693 -0.280772 -0.131047 3.72033 -0.218796 -0.12717 3.61529 -0.00150279 0.179937 3.58369 -0.181246 0.5176 3.47285 -0.341843 -0.131584 3.83362 -0.242526 0.231311 3.99638 -0.429275 0.570388 3.94833 
0.0245728 -0.62882 3.70746 -0.173064 -0.608277 3.68081 -0.10758 -0.591022 3.52202 -0.137201 -0.342983 3.3687 -0.059589 -0.113368 3.38369 -0.239493 -0.618572 3.84349 -0.427818 -0.42602 3.94991 -0.396261 -0.21112 4.02941 -0.257494 -0.125299 3.67197 -0.19751 -0.117204 3.56853 -0.0199564 0.227638 3.5274 -0.150419 0.609674 3.41285 -0.317759 -0.130634 3.78523 -0.183621 0.186393 3.99445 -0.388516 0.492645 3.88294 
0.0422563 -0.605978 3.68529 -0.149999 -0.579921 3.65042 -0.0811793 -0.569917 3.49717 -0.102103 -0.320177 3.33579 -0.00891312 -0.0910548 3.35085 -0.223293 -0.585302 3.80981 -0.403916 -0.381877 3.90721 -0.36925 -0.173538 3.98784 -0.230348 -0.0978417 3.6317 -0.174051 -0.0876272 3.52516 -0.0339726 0.278174 3.48773 -0.139865 0.675402 3.37947 -0.291578 -0.106134 3.74183 -0.128189 0.159375 3.98003 -0.337187 0.430948 3.81627 
0.0606619 -0.582279 3.6655 -0.132546 -0.544778 3.62443 -0.0596266 -0.541676 3.47433 -0.069479 -0.288511 3.30838 0.0303602 -0.0622963 3.31755 -0.208938 -0.548863 3.77901 -0.380372 -0.332051 3.86423 -0.341131 -0.12633 3.9442 -0.21046 -0.0687846 3.59083 -0.156005 -0.056517 3.49079 -0.0306014 0.320242 3.45315 -0.139285 0.716134 3.36144 -0.271929 -0.0792986 3.70126 -0.0695853 0.142511 3.94951 -0.290817 0.396021 3.74885 
0.0822112 -0.558756 3.64763 -0.115173 -0.50786 3.59151 -0.0357218 -0.510026 3.44383 -0.0384164 -0.252537 3.28271 0.0622405 -0.0260567 3.28977 -0.192721 -0.513468 3.74251 -0.35228 -0.279326 3.81109 -0.309264 -0.0751142 3.88851 -0.195297 -0.0398791 3.55356 -0.140704 -0.0308196 3.45374 -0.0106464 0.340042 3.42691 -0.137355 0.734336 3.35294 -0.254274 -0.0481646 3.6603 -0.0189866 0.15697 3.89214 -0.236288 0.397076 3.66765 
0.099701 -0.547296 3.63138 -0.0985706 -0.497059 3.56986 -0.0182016 -0.497052 3.42049 -0.0202717 -0.239071 3.26374 0.0756724 -0.0128699 3.27182 -0.176003 -0.501681 3.72255 -0.328054 -0.260529 3.77795 -0.277591 -0.0502347 3.84668 -0.180367 -0.0276408 3.52858 -0.127593 -0.019726 3.42514 -0.000926716 0.349128 3.40995 -0.136504 0.740718 3.34851 -0.235955 -0.0343396 3.63289 0.00613952 0.188945 3.83258 -0.199003 0.441519 3.61182 
0.115618 -0.547878 3.61428 -0.0807004 -0.502508 3.551 -0.00397641 -0.499543 3.40073 -0.0129348 -0.245872 3.24769 0.0767081 -0.0182947 3.25821 -0.156584 -0.505477 3.7094 -0.30745 -0.25448 3.74967 -0.243905 -0.045203 3.81108 -0.165189 -0.0249415 3.50706 -0.114381 -0.0199934 3.40376 0.00209928 0.35021 3.39388 -0.136359 0.73859 3.34595 -0.217618 -0.0307369 3.61315 0.0141832 0.240729 3.76629 -0.167161 0.53327 3.5677 
0.129678 -0.555782 3.60025 -0.0682174 -0.510951 3.5396 0.00507142 -0.507481 3.38844 -0.0111107 -0.254077 3.23786 0.0703785 -0.02728 3.25377 -0.140204 -0.512232 3.70076 -0.285506 -0.259908 3.73334 -0.207904 -0.0503903 3.78674 -0.149722 -0.0265412 3.49459 -0.0988701 -0.0236731 3.38976 0.00553746 0.350868 3.38026 -0.135593 0.739985 3.34563 -0.198792 -0.0312553 3.5997 0.0109048 0.280668 3.70801 -0.149125 0.616502 3.54063 
0.142763 -0.563731 3.58818 -0.0591387 -0.51691 3.53089 0.0116401 -0.516816 3.37827 -0.0114843 -0.262065 3.23091 0.063258 -0.0367746 3.25564 -0.12785 -0.516598 3.69429 -0.262015 -0.263258 3.72468 -0.165589 -0.0573616 3.76942 -0.133468 -0.025961 3.48466 -0.084948 -0.0246516 3.37818 0.011506 0.350101 3.37075 -0.134743 0.739666 3.34555 -0.181078 -0.0295679 3.5879 -0.00440546 0.313204 3.65627 -0.141102 0.667777 3.5239 
0.155075 -0.567592 3.57623 -0.0488887 -0.517636 3.52132 0.0169428 -0.521105 3.36867 -0.0113828 -0.264134 3.22474 0.0570103 -0.0400435 3.25961 -0.112692 -0.516543 3.68849 -0.227845 -0.258527 3.72153 -0.111803 -0.0677756 3.7539 -0.116299 -0.0216217 3.47414 -0.0698145 -0.0205326 3.3651 0.0263042 0.351369 3.36214 -0.128737 0.730378 3.34607 -0.166325 -0.0238291 3.57644 -0.0170306 0.3357 3.61721 -0.136205 0.698357 3.50852 
0.165377 -0.564382 3.56417 -0.0362655 -0.514025 3.5131 0.0215701 -0.516592 3.35974 -0.00889017 -0.254638 3.22099 0.0557503 -0.0339787 3.26028 -0.091327 -0.512612 3.68008 -0.176497 -0.250229 3.71934 -0.0428756 -0.0893329 3.74041 -0.101617 -0.0146243 3.46405 -0.0590741 -0.0145223 3.35513 0.0557061 0.351099 3.35743 -0.120804 0.712934 3.34647 -0.151261 -0.0161184 3.56633 -0.0204668 0.347284 3.60013 -0.132901 0.712494 3.50064 
0.17423 -0.555019 3.55014 -0.0240993 -0.507015 3.50466 0.0281565 -0.508505 3.35124 -0.00621332 -0.24271 3.21712 0.060391 -0.0264572 3.25554 -0.0751191 -0.502113 3.66915 -0.140867 -0.23935 3.71577 0.00144193 -0.093038 3.72723 -0.0889435 -0.00793346 3.45144 -0.0478438 -0.00849488 3.3432 0.093685 0.3465 3.35208 -0.111221 0.684014 3.345 -0.138003 -0.0082353 3.5565 -0.017502 0.356495 3.60088 -0.130499 0.718789 3.49836 
0.182594 -0.541693 3.53491 -0.0155001 -0.494112 3.49634 0.0329962 -0.499429 3.34076 -0.00356697 -0.230272 3.21142 0.0697895 -0.0225146 3.24299 -0.0621425 -0.487486 3.65481 -0.118416 -0.224462 3.70909 0.0315439 -0.0858587 3.71209 -0.0810297 -0.00130995 3.43659 -0.0387901 -0.00322221 3.32766 0.142614 0.328265 3.34592 -0.0968476 0.638733 3.3412 -0.130571 -0.000261991 3.54226 -0.00696039 0.36219 3.6069 -0.127744 0.724246 3.49576 
0.190515 -0.529602 3.51677 -0.00753963 -0.480949 3.48553 0.0362201 -0.489087 3.32684 3.54129e-05 -0.219972 3.20057 0.0866346 -0.0211334 3.22782 -0.0522047 -0.47314 3.64118 -0.0981408 -0.211551 3.70303 0.0558274 -0.0819735 3.69924 -0.072237 0.00343648 3.42101 -0.0266396 0.000356977 3.31197 0.196477 0.301532 3.33445 -0.0852205 0.570068 3.33125 -0.12441 0.00668193 3.52729 0.00506404 0.37148 3.60768 -0.124968 0.727251 3.49451 
0.199641 -0.524812 3.4967 -0.000667693 -0.473768 3.46873 0.0376869 -0.483571 3.30922 0.000360399 -0.221541 3.18199 0.106261 -0.032324 3.21416 -0.0428941 -0.465838 3.62599 -0.0872017 -0.20525 3.69486 0.0732432 -0.079778 3.68453 -0.0656116 0.00147922 3.40351 -0.0196085 -0.0035085 3.29286 0.235796 0.265335 3.31667 -0.071442 0.495238 3.30968 -0.117408 0.00814378 3.50862 0.0144063 0.372877 3.60275 -0.119606 0.726888 3.49299 
0.211114 -0.528808 3.47419 0.00879734 -0.475793 3.44353 0.0402882 -0.485939 3.2877 0.00227635 -0.233819 3.15103 0.126493 -0.0604305 3.19923 -0.0289775 -0.46892 3.60521 -0.0817044 -0.208171 3.68176 0.0853967 -0.0915969 3.66274 -0.0550507 -0.00408917 3.38164 -0.00968555 -0.0113653 3.27161 0.270538 0.221382 3.28911 -0.0489163 0.412597 3.26794 -0.10428 0.00541638 3.48758 0.0174524 0.3716 3.58929 -0.121454 0.732664 3.49064 
0.224773 -0.542536 3.44637 0.0236596 -0.491772 3.4183 0.0447537 -0.500812 3.26205 0.00255641 -0.260355 3.11395 0.148552 -0.114874 3.18008 -0.00523585 -0.484959 3.57666 -0.0869974 -0.23166 3.65975 0.0881711 -0.113635 3.62842 -0.0386437 -0.019503 3.35762 0.00445225 -0.0283418 3.2487 0.301279 0.173955 3.24813 -0.0213539 0.351772 3.21628 -0.0828018 -0.00799092 3.46505 0.015342 0.363162 3.56471 -0.121096 0.731911 3.48884 
0.237102 -0.567878 3.41781 0.0359338 -0.521455 3.38784 0.0560151 -0.527469 3.22776 0.00837828 -0.294786 3.07391 0.164456 -0.175194 3.16154 0.0113217 -0.517759 3.5481 -0.0929759 -0.274799 3.63182 0.0924132 -0.170557 3.58588 -0.0254511 -0.0459884 3.3329 0.0218736 -0.0576854 3.22106 0.320956 0.140953 3.20785 0.0127411 0.332027 3.16614 -0.0700537 -0.0353459 3.43635 0.011238 0.340946 3.53358 -0.118045 0.721952 3.48674 
0.248214 -0.596896 3.38628 0.0510344 -0.563193 3.34642 0.0739276 -0.566039 3.18835 0.0209009 -0.338366 3.02978 0.177152 -0.251525 3.13636 0.0229732 -0.563023 3.5083 -0.0961802 -0.331644 3.59212 0.10042 -0.253189 3.52931 -0.0132345 -0.0853443 3.29866 0.0375921 -0.0940958 3.18558 0.328465 0.125532 3.15565 0.0462545 0.347744 3.10111 -0.0601052 -0.0748483 3.40431 0.0092627 0.313288 3.49748 -0.110428 0.698315 3.48307 
0.260096 -0.632838 3.35117 0.0676738 -0.610222 3.3015 0.0982677 -0.609093 3.14507 0.0405513 -0.378324 2.98239 0.186961 -0.322755 3.1077 0.0278635 -0.611241 3.46317 -0.101023 -0.384161 3.54736 0.107282 -0.329868 3.47578 -0.000427721 -0.123259 3.25949 0.0545822 -0.12946 3.14806 0.324992 0.130541 3.10415 0.0865491 0.405196 3.03623 -0.0512696 -0.113184 3.36832 0.0169366 0.284308 3.46586 -0.0973896 0.667106 3.4724 
0.271435 -0.655856 3.31626 0.0799574 -0.636664 3.25496 0.124467 -0.63101 3.09773 0.0653025 -0.402667 2.93528 0.200114 -0.364028 3.07416 0.0291985 -0.640286 3.41697 -0.11068 -0.417541 3.4949 0.108618 -0.378368 3.42897 0.0153706 -0.14341 3.21831 0.0731632 -0.145482 3.10741 0.310233 0.155049 3.05676 0.124316 0.48307 2.97007 -0.0388153 -0.13744 3.33197 0.0398902 0.25438 3.44522 -0.0906565 0.624329 3.44906 
0.280425 -0.663774 3.28369 0.0889066 -0.642568 3.2095 0.145524 -0.636865 3.05128 0.0950362 -0.40862 2.89323 0.218095 -0.375973 3.04014 0.0254103 -0.646661 3.36688 -0.114778 -0.420882 3.43923 0.103517 -0.388562 3.3868 0.034164 -0.144966 3.17638 0.0910615 -0.143718 3.06768 0.280058 0.196802 3.01498 0.147969 0.570623 2.91334 -0.0219142 -0.143038 3.28784 0.0818179 0.227668 3.43658 -0.0876133 0.571418 3.40232 
0.287258 -0.656571 3.25364 0.100163 -0.628121 3.16543 0.169229 -0.624961 3.01157 0.130212 -0.391258 2.85808 0.245492 -0.351489 3.01167 0.0224634 -0.631282 3.31806 -0.113845 -0.392667 3.38142 0.098467 -0.369862 3.34873 0.0574945 -0.128317 3.1368 0.113464 -0.122555 3.02606 0.245217 0.251864 2.9752 0.156815 0.654408 2.87081 -0.00154331 -0.129791 3.24469 0.130153 0.213341 3.42986 -0.0832958 0.509221 3.34233 
0.293233 -0.640851 3.22629 0.109086 -0.599558 3.12535 0.186625 -0.596429 2.97315 0.1611 -0.360283 2.82713 0.270919 -0.310224 2.98134 0.0196905 -0.599438 3.27783 -0.110312 -0.354885 3.32871 0.0940178 -0.334427 3.31575 0.0744583 -0.0995507 3.09499 0.133549 -0.0922996 2.99103 0.234897 0.294589 2.94514 0.149907 0.701589 2.84107 0.0148478 -0.103137 3.20536 0.167284 0.20576 3.41779 -0.0657713 0.455088 3.27846 
0.298409 -0.621044 3.20228 0.114672 -0.563652 3.08997 0.202573 -0.56472 2.94208 0.186607 -0.323377 2.80007 0.289323 -0.251893 2.95263 0.0189732 -0.561617 3.23779 -0.106486 -0.311344 3.27412 0.0855064 -0.278938 3.28821 0.0839687 -0.0689003 3.05746 0.144773 -0.0610813 2.95378 0.240323 0.328188 2.91628 0.145736 0.72723 2.82564 0.0246994 -0.0722437 3.16529 0.204281 0.203855 3.39083 -0.0429151 0.414365 3.20771 
0.304573 -0.601078 3.18369 0.120934 -0.537538 3.05843 0.219195 -0.542011 2.91537 0.208343 -0.294738 2.78136 0.304943 -0.18548 2.92365 0.0180733 -0.532028 3.20753 -0.0986809 -0.276728 3.22698 0.0751036 -0.204672 3.26513 0.0914135 -0.0447622 3.02354 0.151905 -0.0405446 2.9239 0.258256 0.345097 2.8958 0.146453 0.736228 2.81727 0.0316703 -0.0490069 3.13216 0.238405 0.212341 3.34721 -0.0138218 0.4034 3.13674 
0.308128 -0.592483 3.16742 0.126157 -0.530536 3.03826 0.229564 -0.536917 2.89555 0.220091 -0.282918 2.77032 0.309258 -0.144311 2.8972 0.0187259 -0.522548 3.1873 -0.0937572 -0.261508 3.19651 0.0529803 -0.142623 3.24592 0.0956847 -0.034469 2.99906 0.15529 -0.0335197 2.89498 0.262422 0.351229 2.8823 0.146434 0.741185 2.81293 0.0364811 -0.037437 3.10482 0.25773 0.226157 3.29253 0.0085738 0.425669 3.07416 
0.31061 -0.595098 3.15752 0.131369 -0.535516 3.02525 0.236018 -0.544087 2.88118 0.22755 -0.288571 2.761 0.302011 -0.120455 2.87002 0.0212967 -0.523649 3.17226 -0.0903316 -0.260627 3.18005 0.0241907 -0.100012 3.22801 0.0978668 -0.0333627 2.9802 0.157624 -0.0344242 2.87497 0.255872 0.35075 2.87259 0.145277 0.740914 2.81009 0.0392637 -0.0336581 3.08276 0.255019 0.25199 3.23191 0.0235189 0.478469 3.0207 
0.310426 -0.606757 3.14715 0.136526 -0.549681 3.01663 0.240105 -0.562969 2.86808 0.230627 -0.301938 2.75297 0.292652 -0.105221 2.83831 0.0234604 -0.533001 3.16384 -0.0851001 -0.267506 3.17247 -0.0103802 -0.0716534 3.21386 0.099817 -0.0390366 2.96361 0.159475 -0.0410218 2.86006 0.24234 0.346765 2.86074 0.142547 0.73713 2.80476 0.040662 -0.0369875 3.06581 0.221463 0.292699 3.1629 0.0315476 0.563766 2.97861 
0.308314 -0.61574 3.14347 0.139986 -0.56381 3.00895 0.241555 -0.571856 2.85108 0.232373 -0.311396 2.74667 0.287628 -0.0937816 2.8095 0.0262208 -0.539799 3.15721 -0.0781021 -0.27153 3.16896 -0.0419041 -0.0467307 3.19935 0.10149 -0.0415475 2.94764 0.160774 -0.0441942 2.84664 0.227917 0.347041 2.84411 0.140954 0.737862 2.80195 0.040644 -0.0382689 3.04981 0.184985 0.324932 3.08962 0.0333059 0.64681 2.93994 
0.302613 -0.623343 3.14166 0.141595 -0.569898 3.00019 0.241854 -0.576004 2.8404 0.234211 -0.3145 2.74602 0.286654 -0.0838436 2.77802 0.0264216 -0.542356 3.15066 -0.0680133 -0.272194 3.162 -0.0664283 -0.0298733 3.19092 0.100175 -0.0434513 2.93549 0.162826 -0.0463434 2.83237 0.210097 0.346731 2.83468 0.142436 0.73685 2.80013 0.0369117 -0.0407276 3.03536 0.145664 0.344889 3.0382 0.0323193 0.696982 2.91812 
0.296254 -0.628449 3.14271 0.139793 -0.572034 2.9901 0.241091 -0.577861 2.83453 0.240301 -0.310588 2.74774 0.288329 -0.0704149 2.7464 0.0241712 -0.5417 3.14282 -0.0630071 -0.27028 3.14981 -0.0862908 -0.0206397 3.18608 0.0993109 -0.0430916 2.92506 0.165355 -0.0447872 2.81657 0.197632 0.348188 2.82677 0.14299 0.736457 2.79833 0.0322028 -0.0411852 3.02141 0.118597 0.348371 3.00926 0.0312981 0.718389 2.9058 
0.290288 -0.632095 3.14067 0.138454 -0.574582 2.98008 0.241195 -0.579609 2.8295 0.245157 -0.308779 2.75021 0.287641 -0.0639303 2.72207 0.020266 -0.544621 3.13403 -0.0640887 -0.271771 3.13554 -0.093482 -0.0205436 3.1792 0.0979887 -0.0452666 2.91797 0.165917 -0.0476686 2.80718 0.190426 0.34777 2.82134 0.142512 0.736398 2.79791 0.0284233 -0.0435177 3.01258 0.0996058 0.346195 2.99409 0.030644 0.72672 2.90123 
0.283038 -0.637739 3.13871 0.136864 -0.576832 2.97164 0.244389 -0.583132 2.8271 0.252261 -0.3105 2.7492 0.287986 -0.0650787 2.70995 0.0150991 -0.550393 3.12659 -0.0710763 -0.27832 3.12614 -0.0926089 -0.0265964 3.17134 0.0959808 -0.0481303 2.91286 0.166988 -0.0509104 2.80348 0.184029 0.34712 2.82026 0.14114 0.736595 2.79846 0.0237614 -0.0474707 3.00632 0.0809499 0.345544 2.98255 0.0302604 0.730381 2.89864 
0.276785 -0.644574 3.13439 0.13587 -0.578793 2.96487 0.247909 -0.58619 2.82617 0.262218 -0.316166 2.74554 0.28971 -0.0636751 2.70778 0.00851687 -0.558544 3.11845 -0.0789083 -0.285362 3.11856 -0.0906053 -0.0383341 3.15792 0.0922639 -0.0506766 2.90917 0.165278 -0.0523445 2.80337 0.176476 0.347327 2.82268 0.138388 0.737208 2.79772 0.0155719 -0.0502254 2.99933 0.058527 0.341094 2.97016 0.0297931 0.734185 2.89645 
0.273487 -0.651709 3.12923 0.132155 -0.578642 2.96113 0.248987 -0.58614 2.82628 0.271126 -0.316798 2.74206 0.293591 -0.0643979 2.70904 0.0009029 -0.562363 3.10975 -0.0823598 -0.288122 3.11053 -0.0890127 -0.0406984 3.14634 0.0898451 -0.0548882 2.90703 0.164183 -0.0560146 2.8047 0.176121 0.346606 2.82486 0.137258 0.739511 2.79799 0.00914639 -0.0539844 2.99235 0.0420504 0.33498 2.95719 0.0289851 0.73403 2.89274 
0.270474 -0.657391 3.12457 0.126076 -0.578271 2.9577 0.248224 -0.584676 2.82473 0.276194 -0.313518 2.74084 0.298732 -0.0677811 2.71929 -0.00598753 -0.563211 3.10234 -0.083593 -0.28767 3.10444 -0.0884586 -0.0379841 3.13743 0.0877537 -0.0543026 2.90734 0.162879 -0.0553824 2.80785 0.177862 0.346017 2.82798 0.138951 0.740105 2.79913 0.00439353 -0.0536961 2.99042 0.0310514 0.337328 2.95056 0.0282673 0.733764 2.88857 
0.268839 -0.664723 3.11831 0.121213 -0.577873 2.95496 0.245427 -0.580732 2.82332 0.278076 -0.304591 2.74188 0.308822 -0.0635963 2.73655 -0.00929963 -0.563295 3.09669 -0.0837615 -0.287563 3.09984 -0.0883959 -0.0336322 3.12875 0.0862791 -0.0534969 2.90809 0.16081 -0.054433 2.8123 0.180813 0.345238 2.83143 0.140554 0.740809 2.79956 0.00107061 -0.052119 2.9904 0.0255668 0.342751 2.94693 0.0282037 0.735605 2.88648 
0.268231 -0.672768 3.11105 0.114219 -0.577224 2.95376 0.241311 -0.578015 2.82111 0.276661 -0.301028 2.74793 0.317769 -0.0647343 2.75895 -0.0109822 -0.563002 3.09472 -0.0838095 -0.285589 3.09803 -0.088491 -0.0299126 3.12321 0.0848847 -0.0518223 2.90751 0.160068 -0.0538814 2.81395 0.18227 0.345726 2.83442 0.141066 0.741879 2.7998 -0.00032605 -0.0495676 2.99219 0.022918 0.342727 2.94693 0.0284164 0.735958 2.88781 
0.267938 -0.678829 3.10316 0.107905 -0.577729 2.95305 0.235385 -0.5777 2.81923 0.273152 -0.297733 2.75328 0.325348 -0.0655104 2.77983 -0.0119444 -0.5639 3.09285 -0.0832298 -0.285449 3.09865 -0.0837609 -0.0299964 3.12223 0.0847904 -0.0500097 2.90947 0.160039 -0.0519603 2.81574 0.182955 0.345864 2.83627 0.141326 0.74246 2.80006 2.99809e-05 -0.0487886 2.99467 0.0216741 0.344558 2.94791 0.0285287 0.736452 2.8886 
0.267665 -0.685545 3.09312 0.100881 -0.577931 2.95256 0.223915 -0.577776 2.8166 0.267913 -0.297209 2.75736 0.32854 -0.0702413 2.80083 -0.0129249 -0.563344 3.09246 -0.0822239 -0.285206 3.10195 -0.0765371 -0.030369 3.12543 0.0859716 -0.0481005 2.91297 0.160317 -0.0503838 2.82076 0.183392 0.345878 2.83818 0.141504 0.741354 2.80036 0.00192439 -0.0477214 2.99915 0.0217007 0.346214 2.94802 0.0286158 0.735614 2.88918 
0.265945 -0.689604 3.07951 0.096275 -0.577978 2.95206 0.211351 -0.578632 2.81443 0.260914 -0.297618 2.75974 0.328427 -0.0741631 2.8241 -0.0143999 -0.564299 3.09324 -0.0802297 -0.284666 3.10722 -0.0675481 -0.0327364 3.13216 0.0877048 -0.0457981 2.91764 0.160017 -0.0478756 2.82478 0.184321 0.345763 2.8388 0.141633 0.741081 2.80054 0.00489784 -0.045194 3.00553 0.0218137 0.34725 2.94999 0.0287199 0.736248 2.88964 
0.264003 -0.691833 3.06819 0.0934531 -0.577939 2.95124 0.200001 -0.579266 2.81133 0.250989 -0.299341 2.75959 0.326207 -0.0799979 2.84196 -0.0146822 -0.563868 3.09553 -0.0777927 -0.283755 3.11331 -0.056986 -0.0356156 3.1462 0.0878244 -0.0448973 2.92154 0.158534 -0.0458952 2.8253 0.186354 0.345293 2.83853 0.141807 0.741379 2.80074 0.00791304 -0.0442302 3.01045 0.0227641 0.345052 2.95238 0.0288995 0.737123 2.89017 
0.260548 -0.695425 3.05761 0.0907399 -0.577876 2.94969 0.19021 -0.580689 2.80814 0.239716 -0.303377 2.75745 0.319819 -0.0890683 2.85377 -0.0142104 -0.563538 3.096 -0.0730285 -0.281542 3.1187 -0.0425219 -0.0425341 3.15831 0.0883746 -0.0445809 2.9246 0.157577 -0.0458976 2.82511 0.190843 0.344127 2.83713 0.142059 0.740725 2.80075 0.0119099 -0.0440613 3.01429 0.0245004 0.343062 2.95369 0.0292433 0.738967 2.89096 
0.257308 -0.69765 3.0464 0.0867742 -0.577871 2.94916 0.180932 -0.580879 2.80586 0.226453 -0.306859 2.75366 0.310317 -0.0971993 2.85787 -0.0132184 -0.563059 3.0974 -0.0657929 -0.275746 3.12654 -0.0255045 -0.0453264 3.17417 0.0896676 -0.0442865 2.9262 0.156426 -0.0461819 2.82416 0.195276 0.343742 2.83614 0.142574 0.738683 2.80058 0.0149784 -0.0427314 3.01902 0.0259999 0.343333 2.95469 0.0299567 0.739771 2.8926 
0.255707 -0.700712 3.03507 0.0843599 -0.577804 2.94933 0.171198 -0.580005 2.80276 0.211456 -0.30723 2.74826 0.300006 -0.101341 2.85391 -0.0110699 -0.563955 3.10054 -0.0543599 -0.273777 3.13663 -0.00803797 -0.046085 3.1891 0.0902083 -0.0441293 2.92709 0.156555 -0.0471576 2.82408 0.20285 0.341837 2.83502 0.143148 0.736961 2.80021 0.0187114 -0.0427055 3.02278 0.0277677 0.340614 2.95604 0.0302555 0.739764 2.89341 
0.255299 -0.702739 3.02353 0.0820046 -0.577646 2.95029 0.159792 -0.579438 2.79952 0.196258 -0.304858 2.74331 0.289405 -0.0994248 2.84194 -0.00655404 -0.565526 3.10462 -0.0433199 -0.272209 3.14692 0.0075486 -0.0454365 3.19987 0.0903431 -0.0420472 2.9278 0.156417 -0.0446464 2.82479 0.213544 0.341009 2.83279 0.143649 0.735932 2.79935 0.021604 -0.0405393 3.02522 0.0302651 0.341705 2.95812 0.0303379 0.738882 2.89339 
0.254614 -0.704168 3.01351 0.0807863 -0.577002 2.95246 0.151856 -0.578816 2.79692 0.18584 -0.30204 2.73902 0.280486 -0.0950389 2.82306 -0.0016005 -0.566625 3.11226 -0.034042 -0.270611 3.15775 0.0226296 -0.0441511 3.20874 0.0905441 -0.0394129 2.92859 0.155805 -0.0413911 2.82465 0.224436 0.339389 2.82827 0.144428 0.734807 2.79753 0.0230882 -0.0373883 3.02742 0.0321084 0.343488 2.96005 0.0302994 0.738138 2.89285 
0.254088 -0.705947 3.00599 0.0796651 -0.577215 2.95494 0.145585 -0.577695 2.79589 0.175511 -0.298 2.73553 0.271956 -0.0882947 2.79881 0.00331507 -0.568681 3.11817 -0.0263673 -0.269766 3.1686 0.0371317 -0.0439196 3.2158 0.0906908 -0.0391556 2.92984 0.154238 -0.0413878 2.8236 0.235157 0.335142 2.82126 0.14594 0.732924 2.79386 0.0241495 -0.0370062 3.0283 0.0344641 0.341872 2.96037 0.0304427 0.737171 2.89403 
0.253543 -0.706924 3.00098 0.0782361 -0.576484 2.95643 0.139479 -0.576987 2.79565 0.16614 -0.296236 2.73329 0.261639 -0.0814257 2.76937 0.00739045 -0.569372 3.12343 -0.0196865 -0.270327 3.17751 0.0495121 -0.0468496 3.22074 0.0906584 -0.0411279 2.93 0.15303 -0.0430222 2.82104 0.243553 0.331771 2.81518 0.148704 0.73059 2.78877 0.0251118 -0.0391714 3.02838 0.0360245 0.341204 2.96159 0.0305402 0.734971 2.89498 
0.252929 -0.707773 2.99761 0.0755529 -0.576025 2.9579 0.132151 -0.575965 2.79594 0.156493 -0.293303 2.73114 0.243771 -0.0737708 2.73909 0.0107774 -0.569503 3.12893 -0.0125483 -0.270587 3.18608 0.0616254 -0.0498306 3.22391 0.0904999 -0.0452763 2.9291 0.151589 -0.047539 2.81563 0.252875 0.326612 2.81124 0.154635 0.726443 2.78182 0.0268869 -0.0424753 3.02772 0.0371063 0.338778 2.96208 0.0312716 0.735005 2.89675 
0.252171 -0.707781 2.9955 0.0723757 -0.575457 2.96002 0.121282 -0.575685 2.79673 0.146159 -0.29447 2.72986 0.22234 -0.0681601 2.70911 0.0137021 -0.56894 3.13534 -0.00739287 -0.271593 3.19326 0.0710381 -0.0527649 3.22624 0.0902636 -0.0514881 2.92899 0.150551 -0.0552688 2.81394 0.257695 0.323721 2.80704 0.15727 0.724772 2.77112 0.0281213 -0.0459212 3.02811 0.0376147 0.337919 2.96183 0.0314458 0.738936 2.89762 
0.251158 -0.708373 2.99392 0.0698516 -0.574426 2.96163 0.112476 -0.575588 2.79819 0.136779 -0.2935 2.72768 0.199855 -0.0617586 2.68423 0.0148363 -0.569083 3.13949 -0.00233754 -0.271119 3.20006 0.077497 -0.0528693 3.22741 0.090201 -0.0526702 2.92938 0.149892 -0.0575005 2.81459 0.25792 0.322101 2.80277 0.15916 0.723309 2.76378 0.0299152 -0.0471929 3.02972 0.0382952 0.339897 2.96062 0.0320022 0.739436 2.89753 
0.249611 -0.708587 2.99292 0.0659978 -0.575499 2.9637 0.104884 -0.575611 2.80128 0.127327 -0.295057 2.72382 0.179063 -0.0611195 2.66447 0.0148234 -0.569687 3.14366 0.00255497 -0.271513 3.20476 0.0817515 -0.0515669 3.22776 0.0908025 -0.0531209 2.93053 0.151254 -0.0576982 2.81556 0.253729 0.322113 2.79613 0.156454 0.721865 2.758 0.0334888 -0.047174 3.03118 0.0400105 0.342758 2.95824 0.0333203 0.738661 2.89661 
0.248456 -0.708697 2.9923 0.0633044 -0.575766 2.96468 0.10027 -0.575584 2.8027 0.118075 -0.297658 2.71831 0.164974 -0.0623921 2.6507 0.0148901 -0.569296 3.14563 0.00593959 -0.27074 3.20727 0.083969 -0.0506072 3.22739 0.0921323 -0.0517035 2.9307 0.152881 -0.0560267 2.81746 0.247381 0.322087 2.78843 0.147773 0.719423 2.75497 0.0383165 -0.0461796 3.03119 0.0413667 0.346757 2.95844 0.0340973 0.735896 2.89688 
0.247376 -0.708799 2.99196 0.0622479 -0.575812 2.96509 0.0984609 -0.575559 2.80324 0.113475 -0.298762 2.71373 0.157564 -0.0634788 2.64256 0.01493 -0.568474 3.14658 0.00772856 -0.270234 3.20837 0.0846411 -0.0500476 3.2259 0.0929753 -0.0504894 2.92993 0.153534 -0.0542604 2.81905 0.244447 0.321897 2.78035 0.141362 0.71715 2.75288 0.0403115 -0.0451782 3.03204 0.042058 0.348065 2.96165 0.0345248 0.73552 2.89611 
