15 151 4
0 0 0 0 0 0
0.126709 -1.60177 -0.124246 3.89049 0.231406 3.58272
-0.00192581 3.06012 0.0318007 -0.628713 0.14033 7.36518
0.113973 1.61967 0.116063 -3.58253 0.439694 3.68812
0.0224095 -0.68785 3.37025 -0.085442 -0.493092 3.39652 -0.0522239 -0.485606 3.24781 -0.0333026 -0.215789 3.18046 0.0519236 -0.00368418 3.16489 -0.126751 -0.496653 3.56396 -0.0993243 -0.241839 3.6318 0.0082953 -0.0655353 3.66759 -0.0933598 0.0101245 3.40293 -0.0615817 0.00958116 3.28798 -0.0601965 0.391241 3.26607 -0.0777921 0.772695 3.22671 -0.11996 0.00701006 3.50132 -0.110056 0.386433 3.5141 -0.132058 0.76901 3.54978 
0.0224008 -0.687841 3.37025 -0.0897726 -0.493373 3.3966 -0.0522319 -0.485615 3.24776 -0.0345336 -0.219575 3.18053 0.0520743 -0.00376565 3.16478 -0.126812 -0.498554 3.56398 -0.110594 -0.238543 3.63228 -0.0143042 -0.0446845 3.66819 -0.0936276 0.0100006 3.40726 -0.0576584 0.00650271 3.28799 -0.0602645 0.388848 3.26612 -0.07782 0.772652 3.22671 -0.119971 0.00699842 3.50132 -0.113812 0.387196 3.51416 -0.132103 0.76901 3.54976 
0.022401 -0.687841 3.37025 -0.0897725 -0.493373 3.3966 -0.0522345 -0.485615 3.24776 -0.0334035 -0.218916 3.1805 0.0521825 -0.00376789 3.16902 -0.126812 -0.498554 3.56398 -0.110594 -0.238543 3.63228 -0.0143116 -0.0446765 3.66819 -0.0935965 0.00999041 3.4033 -0.057643 0.00647023 3.28799 -0.0602645 0.388844 3.26612 -0.0778203 0.772653 3.22671 -0.11997 0.00698461 3.50132 -0.113812 0.387192 3.51416 -0.132103 0.76901 3.54976 
0.022399 -0.687842 3.37025 -0.0897716 -0.493377 3.39658 -0.0522333 -0.485621 3.24773 -0.033407 -0.222884 3.18068 0.0517235 -0.000535025 3.17321 -0.126815 -0.498558 3.56396 -0.110594 -0.238543 3.63228 -0.0143116 -0.0446672 3.66819 -0.0933999 0.0121911 3.40285 -0.0576848 0.00905412 3.28789 -0.0602631 0.388881 3.26605 -0.0778204 0.772646 3.2267 -0.11997 0.00704482 3.50131 -0.11381 0.387031 3.5141 -0.132103 0.76901 3.54976 
0.0223945 -0.687844 3.37025 -0.0897794 -0.493375 3.39657 -0.0522787 -0.485623 3.24772 -0.0345937 -0.219533 3.18048 0.0529019 0.00106274 3.1643 -0.126818 -0.498554 3.56405 -0.112942 -0.237662 3.63242 -0.0195501 -0.0388511 3.66832 -0.0944204 0.0121747 3.40679 -0.0578206 0.00866632 3.28788 -0.0604005 0.39115 3.26597 -0.0778506 0.77264 3.22671 -0.124222 0.00780904 3.50131 -0.118437 0.391103 3.51412 -0.132129 0.769026 3.54974 
0.0267153 -0.687758 3.37075 -0.0894989 -0.492962 3.39662 -0.0523558 -0.485664 3.24772 -0.047523 -0.224742 3.18496 0.0526068 0.00108657 3.1679 -0.1305 -0.500213 3.56439 -0.123171 -0.235412 3.63256 -0.041326 -0.0105819 3.66882 -0.0944 0.0100977 3.40297 -0.0577216 0.00674651 3.28802 -0.0604042 0.390988 3.26184 -0.0778431 0.772647 3.2267 -0.124369 0.00793486 3.50132 -0.118236 0.389333 3.50958 -0.132134 0.769033 3.54973 
0.0267023 -0.687761 3.37077 -0.0894969 -0.492923 3.3966 -0.0524932 -0.48771 3.24775 -0.0411515 -0.225278 3.18482 0.0526573 0.00108212 3.16798 -0.126753 -0.500378 3.56401 -0.113584 -0.23745 3.63244 -0.0254082 -0.0244293 3.6683 -0.094167 0.00999486 3.4031 -0.0577178 0.0067319 3.28809 -0.0604075 0.390978 3.26184 -0.0778578 0.772642 3.22669 -0.124096 0.00786323 3.50131 -0.118207 0.389298 3.50959 -0.132129 0.769027 3.54973 
0.0223684 -0.687894 3.37026 -0.0936308 -0.493016 3.3968 -0.0524883 -0.487749 3.24781 -0.0486784 -0.225252 3.18492 0.0522676 -0.00343555 3.16777 -0.130746 -0.498351 3.5643 -0.122459 -0.231314 3.62865 -0.0410922 -0.00213459 3.66866 -0.0885419 0.0103802 3.40367 -0.0532858 0.0109999 3.28811 -0.0603382 0.388675 3.26188 -0.0778253 0.772657 3.22669 -0.119815 0.00952161 3.50121 -0.118096 0.384569 3.50957 -0.132142 0.76897 3.54975 
0.0223865 -0.687886 3.37027 -0.0891116 -0.490497 3.39671 -0.0523362 -0.487685 3.24785 -0.0472665 -0.223837 3.18521 0.0527877 -0.000609902 3.17095 -0.130721 -0.495994 3.564 -0.122287 -0.23089 3.62865 -0.0411321 -0.00211543 3.66857 -0.0890577 0.00830852 3.40344 -0.0571884 0.00759375 3.28827 -0.0603268 0.386254 3.26193 -0.0826612 0.771665 3.2268 -0.119935 0.00764165 3.5013 -0.113771 0.382871 3.50946 -0.132148 0.768977 3.54974 
0.0232017 -0.688136 3.36188 -0.0891353 -0.490391 3.39677 -0.0522046 -0.485562 3.24784 -0.0388782 -0.210109 3.18515 0.0505882 0.000983232 3.18123 -0.130886 -0.496162 3.56395 -0.122427 -0.230963 3.62853 -0.0412847 -0.00619021 3.66023 -0.0894494 0.00845545 3.40318 -0.0573054 0.00551756 3.28828 -0.0602958 0.386401 3.26194 -0.0826702 0.771666 3.2268 -0.127902 0.00524467 3.50148 -0.113675 0.382871 3.50949 -0.132137 0.768968 3.54974 
0.0232024 -0.68814 3.36188 -0.0893653 -0.490257 3.40096 -0.0522466 -0.487583 3.24797 -0.0387374 -0.213002 3.18534 0.0508783 -0.000270191 3.18109 -0.130969 -0.494382 3.56385 -0.122616 -0.23086 3.62852 -0.0413167 -0.0102712 3.65618 -0.0934316 0.00570176 3.40342 -0.057352 0.00555187 3.2882 -0.060259 0.386434 3.26194 -0.0827165 0.771663 3.22679 -0.124246 0.00634866 3.50142 -0.113606 0.382863 3.50951 -0.132128 0.768947 3.54974 
0.0232326 -0.688153 3.36188 -0.0894175 -0.492505 3.40093 -0.0522667 -0.487616 3.24796 -0.0445858 -0.211583 3.18541 0.0505249 2.90343e-05 3.17674 -0.131015 -0.496408 3.56377 -0.122626 -0.230771 3.62861 -0.0413367 -0.0102257 3.65618 -0.0891602 0.00821464 3.40348 -0.0574031 0.00753591 3.28828 -0.0603542 0.386362 3.26193 -0.0828001 0.77165 3.22678 -0.124327 0.00440643 3.50142 -0.109807 0.382144 3.50947 -0.132108 0.768943 3.54975 
0.0232243 -0.68816 3.36187 -0.0891432 -0.492619 3.39676 -0.0560926 -0.487433 3.24802 -0.0448451 -0.211681 3.18546 0.0503089 0.00121419 3.1812 -0.130913 -0.496367 3.56362 -0.122653 -0.231035 3.62476 -0.0413305 -0.0102139 3.65605 -0.0881588 0.00778492 3.40403 -0.0572808 0.00754338 3.28826 -0.0604269 0.386105 3.26189 -0.0829195 0.771633 3.22676 -0.123771 0.00246545 3.5015 -0.105936 0.383477 3.50934 -0.132086 0.768938 3.54974 
0.0233655 -0.688186 3.36189 -0.0890199 -0.492538 3.39677 -0.0521604 -0.485568 3.24787 -0.045935 -0.215873 3.18518 0.0507106 0.00305656 3.18048 -0.12659 -0.498334 3.56354 -0.122765 -0.231076 3.62467 -0.0412328 -0.00587629 3.65604 -0.0878262 0.00783406 3.40406 -0.0571655 0.0075747 3.28826 -0.060232 0.388527 3.26197 -0.0795351 0.770651 3.22667 -0.119047 0.00299478 3.50144 -0.102208 0.383038 3.50951 -0.128353 0.766147 3.54973 
0.0234819 -0.688289 3.36191 -0.0890169 -0.492551 3.39678 -0.0521141 -0.485555 3.2479 -0.0487283 -0.217312 3.18491 0.0509833 0.00260394 3.18 -0.130883 -0.498297 3.5599 -0.122998 -0.235332 3.62465 -0.041535 -0.0147939 3.65198 -0.0869027 0.00540496 3.40372 -0.052193 0.00594678 3.28835 -0.0601303 0.386785 3.26203 -0.0829688 0.771561 3.22675 -0.118478 0.000443537 3.50151 -0.102098 0.37824 3.50959 -0.128316 0.766127 3.54973 
0.023485 -0.688289 3.36191 -0.0852424 -0.492745 3.39669 -0.052126 -0.485563 3.2479 -0.0488492 -0.217669 3.18476 0.0526176 3.74085e-05 3.17723 -0.130832 -0.498234 3.55993 -0.122983 -0.235328 3.62467 -0.041422 -0.0147953 3.65198 -0.0831292 0.00491749 3.4036 -0.0521614 0.00598774 3.28837 -0.0602218 0.389182 3.26197 -0.0830234 0.771579 3.22674 -0.114916 -9.72576e-06 3.50148 -0.10695 0.387501 3.50963 -0.128278 0.766143 3.54972 
0.0233587 -0.688162 3.36189 -0.0851222 -0.492677 3.3967 -0.0520538 -0.485522 3.24788 -0.0489094 -0.217703 3.18471 0.0526812 -0.00339437 3.17744 -0.130836 -0.498173 3.55988 -0.123477 -0.234934 3.62482 -0.0415004 -0.0191253 3.65182 -0.0872429 0.00778173 3.40373 -0.052422 0.00600764 3.28831 -0.0603651 0.391162 3.2618 -0.0794272 0.770691 3.2267 -0.118843 0.00269894 3.50148 -0.110683 0.392098 3.51411 -0.13204 0.767038 3.54976 
0.0232527 -0.688119 3.36198 -0.0807957 -0.492316 3.40077 -0.052009 -0.485483 3.24794 -0.0489337 -0.217644 3.18463 0.0522564 0.00105199 3.17674 -0.13078 -0.498449 3.56375 -0.12323 -0.235212 3.62491 -0.0416467 -0.0191586 3.65179 -0.0866886 0.00778406 3.40319 -0.0518653 0.00843479 3.28831 -0.055556 0.392038 3.2618 -0.0757457 0.767544 3.22667 -0.118626 0.00260211 3.50152 -0.106902 0.393627 3.51826 -0.13222 0.76909 3.54527 
0.0271964 -0.688399 3.36246 -0.0769019 -0.490496 3.40062 -0.0519731 -0.483424 3.24796 -0.0487775 -0.213875 3.18454 0.0520024 0.000100195 3.17639 -0.123026 -0.500238 3.55975 -0.103922 -0.240448 3.62439 -0.0195299 -0.0445225 3.65115 -0.082523 0.00729777 3.39929 -0.051878 0.00848413 3.2883 -0.0557341 0.394143 3.2617 -0.0756527 0.769786 3.2266 -0.114592 0.00204966 3.50147 -0.102342 0.399257 3.51811 -0.132028 0.76731 3.54523 
0.0271867 -0.688488 3.36246 -0.0766506 -0.490627 3.39649 -0.0518311 -0.485408 3.24807 -0.0479283 -0.216804 3.18475 0.0523588 2.87678e-05 3.17682 -0.1266 -0.498174 3.56405 -0.110283 -0.23832 3.62456 -0.0294611 -0.0346746 3.65143 -0.0829107 0.00737338 3.39928 -0.0519351 0.0085053 3.28829 -0.0555457 0.394502 3.26589 -0.0707699 0.768518 3.2266 -0.114968 0.00439667 3.5014 -0.0984873 0.39851 3.51794 -0.128312 0.768225 3.54504 
0.0365 -0.688625 3.36353 -0.0682426 -0.490983 3.40012 -0.051987 -0.485192 3.24802 -0.0475622 -0.215071 3.18498 0.0522718 0.00213273 3.17542 -0.114312 -0.498375 3.56426 -0.108751 -0.238825 3.62419 -0.029907 -0.0290833 3.64736 -0.0829793 0.00963899 3.40376 -0.0432279 0.0116296 3.28806 -0.0518187 0.390917 3.26599 -0.0671897 0.767555 3.22661 -0.115062 0.00460471 3.50142 -0.105995 0.39751 3.51392 -0.136684 0.770135 3.54505 
0.0405043 -0.688649 3.36417 -0.0643233 -0.493663 3.39999 -0.0520389 -0.489384 3.24797 -0.0561579 -0.228011 3.18495 0.0508261 -0.00329814 3.16733 -0.0983644 -0.500765 3.56411 -0.121258 -0.235271 3.62553 -0.0416708 -0.0146059 3.64749 -0.0829386 0.00530689 3.39889 -0.0428476 0.00936992 3.28794 -0.0301087 0.38869 3.2742 -0.0669562 0.763841 3.23072 -0.114218 0.00509046 3.5012 -0.0879376 0.386196 3.5042 -0.136681 0.77054 3.54065 
0.053985 -0.688688 3.36577 -0.0547345 -0.490395 3.39993 -0.0264702 -0.48023 3.24728 -0.0373387 -0.214709 3.18225 0.0530822 0.00161383 3.17822 -0.0704853 -0.500045 3.56752 -0.0973631 -0.238851 3.62964 -0.0414031 -0.00592962 3.64333 -0.086261 0.0106837 3.39472 -0.037372 0.0143778 3.28783 0.00769858 0.388911 3.27832 -0.0671148 0.768458 3.23084 -0.12363 0.00467883 3.49744 -0.0704559 0.397805 3.50401 -0.136844 0.768774 3.54071 
0.0627927 -0.683686 3.37474 -0.0501877 -0.486096 3.39978 -0.0205876 -0.481586 3.24734 -0.032363 -0.211421 3.18234 0.048591 0.00976937 3.17312 -0.0590379 -0.491781 3.56726 -0.0629889 -0.244523 3.63228 0.0286974 -0.0781818 3.64121 -0.0827749 0.0144803 3.3945 -0.0419946 0.0183957 3.28342 0.0161794 0.386333 3.27858 -0.063694 0.769373 3.23056 -0.124692 0.0124996 3.49723 -0.0620816 0.398151 3.50755 -0.132333 0.771695 3.54037 
0.0741734 -0.654708 3.3677 -0.0413874 -0.474363 3.39103 -0.00298733 -0.466578 3.23339 -0.0187244 -0.19425 3.16913 0.0650301 0.0201521 3.17295 -0.0579256 -0.482036 3.55938 -0.0874123 -0.226388 3.6329 0.00640971 -0.0151973 3.64183 -0.100399 0.0197941 3.39126 -0.0590266 0.0222254 3.28355 0.0245676 0.394845 3.28274 -0.0636781 0.767552 3.23071 -0.129483 0.0155628 3.49684 -0.0271869 0.405731 3.50704 -0.132157 0.773638 3.54023 
0.0814781 -0.64134 3.36805 -0.0198208 -0.443215 3.38091 0.0126442 -0.434677 3.22722 9.8759e-05 -0.179362 3.15169 0.0916973 0.0248061 3.1767 -0.0616792 -0.453831 3.55746 -0.100524 -0.205227 3.63184 0.0106121 0.0178722 3.63771 -0.104232 0.0405167 3.38256 -0.0547577 0.0460232 3.27887 0.0603726 0.395063 3.29488 -0.0637307 0.771662 3.23056 -0.144204 0.0351445 3.4967 0.00281221 0.408672 3.51072 -0.132217 0.771611 3.54032 
0.0914357 -0.628202 3.36075 -0.00786191 -0.428372 3.38018 0.0162976 -0.422491 3.22695 0.00571468 -0.153502 3.14651 0.130545 0.0360563 3.19493 -0.0531141 -0.44052 3.54875 -0.105467 -0.190364 3.63185 0.0325124 0.0116087 3.63623 -0.114154 0.0541958 3.3822 -0.0693661 0.0572814 3.27849 0.0646314 0.399684 3.29487 -0.0637896 0.771474 3.23047 -0.148207 0.052818 3.49149 0.0147246 0.408942 3.515 -0.132124 0.7739 3.54038 
0.101198 -0.619812 3.35344 -0.00293798 -0.432402 3.37138 0.0160399 -0.426899 3.22262 -0.000500443 -0.182779 3.14441 0.145326 -0.0067133 3.21042 -0.0525778 -0.438406 3.53987 -0.0842615 -0.187377 3.63608 0.108498 -0.0350635 3.60462 -0.0862153 0.0605656 3.38198 -0.0561439 0.0609639 3.27323 0.0738053 0.409839 3.28542 -0.0555245 0.771566 3.23026 -0.125562 0.0579796 3.49044 0.0240154 0.415587 3.51069 -0.131946 0.772045 3.54006 
0.126123 -0.642721 3.36503 0.00904106 -0.476475 3.37618 0.024487 -0.472924 3.22387 0.0106102 -0.239433 3.13754 0.177373 -0.125102 3.22344 -0.00838106 -0.482419 3.54061 -0.0743456 -0.221552 3.63643 0.156586 -0.0947767 3.55698 -0.0658023 0.0225362 3.3633 -0.0404457 0.0265333 3.2679 0.0374885 0.390343 3.2731 -0.0625932 0.771041 3.23038 -0.105502 0.0236594 3.48696 0.0123608 0.398389 3.5022 -0.108359 0.761435 3.53627 
0.137987 -0.687149 3.36721 0.0295484 -0.494603 3.37211 0.0462109 -0.494617 3.22382 0.0202095 -0.283549 3.14126 0.209244 -0.187868 3.24581 0.00690322 -0.502113 3.54071 -0.0522777 -0.243524 3.63677 0.164405 -0.143608 3.52936 -0.0656813 -0.0169456 3.36432 -0.0529505 -0.0144497 3.26585 0.0167657 0.372585 3.26959 -0.0553939 0.769743 3.22089 -0.0900845 -0.0170194 3.48651 0.00218995 0.361774 3.49752 -0.0990189 0.742579 3.53498 
0.146034 -0.73227 3.38506 0.0465254 -0.546074 3.38136 0.0742444 -0.547485 3.23354 0.0470721 -0.309566 3.14996 0.204113 -0.228334 3.25478 0.0202053 -0.550204 3.55096 -0.0256785 -0.304936 3.6362 0.197208 -0.240834 3.52917 -0.0582714 -0.0711109 3.3608 -0.0619922 -0.0690441 3.26653 -0.0561116 0.320399 3.24549 -0.0988172 0.725825 3.2135 -0.0530532 -0.0758346 3.48216 0.0305005 0.301778 3.49384 0.00266439 0.706709 3.49791 
0.158489 -0.741609 3.38668 0.0549384 -0.565908 3.39828 0.0958359 -0.565248 3.23349 0.094915 -0.324236 3.15041 0.233679 -0.271398 3.27736 0.0308857 -0.564447 3.56227 -0.0119707 -0.318701 3.63861 0.205144 -0.25067 3.52752 -0.054429 -0.0879835 3.36103 -0.0665566 -0.089338 3.25934 -0.0724179 0.314647 3.23334 -0.213272 0.714505 3.19513 -0.0383902 -0.0887895 3.47731 0.0397299 0.295538 3.48089 0.0789763 0.697805 3.48366 
0.171681 -0.74151 3.38834 0.0625154 -0.567265 3.40634 0.108311 -0.566869 3.24242 0.111871 -0.321026 3.15066 0.248232 -0.280268 3.28417 0.0310619 -0.564933 3.56637 -0.0143223 -0.315729 3.6387 0.201722 -0.256972 3.52817 -0.0506352 -0.0891932 3.36004 -0.0621475 -0.0868884 3.25462 -0.109031 0.310234 3.23113 -0.29056 0.679707 3.17409 -0.0297537 -0.0892641 3.47267 0.0575658 0.308184 3.47554 0.11449 0.702423 3.48084 
0.180273 -0.700928 3.3893 0.0773669 -0.525582 3.41476 0.140004 -0.527396 3.25026 0.124804 -0.296432 3.17633 0.264981 -0.277681 3.30098 0.0264434 -0.529171 3.56619 -0.0132562 -0.270845 3.63488 0.208168 -0.260477 3.52586 -0.0454676 -0.0425814 3.35559 -0.0384539 -0.0402275 3.24931 -0.13684 0.326749 3.21148 -0.36893 0.676669 3.12794 -0.0421203 -0.0433866 3.46805 0.105617 0.332568 3.46124 0.143855 0.729712 3.44578 
0.184466 -0.631302 3.39707 0.0773368 -0.476347 3.41805 0.143957 -0.472537 3.24924 0.15889 -0.244857 3.18389 0.266675 -0.270103 3.32583 0.018234 -0.477495 3.56597 -0.0173134 -0.228592 3.63914 0.237512 -0.248404 3.52996 -0.0443696 -0.00359982 3.35494 -0.0187279 0.0104789 3.24389 -0.183394 0.368067 3.18308 -0.429868 0.672469 3.09997 -0.0589791 -0.00518679 3.4642 0.14492 0.36212 3.45136 0.131575 0.769476 3.41365 
0.189141 -0.593016 3.39692 0.0783686 -0.417865 3.41727 0.153075 -0.413625 3.25938 0.188411 -0.177032 3.18387 0.289458 -0.25641 3.34152 0.0186418 -0.419183 3.56519 0.0345932 -0.188121 3.63703 0.240793 -0.228788 3.51958 -0.0492216 0.0597212 3.35328 -0.0248777 0.0622759 3.24256 -0.202664 0.393433 3.17881 -0.487768 0.709716 3.09614 -0.0591853 0.0560995 3.46747 0.190677 0.383837 3.44709 0.135952 0.77428 3.40893 
0.190543 -0.540255 3.39672 0.0770214 -0.373258 3.41614 0.148031 -0.373918 3.26761 0.211623 -0.128021 3.18951 0.262112 -0.228403 3.36064 0.0143438 -0.374154 3.56445 0.0406161 -0.130993 3.63771 0.248523 -0.202233 3.52347 -0.0489651 0.095449 3.34856 -0.0341613 0.105597 3.23295 -0.192335 0.431147 3.17904 -0.517166 0.712059 3.08776 -0.0620282 0.0885118 3.45412 0.236062 0.393394 3.44482 0.131497 0.775333 3.40899 
0.198717 -0.456268 3.39644 0.0813076 -0.287924 3.41895 0.148255 -0.289296 3.26488 0.224795 -0.056219 3.2095 0.27996 -0.182416 3.36161 0.0183366 -0.292984 3.55965 0.0724714 -0.0503507 3.63233 0.251022 -0.161034 3.48037 -0.0576919 0.164452 3.34704 -0.0472528 0.169209 3.23188 -0.178397 0.512543 3.17164 -0.542525 0.744232 3.06199 -0.0671383 0.16209 3.43671 0.249657 0.415015 3.44982 0.13134 0.7827 3.41292 
0.20167 -0.408418 3.3962 0.0812871 -0.247315 3.41458 0.149477 -0.246059 3.26141 0.226991 -0.0083261 3.21178 0.269569 -0.144103 3.38427 0.0186578 -0.249816 3.5595 0.0987373 0.00482984 3.63078 0.248149 -0.129413 3.48577 -0.0562566 0.210003 3.34088 -0.0291385 0.219577 3.23058 0.0560112 0.582618 3.16518 -0.204761 0.857861 3.0496 -0.0726532 0.205239 3.43669 0.072204 0.419231 3.44999 -0.178369 0.683884 3.41804 
0.205699 -0.382213 3.39615 0.0779383 -0.207442 3.40916 0.143518 -0.211571 3.2547 0.210074 0.0169474 3.21102 0.258734 -0.115441 3.34992 0.0191022 -0.213823 3.55856 0.106985 0.0248617 3.62364 0.235087 -0.108542 3.48696 -0.0616286 0.237682 3.33647 -0.0550555 0.243476 3.22977 -0.15515 0.615991 3.1714 -0.543758 0.731723 3.08017 -0.0640285 0.232404 3.4362 0.267465 0.43387 3.45473 0.151213 0.789256 3.41647 
0.20776 -0.32008 3.38747 0.0777042 -0.167473 3.40406 0.144125 -0.166728 3.24099 0.214759 0.0680879 3.21731 0.268166 -0.0889895 3.36707 0.0144764 -0.166366 3.5537 0.112627 0.0801322 3.61361 0.249229 -0.0838758 3.47815 -0.0613728 0.285821 3.33026 -0.0479738 0.297373 3.21982 -0.151449 0.668343 3.14265 -0.529994 0.703742 3.09954 -0.0697071 0.277548 3.43541 0.266225 0.436048 3.45776 0.135686 0.786142 3.41307 
0.193346 -0.295992 3.38553 0.0772393 -0.126712 3.40747 0.139892 -0.119856 3.24365 0.211501 0.0967897 3.20847 0.257248 -0.0681898 3.34908 0.0100154 -0.129764 3.55743 0.106411 0.104397 3.60533 0.243755 -0.0567782 3.49996 -0.0611921 0.318169 3.32161 -0.0488557 0.328677 3.22314 -0.143808 0.701577 3.13919 -0.521817 0.698236 3.08878 -0.064894 0.305355 3.4347 0.271465 0.435103 3.46783 0.135759 0.788415 3.41266 
0.197432 -0.252264 3.37735 0.0728505 -0.100639 3.40713 0.125767 -0.0925173 3.24349 0.224575 0.119959 3.20839 0.255897 -0.0552721 3.36513 0.0104261 -0.10924 3.55817 0.117421 0.128525 3.60364 0.25129 -0.0311866 3.50606 -0.0577276 0.342153 3.32152 -0.0535661 0.35167 3.22275 -0.138964 0.717672 3.13919 -0.499768 0.701749 3.09577 -0.0567618 0.334034 3.42521 0.270195 0.434395 3.47561 0.129869 0.786682 3.41256 
0.198232 -0.238546 3.37726 0.0674384 -0.0813115 3.40673 0.112152 -0.0843956 3.24771 0.217248 0.150413 3.20626 0.230604 -0.0107448 3.34485 0.0106282 -0.0822972 3.5572 0.118511 0.16846 3.60005 0.244483 -0.0128195 3.45115 -0.0611156 0.36215 3.32033 -0.0521538 0.366387 3.22228 0.0979036 0.721768 3.13189 -0.17597 0.84279 3.06572 -0.0578856 0.352234 3.42403 0.0927993 0.465446 3.48123 -0.130227 0.68722 3.41727 
0.198483 -0.229807 3.37719 0.063412 -0.0700763 3.41046 0.115945 -0.0756542 3.25133 0.204766 0.162645 3.20773 0.230423 0.00330981 3.33627 0.00620522 -0.0674178 3.55693 0.122211 0.171943 3.59999 0.244718 -0.00812572 3.45972 -0.0614415 0.368913 3.32455 -0.0584659 0.368407 3.2272 -0.116417 0.752497 3.13555 -0.485967 0.690436 3.12966 -0.0572684 0.358579 3.42876 0.269059 0.43246 3.48304 0.13098 0.782936 3.41294 
0.188696 -0.210877 3.37584 0.0590682 -0.0595377 3.40639 0.103805 -0.0618491 3.24699 0.198671 0.17661 3.21109 0.217171 0.0092134 3.33447 0.00609045 -0.0565323 3.55687 0.122623 0.180567 3.59937 0.246688 0.00440595 3.48031 -0.058151 0.375049 3.32477 -0.0655796 0.379063 3.22711 -0.11644 0.762183 3.13505 -0.478773 0.694669 3.14431 -0.050749 0.367059 3.42807 0.263887 0.42866 3.48823 0.129666 0.779103 3.41137 
0.183775 -0.205502 3.37504 0.0639309 -0.0543288 3.40635 0.100407 -0.0540914 3.25154 0.194634 0.180216 3.20877 0.216962 0.0142442 3.33423 0.0141595 -0.0570487 3.55717 0.12198 0.181008 3.59427 0.246526 0.0170087 3.49526 -0.0581268 0.382587 3.32527 -0.065352 0.385724 3.22696 0.0940412 0.737593 3.12671 -0.177027 0.831479 3.10158 -0.0567276 0.375955 3.42415 0.259213 0.43536 3.48462 0.125935 0.785622 3.4143 
0.18055 -0.190953 3.37437 0.0549834 -0.0507473 3.4065 0.0962795 -0.0456153 3.25157 0.186264 0.180448 3.20848 0.206846 0.0233631 3.32471 0.0102396 -0.0498523 3.5573 0.110741 0.181897 3.59319 0.243356 0.0302946 3.49522 -0.0620461 0.386906 3.32545 -0.0693011 0.395209 3.22665 -0.116184 0.770777 3.12524 -0.479819 0.721516 3.12863 -0.0647973 0.380099 3.42878 0.267548 0.426462 3.49134 0.130241 0.787504 3.42155 
0.172051 -0.190006 3.37337 0.0456453 -0.0536102 3.41098 0.0879634 -0.0478008 3.25615 0.179772 0.181985 3.20473 0.206402 0.0277998 3.32445 0.0060276 -0.0513065 3.55725 0.109052 0.188072 3.59315 0.233105 0.0311533 3.49512 -0.0734283 0.390623 3.32153 -0.0695819 0.398171 3.22648 -0.11609 0.769489 3.11967 -0.480095 0.712708 3.13992 -0.0845028 0.384245 3.42941 0.262546 0.4218 3.49086 0.126625 0.788639 3.42137 
0.162602 -0.199116 3.37249 0.0509117 -0.0522729 3.41084 0.0884174 -0.0491879 3.25614 0.18015 0.178786 3.20453 0.208594 0.0193682 3.32464 0.00147097 -0.0499507 3.55684 0.109222 0.182177 3.58903 0.227459 0.0329164 3.49972 -0.0701321 0.385266 3.31727 -0.0725542 0.396196 3.22211 -0.116109 0.765388 3.11988 -0.481292 0.722358 3.13005 -0.0772871 0.376356 3.42461 0.25753 0.421573 3.49016 0.126454 0.788659 3.42128 
0.162055 -0.212751 3.38077 0.050844 -0.0546895 3.41097 0.0826336 -0.057287 3.25967 0.180388 0.170228 3.20269 0.214316 0.00417651 3.32566 0.00219912 -0.05607 3.55714 0.114348 0.179655 3.59284 0.237806 0.0247012 3.49235 -0.070228 0.382737 3.31719 -0.0767676 0.390599 3.21759 -0.116264 0.762907 3.11976 -0.481357 0.722517 3.13411 -0.0692839 0.374464 3.42424 0.258712 0.421159 3.48774 0.126667 0.786257 3.4213 
0.15857 -0.229876 3.38068 0.0417135 -0.0693162 3.41978 0.0784855 -0.0735055 3.26937 0.190167 0.141537 3.20238 0.214256 -0.027515 3.31787 0.00170631 -0.0656037 3.5572 0.131626 0.174837 3.59483 0.230588 0.00569727 3.47241 -0.073729 0.367022 3.32109 -0.0811793 0.368912 3.21828 -0.116262 0.745335 3.12641 -0.488663 0.727316 3.11833 -0.0747573 0.3581 3.42465 0.25325 0.428607 3.48141 0.13016 0.785554 3.42163 
0.152923 -0.243297 3.3804 0.0546934 -0.0949781 3.42059 0.0888478 -0.0957524 3.27491 0.214637 0.105315 3.19858 0.228818 -0.0429004 3.31998 0.00616815 -0.0871031 3.56179 0.140362 0.144326 3.59374 0.233609 0.0103246 3.4788 -0.0701995 0.355322 3.31737 -0.0858207 0.361244 3.21432 -0.124366 0.730657 3.12825 -0.501216 0.732203 3.11892 -0.0701237 0.348782 3.42018 0.253617 0.426748 3.4774 0.130145 0.785577 3.42162 
0.149636 -0.257036 3.38048 0.0464798 -0.116071 3.42103 0.0852934 -0.118403 3.27563 0.226846 0.0673187 3.19699 0.245979 -0.0848374 3.3229 0.00180765 -0.100231 3.56542 0.153108 0.122179 3.59831 0.2558 -0.0165348 3.48567 -0.0703133 0.337618 3.31792 -0.0844887 0.347645 3.21016 -0.131458 0.71487 3.12976 -0.521446 0.7308 3.11885 -0.0784806 0.330154 3.4207 0.254279 0.427188 3.46937 0.130521 0.785682 3.42167 
0.145352 -0.309781 3.38855 0.0553584 -0.14091 3.42107 0.0889921 -0.148737 3.27592 0.22582 0.0337515 3.19019 0.246936 -0.116375 3.33127 0.0013131 -0.136575 3.56628 0.151363 0.0887302 3.59726 0.241687 -0.0823825 3.45554 -0.0752091 0.311401 3.31818 -0.0837624 0.314532 3.21476 -0.140169 0.689508 3.12856 -0.531636 0.71634 3.1398 -0.0780959 0.302986 3.4203 0.254435 0.429464 3.46908 0.134877 0.789013 3.42138 
0.136738 -0.385206 3.38906 0.0593688 -0.214373 3.42266 0.0965487 -0.221796 3.28205 0.242172 -0.0514065 3.19208 0.247645 -0.193143 3.32473 0.00655855 -0.204128 3.5672 0.159907 0.00635343 3.61733 0.232098 -0.15011 3.47913 -0.0617407 0.248125 3.32358 -0.0657416 0.247835 3.21642 -0.159544 0.613039 3.15037 -0.552473 0.736909 3.0947 -0.0532595 0.24025 3.4264 0.252734 0.420034 3.45289 0.135035 0.78644 3.42149 
0.137034 -0.420998 3.38952 0.0591671 -0.250115 3.42326 0.108862 -0.262139 3.27884 0.258102 -0.0947406 3.19272 0.254521 -0.247528 3.33429 0.00124336 -0.236817 3.56746 0.173166 -0.0377586 3.62931 0.263576 -0.214158 3.47845 -0.0580379 0.204872 3.33638 -0.0575895 0.207723 3.21708 -0.173418 0.558238 3.162 -0.565025 0.733875 3.08486 -0.0480064 0.205225 3.43117 0.253157 0.420374 3.44934 0.134981 0.781806 3.41703 
0.138118 -0.470105 3.38973 0.0636165 -0.304114 3.42428 0.108373 -0.316752 3.28409 0.254405 -0.141707 3.19452 0.249427 -0.301225 3.33441 0.00599568 -0.293262 3.56824 0.167491 -0.102682 3.63483 0.255783 -0.262252 3.49585 -0.0527538 0.157142 3.34297 -0.0156976 0.170601 3.22666 0.0491925 0.521333 3.15666 -0.210753 0.842976 3.04573 -0.0924691 0.147114 3.4376 0.0487236 0.396071 3.45455 -0.183629 0.667653 3.42342 
0.132618 -0.562983 3.39055 0.055163 -0.39151 3.42998 0.100377 -0.405812 3.28251 0.24438 -0.229314 3.20134 0.254622 -0.376276 3.33811 0.0017867 -0.385049 3.56902 0.161437 -0.184207 3.63814 0.250065 -0.348979 3.52383 -0.0453328 0.0680078 3.34915 -0.038702 0.0660435 3.23835 -0.193473 0.391792 3.17189 -0.492039 0.668979 3.09685 -0.0467079 0.0691682 3.45004 0.225012 0.389431 3.45032 0.135804 0.781296 3.41758 
0.142508 -0.611903 3.39188 0.0544584 -0.44598 3.42673 0.0989807 -0.453765 3.2874 0.22219 -0.263737 3.19851 0.239974 -0.411851 3.32703 0.0103237 -0.434183 3.56974 0.166076 -0.237219 3.64408 0.267049 -0.399198 3.49744 -0.0452042 0.0296596 3.35001 -0.0470327 0.026726 3.23492 -0.18167 0.365118 3.17918 -0.455591 0.658691 3.10837 -0.0346607 0.0318131 3.4506 0.181102 0.377381 3.44541 0.13559 0.779444 3.41746 
0.146019 -0.652437 3.3932 0.0591588 -0.493177 3.42746 0.103101 -0.502657 3.28401 0.224632 -0.311035 3.19469 0.24472 -0.454799 3.33586 0.0106776 -0.486095 3.57071 0.151685 -0.264281 3.64651 0.273055 -0.435597 3.48427 -0.0332013 -0.00912427 3.35041 -0.0420614 -0.00594975 3.23162 -0.16315 0.339432 3.19293 -0.395141 0.66249 3.13507 -0.0278948 -0.00941825 3.4505 0.126803 0.362097 3.44146 0.125514 0.765167 3.43052 
0.149837 -0.732309 3.39425 0.063072 -0.568752 3.42845 0.103392 -0.575154 3.27721 0.186365 -0.358729 3.18667 0.253746 -0.494942 3.33505 0.0197013 -0.553346 3.57162 0.159236 -0.323559 3.6365 0.273949 -0.482425 3.47872 -0.0420316 -0.0835257 3.35581 -0.0364044 -0.0803842 3.24242 -0.110669 0.315929 3.22665 -0.229296 0.676722 3.20477 -0.0403891 -0.0815431 3.45207 0.0118609 0.325705 3.44339 0.0416161 0.720792 3.44125 
0.153813 -0.745082 3.39458 0.0587194 -0.584122 3.42852 0.0868072 -0.591251 3.26912 0.180308 -0.370703 3.18139 0.239546 -0.506514 3.32829 0.0327721 -0.571556 3.57141 0.159634 -0.327648 3.63775 0.268478 -0.480373 3.46643 -0.045553 -0.0939632 3.35627 -0.0350357 -0.0975772 3.24273 -0.0281763 0.307841 3.24558 -0.0967976 0.698346 3.23293 -0.0526288 -0.0941394 3.4607 -0.0244269 0.305133 3.44475 -0.0934975 0.691852 3.44423 
0.145382 -0.757656 3.39365 0.0542374 -0.590532 3.42865 0.0739198 -0.598354 3.25666 0.166893 -0.37281 3.16744 0.24046 -0.508933 3.3248 0.0356492 -0.573758 3.57144 0.16005 -0.328918 3.63388 0.27311 -0.492103 3.45934 -0.0492813 -0.104266 3.35697 -0.0317453 -0.105627 3.24289 -0.00515364 0.303267 3.26707 -0.0565949 0.698773 3.26812 -0.0547177 -0.0951759 3.46067 -0.039186 0.310261 3.44096 -0.170967 0.691977 3.44717 
0.145848 -0.727848 3.38513 0.0457394 -0.565208 3.42037 0.0655013 -0.571733 3.24252 0.154608 -0.347717 3.15997 0.219609 -0.482141 3.309 0.0355381 -0.555348 3.5713 0.146698 -0.308442 3.61142 0.262465 -0.466922 3.44897 -0.0492719 -0.0796982 3.36079 -0.0221423 -0.0740825 3.25913 0.0158916 0.330285 3.27943 0.0726992 0.750097 3.31404 -0.0587127 -0.0793488 3.47825 -0.0522878 0.328292 3.45128 -0.312882 0.623397 3.45726 
0.141927 -0.692137 3.38408 0.0334847 -0.527731 3.4115 0.0489982 -0.538177 3.24686 0.125381 -0.309727 3.15349 0.218078 -0.445647 3.29765 0.025366 -0.52309 3.56237 0.155449 -0.263543 3.60835 0.25567 -0.438237 3.43143 -0.0487566 -0.0199924 3.36385 -0.00279112 -0.0134321 3.26101 0.110448 0.363211 3.2888 0.131025 0.765843 3.32768 -0.0718129 -0.0241918 3.47693 -0.0913641 0.355774 3.46066 -0.42464 0.615491 3.45863 
0.13395 -0.590958 3.36533 0.0176631 -0.458264 3.39725 0.0328608 -0.462932 3.23224 0.116785 -0.235397 3.14742 0.194441 -0.374999 3.27008 0.0132824 -0.450691 3.55776 0.155333 -0.207669 3.59193 0.247554 -0.371296 3.42113 -0.0539655 0.04528 3.3668 -0.00526225 0.0499384 3.25984 0.18059 0.393872 3.3105 0.13365 0.781743 3.3354 -0.0731641 0.0432086 3.47625 -0.134054 0.403292 3.47112 -0.483375 0.659486 3.46486 
0.12641 -0.509099 3.34662 0.0100084 -0.385534 3.38299 0.0204338 -0.387325 3.22618 0.119068 -0.170868 3.14495 0.201166 -0.311201 3.26901 0.0100471 -0.383444 3.54335 0.131381 -0.143994 3.59371 0.242835 -0.248773 3.40569 -0.0596378 0.105617 3.3649 -0.0125017 0.11042 3.27064 0.222289 0.413426 3.31068 0.133482 0.778591 3.33543 -0.10975 0.102004 3.48469 -0.17825 0.470884 3.47799 -0.540741 0.694648 3.47367 
0.122283 -0.442932 3.32006 0.00977867 -0.287728 3.3641 0.0074393 -0.286045 3.21888 0.114003 -0.0397476 3.14134 0.18155 -0.21476 3.2672 0.011251 -0.290942 3.52931 0.116826 -0.0682454 3.58303 0.237763 -0.18006 3.39037 -0.0777467 0.193393 3.3724 -0.0411488 0.198734 3.27851 0.244771 0.436981 3.29688 0.132814 0.775451 3.33076 -0.128309 0.190131 3.48331 -0.184183 0.540254 3.48192 -0.582455 0.726248 3.45787 
0.12838 -0.411547 3.31998 0.0102833 -0.232871 3.36294 0.0118689 -0.227889 3.21287 0.11339 -0.00445913 3.14553 0.172676 -0.156955 3.26521 0.00875123 -0.241783 3.51826 0.1096 -0.0154297 3.57753 0.215993 -0.153955 3.40526 -0.0926195 0.245242 3.38379 -0.0456457 0.244067 3.27814 0.249384 0.467182 3.29632 0.125868 0.788818 3.33049 -0.128965 0.240537 3.48759 -0.190355 0.613693 3.47735 -0.583162 0.737479 3.46328 
0.127251 -0.352677 3.31068 0.0102285 -0.195144 3.36192 0.0169509 -0.187698 3.20809 0.116272 0.0469143 3.14863 0.181366 -0.119671 3.26614 0.00736212 -0.199725 3.50656 0.109433 0.0257534 3.57786 0.20632 -0.100206 3.39547 -0.0945791 0.275342 3.38849 -0.0504 0.275857 3.28197 0.253543 0.481058 3.29641 0.125682 0.786055 3.33 -0.132114 0.271814 3.48747 -0.186704 0.642604 3.47366 -0.578928 0.746639 3.46752 
0.132062 -0.313273 3.30201 0.00996577 -0.145962 3.3522 0.0162867 -0.138144 3.20566 0.115943 0.0960764 3.15225 0.177008 -0.067528 3.26544 0.0037227 -0.16432 3.49736 0.111025 0.0510796 3.58518 0.208467 -0.0819313 3.39695 -0.0966823 0.306047 3.39139 -0.0554389 0.305718 3.28138 0.254179 0.497556 3.30064 0.13001 0.850922 3.34267 -0.137225 0.30841 3.49105 -0.168845 0.695459 3.47386 -0.558695 0.740992 3.47546 
0.13249 -0.303681 3.29319 0.00977824 -0.130225 3.35146 0.0169686 -0.126586 3.18884 0.112296 0.117421 3.162 0.170522 -0.0557564 3.26761 0.00345054 -0.139611 3.49677 0.109812 0.0846198 3.58573 0.208736 -0.0573149 3.39102 -0.104049 0.328095 3.38925 -0.0636777 0.32213 3.27724 0.254437 0.470235 3.29438 0.134522 0.780835 3.31146 -0.147643 0.327792 3.4917 -0.149919 0.711227 3.47985 -0.540913 0.738941 3.47588 
0.141901 -0.281605 3.27707 0.0107587 -0.11252 3.34705 0.0207877 -0.0957813 3.17894 0.120022 0.133026 3.16199 0.170238 -0.0303114 3.26347 0.0157196 -0.125786 3.49637 0.125046 0.105867 3.5857 0.209721 -0.0395914 3.40256 -0.103281 0.350317 3.38923 -0.0732255 0.34894 3.28105 0.256754 0.469506 3.29903 0.132138 0.781872 3.31021 -0.139564 0.347816 3.49073 -0.136344 0.739625 3.47928 -0.514811 0.736944 3.47678 
0.146432 -0.242398 3.25993 0.0191627 -0.0754005 3.33726 0.0342814 -0.0631302 3.17348 0.133128 0.165685 3.15223 0.186717 -0.0183463 3.25578 0.0229973 -0.0939635 3.48794 0.125425 0.121146 3.57698 0.22417 -0.00584182 3.39937 -0.121934 0.362063 3.38508 -0.0811563 0.369114 3.28031 0.252911 0.487409 3.29914 0.127893 0.783385 3.31164 -0.164637 0.366857 3.49208 -0.138157 0.761378 3.48074 -0.498769 0.744497 3.4742 
0.151387 -0.237192 3.25237 0.0225998 -0.0711814 3.33688 0.0252113 -0.0621211 3.16453 0.127949 0.194928 3.15099 0.186133 -0.0213728 3.25366 0.0268245 -0.08718 3.4829 0.140336 0.136766 3.5717 0.221009 0.00235591 3.38587 -0.130412 0.370781 3.38452 -0.0818537 0.375528 3.27958 0.249966 0.486699 3.30698 0.128028 0.784842 3.31622 -0.169382 0.372506 3.49191 -0.133336 0.761981 3.48672 -0.504211 0.747365 3.48039 
0.151562 -0.227839 3.25249 0.0240156 -0.0634297 3.32792 0.0514753 -0.0518486 3.1554 0.14209 0.200465 3.15421 0.176817 0.0122361 3.24702 0.0200273 -0.0767836 3.47799 0.139713 0.154047 3.57524 0.227713 0.00736911 3.38492 -0.12939 0.379068 3.38469 -0.0809886 0.382475 3.2756 0.248527 0.493196 3.31367 0.126806 0.785675 3.31443 -0.179147 0.377964 3.49205 -0.132604 0.772158 3.48859 -0.507943 0.763068 3.47201 
0.154942 -0.21967 3.25284 0.0234836 -0.0586318 3.32776 0.0592606 -0.0430901 3.1591 0.141465 0.208854 3.1571 0.182879 0.0190324 3.24709 0.00899029 -0.0728099 3.48239 0.132839 0.161853 3.57497 0.229238 0.0222891 3.38811 -0.137684 0.381324 3.38501 -0.0809404 0.386952 3.27545 0.2451 0.494241 3.314 0.122406 0.784618 3.31497 -0.188194 0.384695 3.48841 -0.131888 0.776439 3.49403 -0.501389 0.749247 3.47174 
0.155198 -0.219598 3.25288 0.0240209 -0.0563757 3.31901 0.055504 -0.0359326 3.1548 0.157464 0.198979 3.16246 0.184677 0.0183477 3.24436 0.0127716 -0.0689081 3.47776 0.132164 0.166057 3.57057 0.236874 0.021447 3.39096 -0.145496 0.394293 3.3896 -0.0812223 0.396261 3.27986 0.245416 0.496549 3.31955 0.123484 0.786347 3.31693 -0.187894 0.386948 3.48843 -0.131441 0.775659 3.50429 -0.506244 0.777742 3.45635 
0.155205 -0.228412 3.2531 0.0245407 -0.0632552 3.31936 0.0533669 -0.0494512 3.15546 0.168701 0.189443 3.15988 0.198124 0.0213605 3.25501 0.0127238 -0.0758178 3.47786 0.127197 0.15966 3.57065 0.228551 0.0228167 3.37709 -0.150183 0.381622 3.3894 -0.0850986 0.384943 3.27614 0.245169 0.490676 3.32916 0.123678 0.786034 3.31722 -0.192437 0.381221 3.49231 -0.139696 0.767021 3.52428 -0.500252 0.770649 3.45514 
0.159835 -0.237696 3.25388 0.0284095 -0.0679229 3.31947 0.0534143 -0.0539538 3.15559 0.155714 0.193213 3.15895 0.195481 0.0140921 3.25645 0.0164126 -0.0808276 3.47862 0.132171 0.152648 3.57568 0.231968 0.00796057 3.3838 -0.150147 0.37714 3.38923 -0.0849097 0.380831 3.28036 0.240618 0.480822 3.33392 0.123765 0.78135 3.31761 -0.196845 0.373309 3.48808 -0.144034 0.755215 3.53864 -0.506738 0.779091 3.44341 
0.155097 -0.247767 3.25328 0.0236364 -0.0823553 3.32002 0.0571806 -0.0667787 3.15609 0.158129 0.16489 3.16637 0.205118 -0.0143785 3.25479 0.00895502 -0.0947928 3.4795 0.13396 0.117841 3.57581 0.234097 -0.0130315 3.3987 -0.150867 0.358986 3.38585 -0.0860408 0.363881 3.27676 0.243206 0.466902 3.33242 0.12406 0.781173 3.31811 -0.192324 0.357636 3.48763 -0.157364 0.734488 3.53888 -0.512788 0.77088 3.43871 
0.154632 -0.288142 3.26239 0.0283026 -0.120665 3.32942 0.0599071 -0.104117 3.16986 0.16676 0.125826 3.16197 0.204603 -0.0282242 3.26198 0.0129565 -0.132861 3.48333 0.149899 0.100396 3.57567 0.225997 -0.0368351 3.39469 -0.146743 0.3282 3.3909 -0.0854286 0.329674 3.28216 0.245485 0.457955 3.33532 0.124667 0.780305 3.32332 -0.19264 0.323566 3.48908 -0.172009 0.70158 3.52263 -0.524902 0.751644 3.43308 
0.15116 -0.310454 3.26189 0.0232514 -0.138795 3.32965 0.0629855 -0.128729 3.17035 0.169885 0.105653 3.1532 0.202068 -0.0660399 3.26607 0.0135151 -0.156953 3.47866 0.149254 0.0543199 3.58567 0.234783 -0.0688694 3.39114 -0.139258 0.299155 3.38949 -0.0821604 0.303658 3.28132 0.243777 0.446366 3.33813 0.124519 0.780927 3.31877 -0.188559 0.29763 3.48885 -0.175161 0.68294 3.51702 -0.544104 0.742243 3.43519 
0.154414 -0.342234 3.27137 0.0277596 -0.166188 3.33035 0.059159 -0.145862 3.17099 0.172732 0.0727259 3.16802 0.215346 -0.0947531 3.27132 0.0141737 -0.186463 3.47718 0.157013 0.0360518 3.58912 0.243347 -0.0999271 3.40311 -0.128688 0.274677 3.38679 -0.071828 0.284201 3.28293 0.244658 0.446091 3.33896 0.12446 0.78103 3.31856 -0.174882 0.274368 3.48874 -0.17791 0.660949 3.51394 -0.549127 0.739071 3.42823 
0.15922 -0.392401 3.27322 0.0471717 -0.230344 3.33986 0.062665 -0.21054 3.18071 0.187589 0.0187808 3.16676 0.22333 -0.157266 3.26858 0.0419607 -0.244906 3.48454 0.172208 -0.0202184 3.59935 0.247516 -0.152003 3.40133 -0.109001 0.229195 3.39206 -0.0544804 0.23357 3.2881 0.246647 0.437163 3.34122 0.119467 0.781461 3.3261 -0.16062 0.227101 3.48938 -0.186393 0.59079 3.51318 -0.57195 0.743552 3.44797 
0.161517 -0.433343 3.29084 0.0562201 -0.257424 3.34015 0.067267 -0.242649 3.19065 0.1881 -0.0195559 3.16772 0.219774 -0.182427 3.26855 0.0567211 -0.26765 3.48481 0.178648 -0.0637979 3.59501 0.250303 -0.19702 3.39508 -0.0915152 0.202596 3.39584 -0.0381286 0.211904 3.29285 0.249984 0.424021 3.34024 0.128188 0.781369 3.32936 -0.140755 0.196507 3.49351 -0.190275 0.545 3.50953 -0.571532 0.730788 3.44516 
0.171741 -0.469499 3.28474 0.0685358 -0.300437 3.34513 0.0920272 -0.278326 3.18687 0.207899 -0.0502029 3.17206 0.245595 -0.235259 3.27571 0.0491395 -0.314556 3.48982 0.191212 -0.0932311 3.59586 0.257465 -0.230275 3.39587 -0.0630377 0.167617 3.39545 -0.00364135 0.173862 3.29255 0.258317 0.414993 3.34412 0.13181 0.780149 3.3297 -0.124943 0.15812 3.49453 -0.191559 0.504031 3.50381 -0.568454 0.72124 3.46043 
0.170262 -0.514012 3.30173 0.0773046 -0.326345 3.34547 0.0962663 -0.314086 3.17913 0.228009 -0.0928793 3.16915 0.25913 -0.259437 3.27084 0.0701565 -0.338912 3.49079 0.214493 -0.129579 3.59598 0.279948 -0.26392 3.40289 -0.0512464 0.138291 3.39433 0.0127348 0.144247 3.28414 0.269685 0.409059 3.34246 0.130768 0.778296 3.32818 -0.0976775 0.129126 3.4933 -0.196406 0.461137 3.4978 -0.556011 0.702422 3.46582 
0.185014 -0.621524 3.32211 0.102413 -0.422552 3.3559 0.112883 -0.413042 3.19905 0.229229 -0.213184 3.16156 0.276098 -0.378078 3.27459 0.0858575 -0.438397 3.49528 0.226081 -0.214853 3.5971 0.307641 -0.366206 3.4192 -0.00906179 0.0458498 3.39104 -0.0065497 0.0477688 3.28639 0.0245221 0.349895 3.34386 -0.198418 0.689604 3.32524 -0.0179461 0.0392958 3.49436 0.0224992 0.410195 3.49397 -0.168471 0.743525 3.47912 
0.200996 -0.68809 3.32513 0.110669 -0.484951 3.35699 0.121228 -0.481359 3.20912 0.237899 -0.256574 3.15989 0.289669 -0.427564 3.27749 0.0996708 -0.489031 3.50021 0.228778 -0.27307 3.60152 0.315274 -0.418832 3.39049 0.00459275 -0.000411036 3.38839 0.011501 0.00270689 3.2828 0.0487538 0.329479 3.3229 -0.13734 0.68853 3.32552 -0.0197695 -0.00219728 3.49498 -0.0139452 0.367988 3.49442 -0.163891 0.734943 3.48976 
0.207227 -0.718812 3.32712 0.119031 -0.527632 3.36181 0.142203 -0.523161 3.2101 0.247335 -0.299879 3.16528 0.291124 -0.457762 3.27708 0.0963521 -0.533014 3.50122 0.234863 -0.313065 3.60134 0.324443 -0.460735 3.41477 0.0133983 -0.0419764 3.38438 0.0609357 -0.0264528 3.28219 0.153794 0.345992 3.31308 0.15113 0.755574 3.31343 -0.0195712 -0.0543872 3.49532 -0.135116 0.318461 3.49339 -0.355108 0.664452 3.49163 
0.220746 -0.767408 3.3374 0.135558 -0.588452 3.36305 0.167074 -0.585651 3.21574 0.249678 -0.335856 3.16266 0.32227 -0.507553 3.28585 0.111918 -0.595165 3.51849 0.232127 -0.365773 3.60668 0.345658 -0.524092 3.41645 0.013377 -0.0948999 3.37198 0.0608162 -0.0895512 3.27873 0.0836058 0.309485 3.28755 0.0864952 0.697354 3.33013 -0.0145568 -0.105342 3.49158 -0.0890609 0.289591 3.49227 -0.20037 0.676098 3.49297 
0.232935 -0.788753 3.3398 0.140291 -0.613059 3.372 0.172206 -0.607186 3.22046 0.279884 -0.370691 3.17576 0.310352 -0.543462 3.28261 0.131288 -0.616924 3.52755 0.234103 -0.379335 3.62232 0.361699 -0.541081 3.45631 0.026188 -0.13079 3.36935 0.0401221 -0.125025 3.28019 0.0118505 0.286322 3.28109 -0.0646027 0.678333 3.28238 0.0101192 -0.137444 3.49222 0.0116596 0.281405 3.48609 -0.0246876 0.661877 3.48092 
0.232492 -0.78001 3.34732 0.149019 -0.608322 3.37214 0.179721 -0.603746 3.22474 0.283777 -0.365624 3.18059 0.312246 -0.533829 3.29836 0.127036 -0.614746 3.53584 0.22392 -0.375554 3.63085 0.364421 -0.545348 3.47217 0.0302821 -0.122638 3.36906 0.0483988 -0.118209 3.27998 -0.00617796 0.292838 3.28081 -0.15998 0.668782 3.28631 0.0140292 -0.130075 3.49201 0.0482655 0.288786 3.48067 0.07573 0.693173 3.46595 
0.22779 -0.766408 3.34673 0.148717 -0.58099 3.37612 0.175658 -0.578721 3.22451 0.289268 -0.354774 3.18325 0.324633 -0.527144 3.32377 0.118149 -0.5861 3.53597 0.235937 -0.348059 3.63312 0.364907 -0.514595 3.46958 0.047415 -0.0973373 3.36841 0.0479563 -0.0922095 3.27976 -0.0292324 0.301732 3.27721 -0.289587 0.629957 3.26495 0.0539817 -0.0951804 3.49109 0.141515 0.324476 3.47241 0.149811 0.728708 3.44667 
0.22001 -0.700504 3.35301 0.144544 -0.521703 3.3876 0.183599 -0.519969 3.22753 0.297908 -0.300083 3.19335 0.326956 -0.468007 3.33119 0.10511 -0.52288 3.53927 0.22024 -0.296203 3.63672 0.372354 -0.444653 3.46852 0.0597745 -0.0183625 3.37466 0.0482742 -0.0203868 3.27806 -0.0661943 0.346034 3.2742 -0.38174 0.635958 3.23608 0.0886772 -0.0188136 3.48924 0.241157 0.352776 3.45196 0.176079 0.764789 3.41554 
0.219032 -0.639026 3.35987 0.140144 -0.460001 3.391 0.175307 -0.461666 3.23016 0.303002 -0.261776 3.18617 0.332898 -0.424315 3.33138 0.11421 -0.465986 3.54288 0.236434 -0.243106 3.63231 0.373143 -0.411185 3.46371 0.0607079 0.0318863 3.37424 0.0470666 0.0324678 3.27722 -0.0953894 0.381466 3.27279 -0.408707 0.653302 3.21009 0.0723675 0.0328198 3.4851 0.300032 0.378405 3.44149 0.176494 0.773159 3.41142 
0.232662 -0.563964 3.35273 0.140661 -0.391465 3.38972 0.179313 -0.397562 3.22841 0.315771 -0.195384 3.18871 0.329488 -0.355887 3.3298 0.111187 -0.39132 3.54618 0.226232 -0.17044 3.63464 0.383296 -0.311969 3.44946 0.0499754 0.0885986 3.37687 0.0383742 0.0821645 3.28021 -0.112942 0.429203 3.25941 -0.467094 0.679344 3.20233 0.0865969 0.0920994 3.484 0.322729 0.403115 3.4409 0.180808 0.780239 3.41104 
0.248657 -0.512865 3.36222 0.148506 -0.344871 3.38433 0.178467 -0.339749 3.22607 0.30137 -0.117441 3.19506 0.324014 -0.312011 3.33758 0.117622 -0.344759 3.53666 0.228368 -0.124513 3.63189 0.378882 -0.274012 3.49277 0.0254681 0.135309 3.37577 0.0140887 0.141479 3.27917 -0.123791 0.494155 3.2571 -0.518692 0.705932 3.19481 0.0247737 0.126043 3.48858 0.351287 0.415082 3.44017 0.180905 0.771353 3.41564 
0.256417 -0.453785 3.34587 0.157694 -0.265863 3.38723 0.184004 -0.263206 3.22475 0.296791 -0.0507644 3.19621 0.322798 -0.217823 3.32702 0.122581 -0.27195 3.54043 0.2342 -0.0369316 3.61752 0.369158 -0.193303 3.44869 0.0143214 0.194365 3.37144 -0.00293304 0.202235 3.27397 -0.133995 0.548402 3.25441 -0.531141 0.730532 3.19731 0.0257329 0.186816 3.47926 0.362809 0.441385 3.43757 0.181622 0.777244 3.41188 
0.273596 -0.366914 3.33911 0.144455 -0.210691 3.38612 0.175777 -0.212407 3.22343 0.286619 0.00650942 3.19211 0.315959 -0.144923 3.32491 0.1279 -0.216125 3.53955 0.234565 0.019195 3.60448 0.359367 -0.117351 3.44421 0.00469127 0.252042 3.37078 -0.0205073 0.253424 3.27696 -0.144133 0.600721 3.23974 -0.536258 0.741524 3.21582 0.0328182 0.247962 3.47452 0.372547 0.461009 3.43976 0.181392 0.782113 3.41153 
0.274513 -0.327185 3.33876 0.140104 -0.165487 3.38513 0.179254 -0.161858 3.22196 0.279249 0.0700508 3.18965 0.315891 -0.120691 3.32379 0.128863 -0.173375 3.53472 0.194051 0.0642939 3.60464 0.368169 -0.085119 3.43177 0.012107 0.282307 3.36534 -0.0196258 0.28525 3.27204 -0.146067 0.652589 3.21914 -0.544533 0.737442 3.25592 0.0404406 0.277285 3.47704 0.376271 0.466665 3.44804 0.181248 0.784345 3.41189 
0.274436 -0.279021 3.33809 0.127411 -0.117298 3.38868 0.167792 -0.120928 3.22913 0.272444 0.112416 3.19372 0.319978 -0.0595519 3.32544 0.110215 -0.118874 3.53839 0.206819 0.122764 3.60173 0.34795 -0.0547272 3.45196 0.00458237 0.320453 3.35614 -0.0246371 0.319378 3.26669 -0.14622 0.697332 3.20538 -0.538973 0.731719 3.24866 0.036823 0.31696 3.4674 0.37049 0.474976 3.44517 0.180646 0.782823 3.41133 
0.281319 -0.248299 3.34627 0.135943 -0.10107 3.38866 0.171497 -0.0973886 3.23379 0.266012 0.138508 3.18881 0.306012 -0.0247447 3.31527 0.123353 -0.0999285 3.54273 0.231325 0.150617 3.59297 0.324733 -0.0148017 3.4518 0.0166828 0.359918 3.35518 -0.0100881 0.36354 3.26521 -0.130871 0.719924 3.20045 -0.520565 0.738059 3.23818 0.0387719 0.349633 3.4626 0.373277 0.475154 3.45009 0.179299 0.781778 3.41093 
0.276601 -0.217209 3.33737 0.135868 -0.0757038 3.38815 0.167911 -0.0811539 3.22869 0.254491 0.158876 3.19207 0.311497 0.00239922 3.30956 0.127769 -0.0735226 3.54251 0.238453 0.186215 3.58692 0.34995 0.0183988 3.43281 0.0169273 0.370874 3.35063 0.0129212 0.37619 3.26461 0.142633 0.721549 3.19067 -0.168667 0.877042 3.19001 0.0178824 0.36407 3.45368 0.124204 0.51068 3.45247 -0.155886 0.681593 3.41333 
0.289726 -0.193226 3.34661 0.148661 -0.043504 3.38765 0.171175 -0.0475817 3.2279 0.259785 0.200702 3.19052 0.307349 0.0147492 3.32153 0.139938 -0.0461915 3.53762 0.232198 0.1946 3.59445 0.332213 0.0450618 3.44083 0.0178752 0.391157 3.35041 0.0197836 0.39886 3.26416 0.144906 0.728812 3.18937 -0.160148 0.872083 3.19376 0.00423555 0.380163 3.46228 0.123188 0.521909 3.45015 -0.149201 0.678909 3.41433 
0.290427 -0.184971 3.34668 0.152984 -0.0343344 3.38747 0.171545 -0.0332985 3.23191 0.253244 0.212829 3.19048 0.307913 0.0422032 3.31712 0.136846 -0.036998 3.54191 0.229778 0.207525 3.5933 0.347746 0.0632292 3.45619 0.0143028 0.410716 3.34999 0.0191073 0.410142 3.26374 0.142811 0.72997 3.17866 -0.163306 0.881899 3.16668 -0.000840951 0.399292 3.46254 0.123334 0.522135 3.4569 -0.144045 0.677469 3.41484 
0.30414 -0.175747 3.34815 0.157242 -0.0281182 3.38727 0.175208 -0.0249727 3.23148 0.246089 0.221029 3.18563 0.305927 0.0629739 3.30676 0.140416 -0.0304345 3.54183 0.234276 0.222423 3.58713 0.336486 0.0631716 3.44585 0.0143928 0.41769 3.34988 0.0142497 0.416998 3.25925 0.142134 0.736562 3.17433 -0.160737 0.886696 3.15381 -0.000735242 0.409586 3.45852 0.122476 0.529724 3.45455 -0.135794 0.679527 3.41386 
0.307876 -0.172556 3.34874 0.157242 -0.0219163 3.38702 0.1795 -0.0229029 3.23144 0.245655 0.223682 3.18967 0.307035 0.0642954 3.31562 0.139841 -0.0286041 3.54163 0.231528 0.22862 3.58705 0.347478 0.0650043 3.43354 0.0144687 0.422482 3.3498 0.0190047 0.421923 3.25931 0.144799 0.745568 3.1697 -0.160877 0.884109 3.15333 -0.00137742 0.413302 3.45888 0.122037 0.531777 3.45041 -0.135266 0.677621 3.41782 
0.3076 -0.168539 3.34852 0.157265 -0.0217902 3.38707 0.183181 -0.0223943 3.23132 0.245911 0.224364 3.18971 0.314301 0.0721197 3.31657 0.136348 -0.0261383 3.54183 0.231545 0.233088 3.58671 0.377153 0.0727777 3.43028 0.0144665 0.422542 3.34971 0.0195025 0.422305 3.25493 0.144501 0.737392 3.17019 -0.158999 0.878727 3.16602 -0.00189381 0.415725 3.45449 0.122148 0.531903 3.44604 -0.134451 0.67933 3.41461 
0.307714 -0.177112 3.34881 0.165719 -0.0241146 3.38703 0.183428 -0.0225115 3.23138 0.258528 0.221243 3.1902 0.313321 0.0652232 3.30644 0.145339 -0.0261489 3.53798 0.229591 0.225364 3.58319 0.367928 0.0698827 3.43371 0.0145764 0.419962 3.34983 0.0287336 0.421311 3.26335 0.146333 0.739278 3.17095 -0.159219 0.882491 3.16161 -0.00203727 0.410335 3.45379 0.122882 0.524979 3.44479 -0.138507 0.678561 3.41839 
0.31146 -0.186836 3.34928 0.165764 -0.0264363 3.3828 0.183495 -0.0247134 3.22707 0.25954 0.216561 3.18533 0.311072 0.054546 3.30497 0.145733 -0.0321688 3.53781 0.229505 0.221266 3.58352 0.376585 0.0632719 3.43547 0.0111367 0.408732 3.34993 0.0294916 0.4117 3.25503 0.142143 0.730983 3.17889 -0.163847 0.891948 3.1564 -0.00131354 0.402161 3.44913 0.124494 0.516736 3.45572 -0.143775 0.675224 3.41769 
0.310072 -0.191713 3.34952 0.169639 -0.0379453 3.38725 0.179633 -0.042005 3.22785 0.270265 0.213747 3.18877 0.302972 0.0272469 3.30386 0.146013 -0.0367931 3.53318 0.229456 0.207222 3.58371 0.367203 0.0544706 3.44354 0.00439812 0.384204 3.35044 -0.0362419 0.389617 3.26091 -0.122894 0.763026 3.18492 -0.513403 0.753117 3.19743 0.0375961 0.378 3.45304 0.373748 0.463786 3.4529 0.18005 0.77244 3.41467 
0.311793 -0.243577 3.35016 0.173541 -0.0845168 3.38794 0.179689 -0.0861088 3.22884 0.279901 0.152526 3.17895 0.313686 -0.0190242 3.29067 0.16013 -0.0784326 3.53378 0.241938 0.162306 3.57357 0.377818 0.0468746 3.4266 0.00343406 0.351579 3.34688 -0.0324099 0.351347 3.26164 -0.12608 0.716851 3.19598 -0.516075 0.721759 3.22472 0.0398782 0.347583 3.44888 0.372746 0.460752 3.43872 0.183936 0.768934 3.41555 
0.294315 -0.276838 3.34053 0.173803 -0.10416 3.38465 0.179428 -0.103311 3.22918 0.288822 0.131025 3.18373 0.319866 -0.0539394 3.29395 0.172009 -0.111051 3.53401 0.252115 0.12978 3.5713 0.37884 -0.0135154 3.42457 0.0124223 0.319035 3.34721 -0.00969862 0.327945 3.25715 0.115855 0.689134 3.19161 -0.199287 0.839167 3.19685 0.0349807 0.308717 3.44957 0.130314 0.477957 3.44413 -0.131664 0.679844 3.41987 
0.281428 -0.312933 3.34735 0.166002 -0.138578 3.38929 0.167609 -0.149736 3.22629 0.288299 0.0875125 3.17146 0.320418 -0.075634 3.28303 0.154937 -0.126101 3.53439 0.259001 0.108097 3.56581 0.387504 -0.0424525 3.41845 0.0184254 0.294888 3.34778 0.029776 0.305316 3.24878 0.134694 0.665822 3.19656 -0.185109 0.85453 3.19379 0.00959826 0.28649 3.4441 0.115488 0.462499 3.44136 -0.156998 0.673064 3.41728 
0.271793 -0.371149 3.35498 0.173548 -0.191172 3.3903 0.175546 -0.202641 3.23217 0.28863 0.00272817 3.16952 0.335758 -0.14889 3.28965 0.163546 -0.185301 3.53509 0.226995 0.0737968 3.56727 0.34605 -0.0717659 3.4231 0.0280961 0.24687 3.34824 -0.0143928 0.243091 3.24561 -0.149486 0.585647 3.21371 -0.55102 0.727905 3.16373 0.0525273 0.249 3.44611 0.371263 0.424348 3.44295 0.18375 0.761512 3.41551 
0.265083 -0.437334 3.3632 0.178167 -0.24975 3.39129 0.178739 -0.259721 3.23288 0.28973 -0.0501422 3.17012 0.326225 -0.213679 3.28618 0.167378 -0.247836 3.54014 0.231537 0.0145095 3.56323 0.352441 -0.142851 3.39906 0.0256277 0.188275 3.34981 0.000857121 0.184032 3.24712 -0.163978 0.519008 3.21141 -0.549197 0.707583 3.16775 0.0498149 0.189682 3.45204 0.363329 0.414347 3.43571 0.185633 0.757923 3.41259 
0.26843 -0.475538 3.3803 0.182437 -0.300309 3.39653 0.188317 -0.307949 3.23901 0.29979 -0.081247 3.16803 0.350503 -0.242913 3.28424 0.181145 -0.287534 3.55294 0.301229 -0.0438107 3.57009 0.395694 -0.179807 3.42127 0.0409611 0.142304 3.35099 0.0257786 0.136826 3.24377 -0.151022 0.464204 3.21179 -0.52963 0.685098 3.16653 0.0444863 0.144658 3.45263 0.360458 0.403043 3.42425 0.185947 0.755331 3.41277 
0.254437 -0.554269 3.3798 0.181944 -0.34951 3.40197 0.187437 -0.362293 3.23581 0.297992 -0.156608 3.16957 0.360662 -0.309099 3.28497 0.190454 -0.33958 3.55861 0.300633 -0.096782 3.58946 0.386472 -0.214018 3.4282 0.0502375 0.107376 3.34646 0.0312452 0.0994465 3.23994 -0.152293 0.413612 3.2087 -0.487652 0.662932 3.16002 0.0948324 0.115341 3.44785 0.342369 0.391848 3.40859 0.185726 0.75612 3.4084 
0.230677 -0.590909 3.37724 0.181877 -0.420853 3.40706 0.183023 -0.434867 3.23738 0.296686 -0.224993 3.15844 0.378901 -0.360935 3.28622 0.181521 -0.405971 3.56289 0.300402 -0.168839 3.60077 0.385932 -0.268828 3.43006 0.0689976 0.0518052 3.34263 0.0678124 0.0506193 3.23643 0.102435 0.408872 3.21296 -0.178517 0.738236 3.18168 0.0865013 0.0541172 3.44807 0.125305 0.345277 3.39153 -0.0617883 0.667494 3.41597 
0.221567 -0.674631 3.36911 0.173187 -0.484778 3.40447 0.157959 -0.49626 3.23504 0.289405 -0.269288 3.16361 0.369789 -0.40669 3.28899 0.17862 -0.481041 3.55957 0.299598 -0.246993 3.60572 0.392401 -0.411365 3.43385 0.0727964 -0.000521849 3.33946 0.0353145 -0.0160578 3.22443 -0.0762974 0.350286 3.2445 -0.385788 0.630406 3.20928 0.113093 0.0025312 3.44298 0.245476 0.361619 3.38835 0.185743 0.753664 3.41307 
0.218672 -0.735745 3.36139 0.169456 -0.529981 3.3971 0.14954 -0.529135 3.23651 0.280864 -0.315704 3.15248 0.35423 -0.426987 3.28512 0.16961 -0.520761 3.55298 0.284423 -0.298822 3.6062 0.379632 -0.444447 3.44363 0.0812367 -0.046927 3.34008 0.0393593 -0.0537398 3.22175 -0.0512341 0.322028 3.22655 -0.319621 0.627215 3.21558 0.117746 -0.038168 3.43182 0.201637 0.336821 3.40005 0.180577 0.74173 3.41663 
0.211261 -0.770767 3.34448 0.154266 -0.584508 3.38526 0.140273 -0.596547 3.22583 0.246378 -0.365206 3.12136 0.318125 -0.473541 3.284 0.16374 -0.569045 3.54886 0.246822 -0.326636 3.60575 0.362242 -0.480644 3.44218 0.0850186 -0.0966124 3.33683 0.0434459 -0.105658 3.21899 -0.0321501 0.297211 3.22053 -0.213128 0.63859 3.23278 0.117537 -0.0862585 3.42759 0.144576 0.330368 3.4206 0.157167 0.719424 3.41402 
0.201729 -0.780137 3.33523 0.147784 -0.60195 3.3727 0.131898 -0.606806 3.22193 0.242087 -0.38091 3.12251 0.324853 -0.482932 3.27911 0.168371 -0.595387 3.53663 0.240345 -0.337067 3.60052 0.362861 -0.506152 3.42138 0.093749 -0.107552 3.33654 0.0535968 -0.107797 3.21809 0.044488 0.305475 3.22137 -0.0390047 0.697069 3.22681 0.108335 -0.104026 3.42895 0.0762741 0.301104 3.42165 0.031905 0.672209 3.41206 
0.201378 -0.779882 3.33489 0.135807 -0.60104 3.36439 0.116603 -0.60419 3.21758 0.225438 -0.372945 3.11247 0.320986 -0.493177 3.27657 0.166909 -0.59473 3.52661 0.240809 -0.336647 3.58659 0.351702 -0.491902 3.43293 0.081362 -0.102695 3.33281 0.0484523 -0.106459 3.21855 0.0357009 0.308245 3.22159 -0.0265863 0.700722 3.22229 0.108865 -0.0988876 3.43206 0.10441 0.301945 3.41722 0.0312738 0.693035 3.41099 
0.202507 -0.741663 3.30988 0.115493 -0.550354 3.35879 0.112136 -0.556656 3.19865 0.199249 -0.314786 3.10939 0.300871 -0.454861 3.22821 0.143794 -0.547415 3.50448 0.229489 -0.319941 3.57153 0.333466 -0.448632 3.38788 0.0699108 -0.0584612 3.34038 0.0514888 -0.0564193 3.2215 0.0818779 0.348814 3.21566 0.0258376 0.755849 3.22419 0.0751617 -0.0587924 3.43188 0.0776507 0.345224 3.41722 -0.0193788 0.726749 3.41689 
0.197211 -0.697647 3.292 0.106742 -0.515328 3.34982 0.100392 -0.51549 3.17654 0.179126 -0.275391 3.10291 0.289192 -0.406108 3.20907 0.122005 -0.508262 3.50074 0.196222 -0.263577 3.56707 0.325808 -0.384232 3.37009 0.0701867 -0.0110042 3.33874 0.0517921 -0.0118295 3.21663 0.107517 0.376966 3.22299 0.0166604 0.767135 3.22841 0.0740145 -0.0146241 3.43109 0.0724124 0.375617 3.41642 -0.0477601 0.754144 3.41633 
0.188505 -0.685645 3.27408 0.0833161 -0.483908 3.34058 0.1011 -0.487228 3.16265 0.171877 -0.248344 3.08887 0.2723 -0.355689 3.21814 0.0836593 -0.481767 3.49692 0.172558 -0.246839 3.56366 0.313855 -0.386979 3.38288 0.070412 0.0136841 3.33881 0.0794283 0.0135395 3.21932 0.134123 0.381078 3.23568 0.0250521 0.767821 3.24633 0.0468114 0.0137714 3.43523 0.068511 0.387163 3.41621 -0.0553902 0.765907 3.41177 
0.177456 -0.697875 3.26421 0.079259 -0.509292 3.3282 0.0798563 -0.507989 3.15899 0.126924 -0.26179 3.09129 0.262418 -0.354559 3.21858 0.0802806 -0.51177 3.48857 0.161825 -0.25464 3.56943 0.319095 -0.360622 3.36804 0.0709389 -0.00970966 3.33001 0.0755432 -0.00746816 3.21562 0.112882 0.374219 3.23157 0.0218026 0.766206 3.22374 0.0443658 -0.0116104 3.42323 0.063956 0.37664 3.42075 -0.0473881 0.745676 3.41212 
0.167722 -0.711994 3.263 0.0697143 -0.535932 3.33734 0.055068 -0.531248 3.16448 0.11881 -0.291748 3.08191 0.25163 -0.391955 3.22381 0.0709345 -0.537544 3.48876 0.152818 -0.297581 3.56838 0.284047 -0.395716 3.36926 0.0564331 -0.0332879 3.32689 0.0572503 -0.0356201 3.21635 0.0852567 0.370128 3.21931 0.0175734 0.76144 3.22393 0.0436148 -0.0273567 3.42391 0.0389603 0.362883 3.42158 -0.0425667 0.735124 3.41684 
0.163378 -0.720792 3.26247 0.0739627 -0.544424 3.33753 0.0807715 -0.541485 3.16048 0.134496 -0.310054 3.07595 0.25941 -0.397522 3.21814 0.0624536 -0.546318 3.49745 0.151278 -0.317647 3.57694 0.273852 -0.440124 3.39121 0.0483722 -0.0483263 3.32721 0.0576538 -0.0484358 3.21254 0.07644 0.366049 3.21058 0.0182457 0.761353 3.21056 0.0378384 -0.0393013 3.4248 0.0301239 0.353274 3.42211 -0.0378205 0.727482 3.41706 
0.159587 -0.715967 3.26213 0.0609239 -0.546428 3.32889 0.0679898 -0.541728 3.16031 0.146699 -0.310341 3.05348 0.244393 -0.403679 3.2101 0.0446914 -0.548078 3.49385 0.160405 -0.317768 3.58875 0.277506 -0.447782 3.41671 0.0323028 -0.0436024 3.32325 0.0489219 -0.04611 3.21668 0.0584498 0.370444 3.20653 0.0180474 0.768667 3.20529 0.0205117 -0.0426352 3.42504 0.0138683 0.368851 3.41769 -0.0427143 0.741188 3.41661 
0.154589 -0.701554 3.2774 0.0520385 -0.529226 3.32448 0.0765918 -0.526387 3.15998 0.172966 -0.303469 3.06379 0.256802 -0.40338 3.2176 0.0168581 -0.531655 3.48901 0.158946 -0.308886 3.59358 0.257797 -0.426175 3.40634 0.0204009 -0.0198479 3.32178 0.0634428 -0.0174572 3.20778 0.0513683 0.3768 3.2067 0.00932542 0.768242 3.21037 0.00350026 -0.0204112 3.42342 0.00982639 0.376823 3.4177 -0.0474602 0.7551 3.41224 
0.154348 -0.697087 3.27762 0.0438732 -0.510484 3.32856 0.0718466 -0.50852 3.16337 0.177709 -0.29673 3.07062 0.257245 -0.401228 3.23522 0.0131874 -0.513826 3.49328 0.140555 -0.287647 3.59792 0.251372 -0.415921 3.41875 0.0165792 -0.00123801 3.32147 0.0537928 -0.00196248 3.21151 0.0276587 0.388762 3.21108 0.00813718 0.769812 3.21911 -0.00312901 -0.00556491 3.42371 0.00624881 0.382084 3.41364 -0.0507731 0.765395 3.40779 
0.154302 -0.696941 3.27745 0.0399143 -0.498892 3.3199 0.0755513 -0.496267 3.15812 0.176802 -0.274758 3.07388 0.25819 -0.384201 3.23045 0.01306 -0.503515 3.48789 0.113875 -0.265641 3.5863 0.253273 -0.389468 3.40785 0.01554 0.00124646 3.31594 0.0502582 0.00295415 3.20733 0.0188516 0.393441 3.20653 0.00428215 0.769723 3.2105 -0.0162415 -0.00128461 3.42364 0.00615875 0.384634 3.41357 -0.0544921 0.765716 3.40774 
0.153971 -0.696975 3.28569 0.0436105 -0.50582 3.31992 0.0718697 -0.504502 3.15874 0.146042 -0.270953 3.07405 0.246218 -0.378396 3.24148 0.0126972 -0.504095 3.49275 0.0936287 -0.265968 3.57809 0.240183 -0.370518 3.41049 0.0070447 -0.00723142 3.31226 0.0372121 -0.0039481 3.20762 0.0186039 0.387153 3.20663 0.00881566 0.775464 3.20972 -0.0204929 -0.00835744 3.42448 -0.0031305 0.379985 3.41374 -0.0549779 0.761108 3.40775 
0.150306 -0.696623 3.28525 0.0434149 -0.513902 3.32438 0.0721151 -0.512771 3.1554 0.126288 -0.280504 3.08315 0.240142 -0.375266 3.24987 0.0129537 -0.512416 3.49313 0.0929276 -0.269216 3.57772 0.227451 -0.377468 3.4105 0.00689869 -0.0133096 3.31256 0.0287314 -0.0104029 3.20793 0.0182675 0.378667 3.20694 0.0082888 0.772682 3.21407 -0.0164129 -0.0162204 3.42433 -0.00350125 0.373567 3.41375 -0.0549914 0.759463 3.40792 
0.150248 -0.696516 3.28523 0.0351 -0.513521 3.3247 0.0557974 -0.517185 3.15951 0.11861 -0.275474 3.08256 0.21736 -0.375972 3.24491 0.0129101 -0.509694 3.49317 0.0817498 -0.270708 3.5732 0.224526 -0.374581 3.4026 0.00692288 -0.00934097 3.31725 0.0208382 -0.0069749 3.21213 0.0136798 0.386082 3.20697 0.00835862 0.775012 3.21437 -0.0203625 -0.0126211 3.42834 -0.00799271 0.377191 3.41386 -0.0551588 0.765916 3.4077 
0.149371 -0.691518 3.30163 0.0238124 -0.502363 3.32044 0.0714606 -0.502725 3.15855 0.119967 -0.268047 3.08253 0.217799 -0.360959 3.24488 0.0043839 -0.501149 3.49231 0.0817042 -0.258974 3.57381 0.222036 -0.362532 3.41222 0.00766166 -0.00318956 3.31214 0.0271599 0.000883471 3.20783 0.0146759 0.386051 3.20678 0.00866539 0.774887 3.21437 -0.0296485 -0.00750442 3.42436 -0.013014 0.378732 3.41388 -0.0551982 0.763571 3.40778 
0.144786 -0.691539 3.301 0.0234542 -0.498242 3.32458 0.0722251 -0.498373 3.1584 0.116282 -0.263207 3.0836 0.216591 -0.361656 3.25113 -0.000602545 -0.501319 3.48911 0.0533076 -0.260406 3.57477 0.224397 -0.34864 3.40905 0.00779178 -0.00345468 3.31263 0.0322174 0.00134953 3.20781 0.0184248 0.385499 3.20675 0.00869196 0.772769 3.21411 -0.0296538 -0.00764415 3.42413 -0.0126228 0.378585 3.41398 -0.0549525 0.76379 3.40783 
0.144725 -0.691448 3.30102 0.0232034 -0.498462 3.32451 0.0677836 -0.500611 3.15853 0.114042 -0.262224 3.08313 0.211431 -0.368845 3.25122 -0.000630971 -0.501877 3.49312 0.0457238 -0.260903 3.57497 0.224682 -0.369646 3.42153 0.00746238 -0.00344185 3.31691 0.0266551 0.000671936 3.21191 0.0183546 0.383006 3.20688 0.00845896 0.775054 3.21412 -0.0285849 -0.00667021 3.42849 -0.00794529 0.377025 3.41382 -0.0551348 0.763642 3.40774 
0.14101 -0.691294 3.3004 0.0229754 -0.506551 3.32072 0.0594826 -0.504968 3.15893 0.114253 -0.268962 3.08788 0.211805 -0.371139 3.25112 -0.000635451 -0.50804 3.49326 0.0457908 -0.261064 3.57447 0.21684 -0.365312 3.39844 0.00361472 -0.00489005 3.31709 0.0218098 -0.00187502 3.21211 0.0183024 0.383016 3.207 0.00849376 0.774919 3.21455 -0.0288744 -0.00877449 3.42421 -0.00300692 0.377551 3.41376 -0.0550383 0.763646 3.4077 
0.140729 -0.691197 3.30038 0.0144536 -0.506408 3.32499 0.0590511 -0.504506 3.15918 0.11269 -0.264522 3.08728 0.205261 -0.371092 3.25076 -0.00804386 -0.50315 3.48931 0.0474456 -0.26286 3.57444 0.210921 -0.369471 3.3997 0.0073841 -0.00726504 3.31711 0.0258914 -0.00417533 3.21225 0.0183415 0.38784 3.20686 0.00855993 0.774991 3.21424 -0.0292354 -0.0105762 3.42856 -0.00789644 0.381488 3.41378 -0.0551703 0.763597 3.4078 
0.13735 -0.691301 3.29172 0.0148084 -0.499766 3.32476 0.059021 -0.500936 3.15903 0.112716 -0.261825 3.08746 0.1998 -0.369165 3.2441 -0.00809646 -0.500841 3.48916 0.0467092 -0.262274 3.57473 0.214929 -0.36309 3.40644 0.00718268 -0.00525048 3.31657 0.0306911 0.000225476 3.21205 0.0183758 0.389654 3.2068 0.00859912 0.772731 3.21417 -0.0338748 -0.00930305 3.42857 -0.007948 0.384063 3.41382 -0.0551185 0.761317 3.40782 
0.137274 -0.691323 3.29172 0.0107613 -0.49593 3.32043 0.0633069 -0.498644 3.15478 0.106546 -0.260055 3.08693 0.197716 -0.370303 3.2501 -0.0165001 -0.50087 3.48941 0.0443666 -0.260591 3.57488 0.214438 -0.365944 3.4076 0.00719621 -0.00507292 3.31671 0.0342448 -0.00212562 3.21209 0.0184234 0.383572 3.20694 0.0087355 0.774931 3.21426 -0.02959 -0.00834443 3.42829 -0.00814875 0.377712 3.41383 -0.0551566 0.761288 3.40779 
0.133115 -0.691359 3.28275 0.0107252 -0.502371 3.32051 0.0548887 -0.503338 3.15489 0.106738 -0.260372 3.08704 0.196929 -0.370109 3.24372 -0.0127018 -0.503268 3.48935 0.0450199 -0.26052 3.5742 0.214838 -0.36143 3.40527 0.00761756 -0.00704989 3.31726 0.034372 -0.00216283 3.21211 0.0184253 0.387712 3.20691 0.00850525 0.774975 3.21422 -0.0210574 -0.00832808 3.42829 -0.00799263 0.379836 3.41383 -0.0551312 0.763621 3.40774 
0.13272 -0.691035 3.29077 0.0107542 -0.502381 3.32054 0.0549886 -0.501169 3.1548 0.106965 -0.259998 3.08713 0.195317 -0.368815 3.24349 -0.0126556 -0.505171 3.48937 0.0441824 -0.264109 3.57005 0.2247 -0.341701 3.3922 0.00753735 -0.00713039 3.32123 0.0295611 -0.00455185 3.21224 0.0181179 0.385705 3.20688 0.00857969 0.774903 3.21437 -0.0245761 -0.0118338 3.42827 -0.00829786 0.382266 3.41372 -0.055185 0.76352 3.40774 
0.129653 -0.691465 3.27382 0.0107825 -0.502614 3.31616 0.0428666 -0.505323 3.15532 0.101549 -0.26113 3.08731 0.20389 -0.319428 3.24308 -0.00402872 -0.50876 3.48914 0.0355137 -0.257016 3.56593 0.231557 -0.318503 3.38227 0.00741727 -0.00728963 3.3214 0.0247327 -0.00559006 3.21207 0.0180056 0.383428 3.20694 0.00854183 0.774899 3.2144 -0.0150998 -0.0100506 3.42381 -0.00817346 0.380043 3.41374 -0.0553384 0.76298 3.41206 
0.129659 -0.691526 3.27384 0.0106369 -0.500496 3.31605 0.043051 -0.502972 3.15503 0.102991 -0.270992 3.09098 0.251338 -0.293767 3.23372 -0.00871669 -0.507092 3.4892 0.0518937 -0.25905 3.56545 0.258785 -0.264165 3.38175 0.00768097 -0.0073515 3.32144 0.0293601 -0.00526316 3.21202 0.0180133 0.378539 3.21141 0.00866095 0.774826 3.21455 -0.0159458 -0.00944309 3.42386 -0.00443607 0.376899 3.41375 -0.0546967 0.759297 3.41226 
