15 151 4
0.0635353 0.106667 0.0147927 -0.306687 0.180523 -0.0410914
0.104105 -1.56868 -0.0997088 3.82245 0.239376 3.44951
0.0041204 2.95668 0.0667073 -0.979376 0.055256 7.26636
0.0877675 1.59308 0.0917978 -3.6402 0.437486 3.58302
0.0461556 -0.667238 3.42493 -0.0894775 -0.481552 3.39395 -0.054606 -0.473568 3.24723 -0.0283348 -0.209804 3.18348 0.0576176 0.000562766 3.16984 -0.126713 -0.485423 3.55965 -0.102182 -0.235158 3.62575 -0.00427285 -0.0475875 3.66435 -0.0931365 0.0117453 3.40228 -0.0591732 0.0101196 3.28825 -0.0609732 0.385342 3.26902 -0.0803955 0.760875 3.22969 -0.11816 0.0107754 3.49793 -0.109659 0.385805 3.51127 -0.129128 0.761949 3.54671 
0.0461963 -0.667228 3.42489 -0.090519 -0.481579 3.39401 -0.0546058 -0.47357 3.24721 -0.0286097 -0.21057 3.18358 0.0580615 0.000733045 3.17055 -0.126769 -0.486091 3.55962 -0.10379 -0.234906 3.62551 -0.00769345 -0.0446143 3.6639 -0.0932669 0.0118233 3.40293 -0.0582791 0.00943061 3.2883 -0.0611776 0.38461 3.26897 -0.0804096 0.760852 3.2297 -0.118294 0.0107695 3.49793 -0.11081 0.385983 3.51119 -0.129135 0.76195 3.54671 
0.0462973 -0.66722 3.42481 -0.0910496 -0.481583 3.39403 -0.0546099 -0.47359 3.2472 -0.0290789 -0.211124 3.18381 0.058949 0.00116851 3.17222 -0.126875 -0.486392 3.55961 -0.105199 -0.23471 3.62529 -0.010608 -0.0423323 3.66347 -0.0934161 0.012062 3.40235 -0.0577708 0.00936091 3.28832 -0.0612843 0.384404 3.26883 -0.080431 0.760842 3.2297 -0.118615 0.0107745 3.49794 -0.111769 0.386226 3.51107 -0.129142 0.761953 3.54671 
0.0464883 -0.667211 3.42466 -0.0913536 -0.481568 3.39402 -0.0546192 -0.473642 3.24719 -0.0300161 -0.211878 3.18422 0.0604099 0.00209739 3.17396 -0.127094 -0.486595 3.55962 -0.106668 -0.234484 3.62502 -0.013545 -0.0397294 3.66297 -0.093551 0.0126599 3.40224 -0.0574094 0.00988306 3.28834 -0.0613616 0.384559 3.26852 -0.080472 0.760833 3.22971 -0.119274 0.0108026 3.49794 -0.113045 0.386715 3.51084 -0.129153 0.761962 3.5467 
0.0468253 -0.667199 3.42444 -0.0915941 -0.481521 3.39399 -0.0546405 -0.473769 3.24718 -0.0314102 -0.211849 3.1849 0.0629457 0.00259622 3.17477 -0.127552 -0.486878 3.55965 -0.108465 -0.234128 3.62462 -0.0170335 -0.0356566 3.66224 -0.0938038 0.0124645 3.4028 -0.05726 0.00967317 3.28839 -0.0614561 0.385186 3.2679 -0.0805533 0.760824 3.22971 -0.120578 0.0108176 3.49796 -0.114589 0.387793 3.51043 -0.129166 0.761978 3.5467 
0.0474086 -0.66718 3.42408 -0.0918949 -0.481418 3.39392 -0.0546764 -0.474107 3.24717 -0.0336986 -0.212303 3.18597 0.0641343 0.00287957 3.17601 -0.128507 -0.487498 3.55968 -0.110548 -0.233592 3.62405 -0.0208533 -0.0297442 3.66127 -0.0935839 0.0116396 3.40213 -0.056972 0.00902821 3.28843 -0.0616135 0.385226 3.26646 -0.0807035 0.760818 3.22973 -0.120886 0.0108758 3.498 -0.11504 0.387246 3.50907 -0.129172 0.761987 3.54669 
0.0474097 -0.66715 3.42362 -0.0922742 -0.481289 3.39395 -0.054723 -0.47494 3.24714 -0.0347028 -0.212235 3.18664 0.0640531 0.00306227 3.17697 -0.12842 -0.487304 3.5597 -0.111467 -0.233191 3.62323 -0.0233285 -0.0265424 3.66036 -0.0928758 0.0111237 3.40184 -0.0566563 0.00901216 3.28844 -0.0617685 0.3848 3.26576 -0.08101 0.760801 3.22975 -0.120743 0.0109731 3.49804 -0.115118 0.386247 3.50837 -0.129169 0.761982 3.54669 
0.0468358 -0.667102 3.42296 -0.0929276 -0.481033 3.39411 -0.0547512 -0.475241 3.24715 -0.0359861 -0.211607 3.18698 0.0627058 0.00321587 3.17792 -0.129446 -0.486102 3.55977 -0.113091 -0.232114 3.62183 -0.0261096 -0.0228404 3.65889 -0.0914256 0.0105765 3.40175 -0.0561514 0.00962047 3.28841 -0.0620241 0.383575 3.26539 -0.0816519 0.760755 3.22979 -0.12022 0.0111921 3.49813 -0.114885 0.384068 3.50794 -0.129158 0.761964 3.5467 
0.0465349 -0.66702 3.42195 -0.092185 -0.480332 3.39433 -0.05477 -0.475201 3.24718 -0.0364218 -0.21009 3.1872 0.0603361 0.00353608 3.17908 -0.12994 -0.484873 3.55974 -0.114131 -0.231438 3.62096 -0.0279502 -0.0212103 3.65684 -0.0909176 0.00967602 3.40164 -0.0567629 0.00858691 3.28831 -0.0621467 0.382402 3.26514 -0.0830329 0.760604 3.22988 -0.120589 0.0104773 3.49821 -0.113572 0.382544 3.5076 -0.129134 0.761944 3.5467 
0.0464316 -0.666896 3.4204 -0.0918524 -0.480126 3.39486 -0.0548355 -0.474742 3.24723 -0.0359619 -0.206963 3.18738 0.0582792 0.00423137 3.18142 -0.130198 -0.484326 3.5597 -0.114805 -0.231028 3.62032 -0.0290686 -0.0210763 3.65367 -0.0908981 0.00910598 3.40158 -0.0570669 0.00769504 3.28824 -0.0622097 0.38197 3.26502 -0.0836596 0.760543 3.22993 -0.121966 0.00957578 3.49822 -0.112536 0.3819 3.50745 -0.129076 0.7619 3.54671 
0.0463942 -0.666811 3.41938 -0.091725 -0.480282 3.39604 -0.0550031 -0.475227 3.24723 -0.0362511 -0.20613 3.18745 0.0573509 0.00434884 3.18236 -0.130255 -0.483843 3.55965 -0.115175 -0.23067 3.61974 -0.0295503 -0.02143 3.65104 -0.0912137 0.00845625 3.4016 -0.0571508 0.00751157 3.28821 -0.0622279 0.381827 3.26496 -0.0838999 0.760519 3.22995 -0.121488 0.00927881 3.49823 -0.111262 0.381685 3.50743 -0.128953 0.761809 3.54672 
0.046414 -0.666749 3.4187 -0.0915273 -0.480964 3.39605 -0.0553478 -0.4753 3.24722 -0.0373165 -0.205758 3.18745 0.0569433 0.00450869 3.1825 -0.13009 -0.484515 3.55948 -0.115244 -0.230271 3.61901 -0.0296108 -0.0212564 3.64936 -0.0902283 0.00875421 3.40162 -0.057041 0.00791832 3.28821 -0.0622313 0.381847 3.26493 -0.0838847 0.760492 3.22995 -0.120864 0.00811727 3.49826 -0.109119 0.381756 3.50753 -0.128699 0.761631 3.54675 
0.0465014 -0.666693 3.41828 -0.0911323 -0.481255 3.39491 -0.0560518 -0.475017 3.2472 -0.0379149 -0.20596 3.18746 0.0569948 0.00547669 3.18356 -0.129651 -0.485033 3.55914 -0.115238 -0.23081 3.61788 -0.0292619 -0.020617 3.64813 -0.089358 0.00875209 3.40167 -0.0566849 0.00802928 3.28818 -0.062189 0.382083 3.26492 -0.0835766 0.760445 3.22996 -0.119765 0.00700321 3.49826 -0.106916 0.382387 3.50772 -0.128175 0.76124 3.54681 
0.0466874 -0.666623 3.41804 -0.0905501 -0.481354 3.39442 -0.0552884 -0.474208 3.24726 -0.0381861 -0.206846 3.18747 0.0579337 0.0066349 3.1841 -0.12876 -0.485885 3.55849 -0.115001 -0.231416 3.61727 -0.0287421 -0.0205232 3.647 -0.0885731 0.00852737 3.40162 -0.055952 0.00789792 3.28812 -0.0620859 0.382906 3.2649 -0.0827564 0.760319 3.22998 -0.117985 0.00632832 3.49817 -0.105134 0.382641 3.50806 -0.127085 0.760326 3.54694 
0.0470218 -0.666515 3.41793 -0.0895262 -0.48139 3.39429 -0.054881 -0.473879 3.24728 -0.0383371 -0.207341 3.18747 0.0594658 0.00714008 3.18445 -0.129304 -0.486225 3.55724 -0.114456 -0.232383 3.61695 -0.0280031 -0.0219321 3.64554 -0.0876317 0.00790352 3.40145 -0.0545327 0.00741968 3.28801 -0.0617942 0.38303 3.26505 -0.0830191 0.760312 3.22996 -0.116662 0.00551899 3.49809 -0.104492 0.38296 3.50866 -0.126804 0.760003 3.54686 
0.0475896 -0.66629 3.41795 -0.0875092 -0.481384 3.39446 -0.0546125 -0.473714 3.24727 -0.0382789 -0.207543 3.18742 0.0616345 0.00729518 3.18474 -0.129157 -0.486353 3.55685 -0.113457 -0.232889 3.61685 -0.0268463 -0.0233593 3.64468 -0.0864947 0.00794189 3.40124 -0.0537215 0.00737735 3.28793 -0.0611617 0.384109 3.26527 -0.0824398 0.760134 3.22999 -0.115446 0.00548764 3.49806 -0.105037 0.386682 3.50998 -0.127191 0.760035 3.54653 
0.0485532 -0.665842 3.41809 -0.0855333 -0.481264 3.39496 -0.0543342 -0.473576 3.24724 -0.0381259 -0.207548 3.18732 0.062946 0.0069728 3.1848 -0.128278 -0.486441 3.55706 -0.111836 -0.233163 3.61694 -0.0251351 -0.0253664 3.64415 -0.0865018 0.008792 3.40082 -0.0531261 0.00772297 3.28786 -0.0598177 0.385367 3.26552 -0.0806495 0.759631 3.23007 -0.115375 0.00630949 3.49799 -0.104713 0.390335 3.51206 -0.128484 0.760439 3.54575 
0.0502161 -0.665009 3.41838 -0.0825835 -0.480951 3.39612 -0.0539375 -0.473395 3.24718 -0.0378846 -0.207359 3.18712 0.0636825 0.00728187 3.18457 -0.126174 -0.486608 3.55802 -0.10925 -0.233421 3.61722 -0.022631 -0.0277253 3.64384 -0.0858597 0.00920107 3.40002 -0.0523788 0.00869227 3.28776 -0.0573969 0.386166 3.26601 -0.078689 0.758752 3.23019 -0.114934 0.00683014 3.49794 -0.10225 0.393132 3.51389 -0.129389 0.761246 3.54416 
0.0530364 -0.664599 3.41866 -0.0791221 -0.480269 3.39632 -0.0532294 -0.47305 3.24704 -0.0375508 -0.206932 3.18676 0.0637093 0.00725422 3.18405 -0.121787 -0.486924 3.55791 -0.10522 -0.233749 3.61774 -0.0190041 -0.0313481 3.64365 -0.0846997 0.00945765 3.39872 -0.0515582 0.00932166 3.28763 -0.0548024 0.38691 3.26715 -0.077064 0.758808 3.23034 -0.114033 0.00742495 3.49786 -0.0990689 0.395436 3.51431 -0.129762 0.761264 3.54332 
0.0566197 -0.664398 3.41888 -0.0754872 -0.479957 3.39563 -0.0518222 -0.473539 3.24678 -0.0370644 -0.207435 3.1861 0.0632864 0.0068081 3.18318 -0.116995 -0.486236 3.559 -0.102418 -0.233508 3.61813 -0.0162034 -0.0318553 3.64265 -0.0843863 0.00983008 3.39816 -0.0502424 0.00999004 3.2874 -0.0505242 0.386713 3.26948 -0.0744222 0.758014 3.23064 -0.114065 0.00851882 3.49768 -0.0956671 0.395659 3.5133 -0.129888 0.76207 3.54252 
0.061994 -0.664275 3.41902 -0.0698937 -0.479693 3.39618 -0.0490114 -0.473484 3.24631 -0.0363283 -0.207866 3.18496 0.0623019 0.0057322 3.1817 -0.107242 -0.485861 3.55957 -0.0991687 -0.232733 3.61883 -0.012002 -0.0309323 3.64089 -0.0846004 0.0105924 3.39805 -0.0477572 0.0112041 3.287 -0.041899 0.385496 3.27184 -0.0719809 0.757281 3.23139 -0.114664 0.00933566 3.49731 -0.0922197 0.394193 3.51032 -0.13183 0.763159 3.54147 
0.0685417 -0.662862 3.4194 -0.0639258 -0.479132 3.39596 -0.043473 -0.473006 3.24533 -0.0350319 -0.20876 3.18293 0.0627878 0.00476999 3.18081 -0.0939282 -0.485393 3.5599 -0.0951008 -0.231001 3.62003 -0.00564771 -0.0296135 3.63901 -0.0853509 0.0108676 3.39597 -0.0466001 0.0123676 3.28636 -0.0261226 0.384462 3.2757 -0.0703867 0.756417 3.2329 -0.116264 0.0105581 3.49648 -0.0825631 0.39122 3.50612 -0.132413 0.763584 3.5398 
0.0768355 -0.659431 3.41992 -0.0565877 -0.476114 3.39485 -0.0324364 -0.46875 3.2435 -0.0314923 -0.206107 3.1796 0.0623656 0.00673325 3.18073 -0.0786728 -0.482697 3.56016 -0.0879787 -0.229013 3.62237 0.00451048 -0.0300046 3.63686 -0.0873203 0.0139355 3.39336 -0.0463641 0.0157317 3.28533 -0.00544672 0.384102 3.27931 -0.0689298 0.7577 3.2337 -0.119799 0.013063 3.49514 -0.0688868 0.393902 3.50481 -0.131985 0.763567 3.53896 
0.0857901 -0.653427 3.42054 -0.0486102 -0.469763 3.39241 -0.0219114 -0.463769 3.24036 -0.0260347 -0.201221 3.17489 0.0666757 0.0107867 3.18084 -0.0675231 -0.475648 3.55884 -0.0800816 -0.225162 3.62496 0.0200618 -0.0346025 3.63487 -0.0896592 0.0188621 3.39092 -0.0491882 0.0206291 3.2834 0.00974911 0.384405 3.28202 -0.0672199 0.758761 3.2339 -0.122863 0.0185529 3.49422 -0.0531952 0.396024 3.50513 -0.130172 0.764457 3.53815 
0.0958099 -0.643194 3.42017 -0.0382666 -0.458499 3.38729 -0.00887313 -0.452131 3.23444 -0.0173803 -0.192762 3.16681 0.0789539 0.0143021 3.18331 -0.0608138 -0.465237 3.55504 -0.07896 -0.2158 3.6258 0.0336492 -0.0239261 3.63003 -0.0949488 0.0261366 3.38735 -0.0543222 0.0277214 3.28172 0.023628 0.387928 3.28544 -0.0664684 0.758997 3.23397 -0.126121 0.0250852 3.49315 -0.0313374 0.399117 3.50532 -0.12832 0.765044 3.53746 
0.105728 -0.633027 3.41996 -0.0248482 -0.442628 3.38198 0.00338843 -0.436131 3.23018 -0.00661073 -0.183983 3.15757 0.0992287 0.0128246 3.19003 -0.0556058 -0.450789 3.55149 -0.0775567 -0.206954 3.62623 0.051874 -0.0204384 3.62206 -0.0972065 0.0362799 3.38269 -0.0560412 0.0386846 3.27927 0.0395939 0.390474 3.28931 -0.0661968 0.760294 3.23355 -0.129105 0.0342276 3.49159 -0.0109129 0.401272 3.50649 -0.125476 0.764232 3.5368 
0.116059 -0.628263 3.41924 -0.0129437 -0.435109 3.37863 0.0121562 -0.429542 3.22779 0.00266359 -0.179636 3.15187 0.125004 0.00117458 3.20288 -0.0475705 -0.443546 3.54652 -0.0737529 -0.203822 3.6269 0.0736628 -0.0321162 3.6111 -0.0960065 0.0422004 3.37921 -0.0580975 0.0439455 3.27698 0.0446334 0.392462 3.28841 -0.0668389 0.760147 3.23275 -0.12665 0.0403012 3.48912 0.00234058 0.400503 3.50669 -0.12036 0.762951 3.53573 
0.127364 -0.631674 3.41907 -0.00227159 -0.441872 3.37548 0.0204518 -0.437065 3.22601 0.0131375 -0.197582 3.14908 0.149624 -0.0383579 3.21917 -0.0365296 -0.448447 3.54227 -0.065969 -0.210787 3.62797 0.102282 -0.0656258 3.59238 -0.0856209 0.0374766 3.37507 -0.0552775 0.0383723 3.27363 0.0404475 0.390735 3.28281 -0.0688567 0.758577 3.2311 -0.115359 0.0357668 3.48704 0.010794 0.396124 3.50411 -0.109983 0.758499 3.53334 
0.140533 -0.646916 3.4207 0.010171 -0.465074 3.37595 0.0324165 -0.461669 3.22611 0.0269918 -0.226763 3.14742 0.174312 -0.097978 3.2374 -0.0169485 -0.470932 3.54127 -0.0562935 -0.230429 3.62863 0.129028 -0.110558 3.57129 -0.0743547 0.0146778 3.36845 -0.051758 0.0158541 3.27018 0.0203594 0.376988 3.27436 -0.0781571 0.754224 3.22766 -0.100466 0.0144736 3.48465 0.0133468 0.379938 3.49941 -0.0880006 0.748827 3.52807 
0.15246 -0.665439 3.42368 0.0247022 -0.488446 3.37773 0.0494308 -0.486661 3.22787 0.0447225 -0.256478 3.14899 0.197247 -0.14951 3.25717 -0.00120429 -0.493743 3.54266 -0.0440162 -0.252003 3.62929 0.152066 -0.154473 3.55429 -0.067152 -0.0150324 3.36474 -0.0533488 -0.0136851 3.2671 -0.00621838 0.358813 3.26498 -0.0956987 0.74473 3.22046 -0.0839428 -0.0145929 3.48215 0.018482 0.35346 3.49409 -0.0557742 0.732628 3.51888 
0.163231 -0.680674 3.42805 0.0382085 -0.516226 3.38404 0.068691 -0.515565 3.23181 0.066566 -0.278994 3.15273 0.217112 -0.193661 3.27625 0.0112847 -0.51912 3.54775 -0.0308021 -0.2756 3.63012 0.173718 -0.198353 3.54362 -0.0603316 -0.0449197 3.36162 -0.0551274 -0.0434091 3.26403 -0.0432613 0.334836 3.25071 -0.138417 0.72247 3.20988 -0.064817 -0.0437642 3.4789 0.033172 0.325194 3.48795 -0.000588938 0.712431 3.50056 
0.173589 -0.685595 3.4311 0.0486233 -0.530402 3.39331 0.0874835 -0.529608 3.23562 0.0905511 -0.288021 3.15675 0.2359 -0.227757 3.2945 0.0196801 -0.530862 3.55408 -0.0193296 -0.285703 3.63165 0.190015 -0.224962 3.53718 -0.0552392 -0.0586086 3.35985 -0.0548078 -0.0574239 3.25961 -0.0731292 0.324505 3.23819 -0.208938 0.703216 3.19338 -0.0517013 -0.0561395 3.4753 0.0498878 0.314991 3.47968 0.0531665 0.704725 3.48499 
0.183015 -0.676638 3.43357 0.0575783 -0.526614 3.40111 0.103885 -0.526303 3.24096 0.111959 -0.282363 3.16247 0.251994 -0.246093 3.31171 0.0227585 -0.52603 3.5581 -0.0106033 -0.278213 3.63201 0.199973 -0.236504 3.53443 -0.0513856 -0.053724 3.35807 -0.0505925 -0.0518062 3.25496 -0.103625 0.324991 3.22732 -0.280424 0.685571 3.17164 -0.0456682 -0.0509299 3.47127 0.0728163 0.319879 3.47195 0.09063 0.70969 3.47044 
0.19097 -0.65208 3.43559 0.0659711 -0.499055 3.40738 0.120256 -0.49965 3.24612 0.132776 -0.259098 3.17235 0.265471 -0.251392 3.33055 0.0220433 -0.498813 3.55973 -0.000518186 -0.249763 3.63129 0.210631 -0.236588 3.53387 -0.0491252 -0.0262373 3.35575 -0.0425747 -0.0235812 3.2502 -0.131909 0.340214 3.21328 -0.34886 0.680772 3.14427 -0.0481333 -0.0238901 3.46712 0.104628 0.33501 3.46288 0.113771 0.725683 3.45025 
0.197601 -0.613607 3.43781 0.0703471 -0.457103 3.41125 0.130474 -0.456262 3.25017 0.156891 -0.219586 3.18067 0.274773 -0.246323 3.34932 0.019693 -0.456514 3.56031 0.0134012 -0.210477 3.63114 0.221662 -0.227137 3.53173 -0.0479166 0.0115205 3.35377 -0.0347953 0.0169398 3.24559 -0.157821 0.368616 3.19783 -0.40723 0.683988 3.12163 -0.0527455 0.0128074 3.46286 0.139473 0.355142 3.45539 0.119335 0.746404 3.43111 
0.203224 -0.566894 3.43973 0.0726038 -0.407105 3.41283 0.137072 -0.406462 3.25605 0.179516 -0.170145 3.18736 0.28173 -0.230766 3.36548 0.0181353 -0.406898 3.5601 0.032792 -0.166721 3.63033 0.229149 -0.21135 3.52674 -0.048868 0.0589015 3.35148 -0.0336891 0.0628284 3.24179 -0.170995 0.401359 3.18756 -0.452999 0.698543 3.10481 -0.0558151 0.0580182 3.45872 0.173652 0.374659 3.45086 0.118666 0.756607 3.42092 
0.207978 -0.516721 3.44069 0.074046 -0.35545 3.41333 0.139166 -0.356587 3.2602 0.19791 -0.118985 3.19595 0.284137 -0.206666 3.37969 0.0167824 -0.355777 3.55923 0.0503754 -0.116113 3.6286 0.235203 -0.1893 3.52177 -0.0503118 0.104035 3.34842 -0.0362659 0.109417 3.23733 -0.166376 0.443659 3.18054 -0.475693 0.710547 3.09155 -0.0586152 0.101952 3.45133 0.199803 0.389918 3.4497 0.108901 0.760657 3.41684 
0.212967 -0.463595 3.44083 0.0759086 -0.295043 3.41347 0.140066 -0.297527 3.26031 0.21061 -0.0649044 3.20619 0.287552 -0.177043 3.39017 0.0174896 -0.296896 3.55744 0.0693307 -0.059367 3.62543 0.238645 -0.164154 3.51277 -0.0533339 0.154994 3.34552 -0.0402212 0.159566 3.23456 -0.145255 0.499239 3.17356 -0.47508 0.728293 3.07821 -0.061197 0.152738 3.44354 0.206136 0.405902 3.45172 0.0862178 0.76034 3.41639 
0.216717 -0.412599 3.44062 0.07638 -0.247377 3.41128 0.139911 -0.249141 3.25754 0.216158 -0.0187509 3.2123 0.287552 -0.14524 3.39747 0.0177292 -0.249253 3.55622 0.0857151 -0.0113561 3.62151 0.240237 -0.137863 3.50761 -0.0554227 0.199503 3.3411 -0.0413592 0.204909 3.23173 -0.102015 0.551561 3.16486 -0.438308 0.742264 3.07037 -0.0630517 0.196743 3.43901 0.187153 0.419183 3.45475 0.0342966 0.748763 3.41705 
0.219096 -0.370604 3.43934 0.0751664 -0.205719 3.40831 0.13776 -0.208082 3.25303 0.216412 0.0191582 3.21596 0.286548 -0.116036 3.39898 0.0168725 -0.207976 3.55507 0.0979812 0.0279997 3.61605 0.241258 -0.112381 3.50408 -0.0577367 0.237066 3.33658 -0.0469581 0.242435 3.22944 -0.123295 0.600736 3.16104 -0.48194 0.726247 3.07409 -0.0625422 0.233393 3.43608 0.216737 0.42409 3.45716 0.0730409 0.759668 3.41641 
0.219701 -0.329116 3.43707 0.0743934 -0.167009 3.40599 0.135335 -0.167491 3.24759 0.217969 0.0581723 3.2186 0.285774 -0.0871501 3.40016 0.0149458 -0.167458 3.5538 0.106167 0.0662394 3.60996 0.242682 -0.0881989 3.49941 -0.0593925 0.274971 3.33198 -0.0494731 0.281501 3.22626 -0.12685 0.643404 3.15204 -0.493672 0.713504 3.07477 -0.0625967 0.269602 3.43406 0.239747 0.428427 3.46142 0.100827 0.768194 3.41566 
0.218047 -0.293107 3.43494 0.0727927 -0.131861 3.40601 0.130608 -0.129849 3.24633 0.218758 0.0901844 3.21809 0.283413 -0.0600348 3.399 0.0127833 -0.133563 3.55427 0.111884 0.0969978 3.60416 0.242255 -0.064821 3.49642 -0.0605073 0.306597 3.3273 -0.0518208 0.312906 3.22552 -0.117992 0.675717 3.14542 -0.488099 0.707942 3.07427 -0.0610838 0.29968 3.43173 0.247777 0.431271 3.46777 0.106352 0.770239 3.41522 
0.217514 -0.264379 3.43249 0.0703332 -0.104856 3.40605 0.123558 -0.102544 3.24646 0.221654 0.114342 3.2192 0.281231 -0.038379 3.39813 0.0122147 -0.107843 3.55447 0.117135 0.122586 3.60032 0.243364 -0.0434724 3.49255 -0.0606372 0.330915 3.32535 -0.0546916 0.335863 3.22567 -0.0960275 0.695304 3.14005 -0.466869 0.709603 3.07478 -0.0588645 0.324552 3.42899 0.242122 0.43542 3.47477 0.0926457 0.765527 3.41526 
0.216189 -0.244017 3.43073 0.0669176 -0.0848301 3.40628 0.116393 -0.0862786 3.24818 0.220569 0.13461 3.22009 0.277324 -0.0194474 3.39507 0.011222 -0.0853697 3.55437 0.120531 0.145862 3.59728 0.242902 -0.0269533 3.48508 -0.0616614 0.349403 3.32453 -0.0572531 0.351755 3.22608 -0.0507112 0.706006 3.13356 -0.42865 0.718374 3.07789 -0.0580692 0.343115 3.42762 0.219913 0.443711 3.48145 0.0579656 0.752598 3.41559 
0.213706 -0.228009 3.42953 0.0633045 -0.0709838 3.40697 0.111558 -0.074325 3.24981 0.216398 0.149478 3.22022 0.273409 -0.00511545 3.39175 0.00966675 -0.0695283 3.55422 0.123264 0.160541 3.59511 0.241898 -0.0140304 3.4826 -0.0621131 0.361018 3.32517 -0.0611583 0.361681 3.22754 -0.0721038 0.726483 3.135 -0.442543 0.707663 3.08869 -0.0575686 0.355494 3.42771 0.245368 0.433827 3.48326 0.0967077 0.763968 3.41593 
0.209733 -0.215039 3.42877 0.0601511 -0.060984 3.40642 0.104634 -0.0639398 3.25025 0.211667 0.160532 3.22001 0.268989 0.00496096 3.38895 0.00955238 -0.0590947 3.55421 0.124612 0.170141 3.59332 0.240651 -0.00235725 3.48508 -0.0626214 0.369426 3.32541 -0.0658461 0.370635 3.22799 -0.0702178 0.734907 3.13331 -0.43875 0.708093 3.09616 -0.0579019 0.365299 3.42741 0.256212 0.42857 3.48513 0.112631 0.767175 3.41703 
0.205453 -0.206468 3.4283 0.0582205 -0.0550148 3.40653 0.0987565 -0.0565113 3.25197 0.206855 0.166024 3.21851 0.265139 0.0112358 3.38632 0.0108513 -0.0541184 3.5543 0.124847 0.175101 3.59132 0.238849 0.00802431 3.48853 -0.0643095 0.375832 3.32525 -0.0691414 0.377886 3.22783 -0.0457466 0.732334 3.12753 -0.418829 0.71782 3.0987 -0.0614804 0.372605 3.42673 0.261238 0.426113 3.48569 0.120868 0.770738 3.41899 
0.200875 -0.201434 3.42823 0.0541408 -0.051889 3.40742 0.0935928 -0.0514591 3.25376 0.202629 0.167662 3.21691 0.261675 0.0137491 3.38352 0.00964138 -0.0502323 3.5544 0.124302 0.17799 3.59008 0.23667 0.0155629 3.49058 -0.0672895 0.379738 3.32434 -0.0721415 0.383658 3.22714 -0.0800538 0.746384 3.12872 -0.448666 0.712835 3.1054 -0.066863 0.376094 3.42707 0.264343 0.422983 3.48692 0.125528 0.774574 3.42112 
0.195749 -0.201491 3.42861 0.050273 -0.0522141 3.40938 0.0885717 -0.0516214 3.2564 0.199775 0.166194 3.21471 0.259664 0.0108813 3.38153 0.00736976 -0.0499317 3.55452 0.124673 0.178592 3.58939 0.233658 0.0181155 3.49146 -0.071117 0.380706 3.32247 -0.074401 0.385642 3.22579 -0.0953011 0.750065 3.12833 -0.464831 0.70997 3.11104 -0.0726264 0.376323 3.42657 0.263515 0.42031 3.48695 0.126662 0.776192 3.42208 
0.190822 -0.206848 3.42957 0.0494501 -0.0543319 3.41073 0.0854439 -0.055498 3.25892 0.19988 0.15975 3.21299 0.259214 0.00209038 3.37994 0.00519286 -0.0515629 3.55474 0.12702 0.174952 3.58881 0.231795 0.0148571 3.4916 -0.0722217 0.377627 3.32066 -0.0767619 0.382582 3.22355 -0.102354 0.748022 3.12876 -0.474926 0.710859 3.11361 -0.0733607 0.372803 3.42538 0.261663 0.419526 3.48584 0.127249 0.77649 3.42255 
0.186833 -0.217508 3.43122 0.0486173 -0.06048 3.4126 0.082596 -0.0646291 3.26283 0.202458 0.146756 3.21099 0.259986 -0.0140881 3.37859 0.00439213 -0.0579008 3.55525 0.131419 0.167594 3.58982 0.232435 0.00423245 3.48941 -0.0727321 0.371346 3.32013 -0.0791518 0.374678 3.22108 -0.106474 0.742248 3.12971 -0.482729 0.712158 3.11484 -0.0719779 0.366652 3.42463 0.260318 0.419866 3.48313 0.127761 0.77575 3.42286 
0.182993 -0.233133 3.43257 0.0473028 -0.0740476 3.41611 0.0814369 -0.0794088 3.26804 0.207349 0.124907 3.20776 0.260503 -0.0362091 3.37709 0.0041837 -0.0691121 3.55632 0.137895 0.153427 3.59098 0.232402 -0.014172 3.48678 -0.0726111 0.359056 3.32063 -0.0808165 0.360694 3.21935 -0.110244 0.729574 3.13207 -0.490763 0.714324 3.1138 -0.0714066 0.354243 3.42387 0.257837 0.422033 3.4791 0.12899 0.7753 3.42321 
0.17922 -0.253831 3.43395 0.049733 -0.0952387 3.41795 0.083323 -0.100166 3.27213 0.216592 0.0951266 3.20462 0.263248 -0.0643951 3.37659 0.00480018 -0.0870715 3.55864 0.144315 0.131106 3.59275 0.234338 -0.0363396 3.48759 -0.0714237 0.343712 3.32041 -0.0816194 0.345608 3.21743 -0.116578 0.712981 3.13441 -0.500316 0.716449 3.11281 -0.070025 0.339436 3.42294 0.255303 0.421875 3.47477 0.129024 0.77507 3.42333 
0.175299 -0.280836 3.43552 0.0497319 -0.12065 3.41907 0.0840293 -0.126896 3.27465 0.224463 0.0586039 3.20127 0.266067 -0.0992305 3.37671 0.00401657 -0.109779 3.561 0.150617 0.102898 3.59617 0.236941 -0.0718149 3.48993 -0.0702622 0.32214 3.32118 -0.0796675 0.324427 3.21618 -0.124124 0.690038 3.13738 -0.510081 0.717286 3.11099 -0.0693458 0.318177 3.42338 0.251881 0.4214 3.46939 0.127878 0.774839 3.42331 
0.170913 -0.321258 3.43728 0.0522111 -0.153973 3.41979 0.0871135 -0.162647 3.27663 0.229945 0.0153077 3.19807 0.268042 -0.141092 3.37733 0.00353062 -0.145251 3.56234 0.154732 0.0649043 3.60074 0.238517 -0.112293 3.48932 -0.0683868 0.291213 3.32332 -0.0746853 0.29108 3.21749 -0.131965 0.655873 3.1415 -0.515814 0.717946 3.10795 -0.066407 0.287397 3.42467 0.246291 0.420136 3.46474 0.124612 0.774207 3.42312 
0.166265 -0.371707 3.43833 0.0541803 -0.204577 3.42078 0.0914941 -0.214755 3.27905 0.237652 -0.0426512 3.19713 0.268605 -0.195082 3.37698 0.00390496 -0.194051 3.5632 0.159096 0.00867177 3.60987 0.239776 -0.164022 3.49272 -0.0628886 0.245429 3.32813 -0.0647947 0.244698 3.21967 -0.138717 0.601148 3.15092 -0.514209 0.722204 3.0996 -0.0600465 0.242931 3.42795 0.234907 0.415311 3.45812 0.114033 0.770246 3.42279 
0.163524 -0.420542 3.43895 0.0552641 -0.25185 3.4218 0.0967216 -0.264089 3.27993 0.243002 -0.0945778 3.19712 0.269041 -0.245458 3.37694 0.00364426 -0.239962 3.56391 0.163982 -0.0447045 3.6184 0.244663 -0.218439 3.49536 -0.0571461 0.19803 3.33526 -0.0538813 0.198755 3.22283 -0.134266 0.54529 3.15844 -0.493006 0.723472 3.09263 -0.0564722 0.197729 3.43241 0.212022 0.410609 3.45434 0.0895903 0.761453 3.42209 
0.161865 -0.47211 3.43919 0.0563721 -0.307134 3.42302 0.0981417 -0.319842 3.28159 0.242058 -0.146432 3.19749 0.267806 -0.295981 3.37576 0.00511624 -0.296168 3.56446 0.165787 -0.102258 3.62456 0.247498 -0.271223 3.49891 -0.0512752 0.146048 3.3411 -0.0406151 0.148717 3.22796 -0.104699 0.483556 3.16361 -0.4282 0.722982 3.08775 -0.0578665 0.145289 3.43768 0.163486 0.401508 3.45367 0.03548 0.743641 3.42283 
0.160795 -0.531217 3.43886 0.0545232 -0.372536 3.42468 0.0962258 -0.384887 3.28174 0.234041 -0.204985 3.19792 0.26552 -0.346163 3.37323 0.00609147 -0.362723 3.56493 0.165714 -0.161517 3.6286 0.249709 -0.327587 3.50095 -0.0460946 0.0862351 3.34561 -0.0392971 0.0857548 3.23319 -0.139411 0.416813 3.17567 -0.432745 0.686258 3.10585 -0.0484495 0.0888941 3.44353 0.170287 0.385871 3.44978 0.0793481 0.755948 3.42352 
0.161993 -0.582178 3.43828 0.0540169 -0.428686 3.42447 0.0951234 -0.438517 3.28193 0.222873 -0.24937 3.19608 0.263026 -0.386655 3.37045 0.00964411 -0.418115 3.56527 0.165689 -0.209596 3.63096 0.253285 -0.372655 3.4965 -0.04271 0.0384862 3.34854 -0.039531 0.0369861 3.23523 -0.142568 0.375036 3.18853 -0.401733 0.670027 3.12777 -0.0413674 0.0426097 3.4473 0.145416 0.37115 3.4465 0.0867986 0.754852 3.42641 
0.163555 -0.625693 3.43741 0.0546947 -0.479104 3.42433 0.0941143 -0.487937 3.27896 0.210983 -0.288146 3.19174 0.260556 -0.418518 3.36704 0.0133657 -0.468463 3.5655 0.163774 -0.247622 3.63104 0.255082 -0.409631 3.49012 -0.0400311 -0.00418586 3.35071 -0.0375729 -0.0045307 3.23696 -0.125974 0.345893 3.20433 -0.338232 0.668168 3.15711 -0.0393447 0.000161493 3.45016 0.100106 0.354298 3.44426 0.0631071 0.74144 3.43306 
0.164678 -0.664283 3.43579 0.0546584 -0.526772 3.42388 0.0898926 -0.534018 3.27296 0.194509 -0.317927 3.18556 0.25667 -0.443532 3.36075 0.0188867 -0.513397 3.56542 0.162621 -0.279505 3.62774 0.256218 -0.437881 3.4809 -0.0416912 -0.046335 3.35337 -0.0344583 -0.0461232 3.24121 -0.0896805 0.325976 3.22548 -0.234336 0.675941 3.199 -0.0434328 -0.0400857 3.45355 0.0401739 0.334207 3.44416 -0.000188917 0.715702 3.43967 
0.164775 -0.6836 3.43311 0.0517566 -0.547944 3.42264 0.0803471 -0.554847 3.2651 0.181177 -0.330595 3.17901 0.250695 -0.453551 3.35408 0.0246828 -0.534503 3.56479 0.16118 -0.291769 3.62357 0.255054 -0.447072 3.47229 -0.0438648 -0.0651131 3.35523 -0.0311532 -0.0665135 3.2446 -0.0421685 0.316188 3.24512 -0.134357 0.688801 3.23408 -0.0496841 -0.0586907 3.45844 -0.00241178 0.323427 3.44516 -0.0901649 0.69336 3.44427 
0.162888 -0.686446 3.42901 0.0469212 -0.550045 3.41968 0.0696194 -0.557319 3.25586 0.167661 -0.327985 3.17137 0.244609 -0.449726 3.34633 0.0273602 -0.536056 3.56344 0.158974 -0.289265 3.61717 0.252901 -0.443818 3.46412 -0.0463284 -0.067065 3.35716 -0.0269126 -0.0669369 3.24874 -0.00150182 0.317856 3.26305 -0.0541992 0.703583 3.26688 -0.0554336 -0.0595361 3.46304 -0.0330976 0.326309 3.44663 -0.183655 0.674871 3.44886 
0.160839 -0.668644 3.42295 0.0397395 -0.530413 3.41316 0.0592472 -0.537692 3.24699 0.154284 -0.307381 3.16443 0.236814 -0.430537 3.3365 0.0268696 -0.51899 3.56047 0.155525 -0.269919 3.60769 0.247768 -0.423029 3.45594 -0.0485315 -0.0460167 3.36005 -0.0217761 -0.0430443 3.25547 0.0411699 0.334431 3.27752 0.0269465 0.728395 3.29781 -0.062244 -0.0413927 3.46967 -0.0606127 0.343166 3.45244 -0.288019 0.649941 3.45489 
0.157905 -0.632317 3.4155 0.0308874 -0.492656 3.40441 0.0474177 -0.500192 3.24143 0.141953 -0.270415 3.15914 0.229924 -0.39707 3.32589 0.0225936 -0.484498 3.55457 0.153204 -0.234045 3.59978 0.241466 -0.389692 3.44776 -0.0511604 -0.00325845 3.36323 -0.0163704 0.000731607 3.26036 0.0996942 0.358502 3.28997 0.0810301 0.747151 3.31708 -0.0713279 -0.00142857 3.47357 -0.0917718 0.373079 3.45933 -0.381032 0.644508 3.45912 
0.154652 -0.577819 3.40553 0.0218353 -0.436758 3.39315 0.0360381 -0.441625 3.23322 0.135081 -0.215396 3.15527 0.224118 -0.34845 3.31628 0.0175361 -0.430228 3.54735 0.149487 -0.186299 3.59232 0.235507 -0.340238 3.4393 -0.0555335 0.0510567 3.36666 -0.0165572 0.0545476 3.26476 0.153111 0.382148 3.30135 0.108997 0.76 3.32825 -0.0811439 0.0520279 3.47695 -0.123389 0.417319 3.46689 -0.450496 0.664505 3.46454 
0.151717 -0.518561 3.3944 0.0153444 -0.370982 3.38127 0.0258939 -0.373342 3.22611 0.131131 -0.151296 3.15307 0.218799 -0.293658 3.30958 0.0141163 -0.368377 3.53733 0.142264 -0.132949 3.58733 0.229404 -0.281719 3.43194 -0.0629066 0.109944 3.36981 -0.0230976 0.112871 3.27067 0.191845 0.40221 3.30608 0.122791 0.765159 3.33316 -0.0976438 0.109971 3.48105 -0.150617 0.474058 3.47327 -0.50402 0.689782 3.46798 
0.150527 -0.458026 3.38343 0.0121898 -0.298317 3.37027 0.0183145 -0.297224 3.21969 0.128484 -0.0756597 3.15225 0.212724 -0.230184 3.3054 0.0123064 -0.301025 3.52667 0.134743 -0.0762204 3.58256 0.223739 -0.224125 3.42417 -0.0741108 0.173851 3.3744 -0.0353119 0.175924 3.27511 0.217439 0.423013 3.30597 0.128073 0.768823 3.33424 -0.111531 0.172625 3.48282 -0.165258 0.535308 3.47522 -0.540934 0.711863 3.46542 
0.150995 -0.409816 3.37396 0.0104832 -0.240772 3.36392 0.0155596 -0.23697 3.21343 0.126009 -0.0156035 3.15318 0.207476 -0.177948 3.30251 0.0102685 -0.247302 3.51668 0.127523 -0.0288032 3.57928 0.217045 -0.176518 3.4199 -0.084738 0.224703 3.38025 -0.0445723 0.224263 3.27752 0.230343 0.442333 3.30593 0.128108 0.77537 3.33483 -0.120599 0.223077 3.48483 -0.170323 0.592143 3.47595 -0.555489 0.725854 3.46525 
0.152405 -0.366482 3.3646 0.00972993 -0.195986 3.35913 0.0155815 -0.190509 3.20728 0.125908 0.0340631 3.15516 0.204287 -0.134419 3.30021 0.00869058 -0.204156 3.50729 0.123613 0.0104643 3.57821 0.212025 -0.135154 3.41551 -0.0918133 0.262207 3.38455 -0.0524051 0.260405 3.27949 0.237274 0.455625 3.30617 0.127416 0.781087 3.33441 -0.127461 0.261336 3.48641 -0.166976 0.634053 3.47675 -0.556407 0.7337 3.46644 
0.155099 -0.329339 3.35533 0.00976185 -0.155964 3.35339 0.0164961 -0.149562 3.20069 0.126628 0.0771608 3.15778 0.203289 -0.0956696 3.29906 0.00815886 -0.168605 3.49982 0.122872 0.0438913 3.57874 0.20996 -0.101744 3.41197 -0.0974019 0.293106 3.38684 -0.0595115 0.290343 3.27977 0.240667 0.463171 3.30675 0.126498 0.791705 3.33286 -0.133876 0.293869 3.48801 -0.156933 0.674131 3.4783 -0.547503 0.735973 3.46775 
0.157882 -0.302563 3.34586 0.0104011 -0.129764 3.3492 0.0181527 -0.122984 3.19089 0.129351 0.107762 3.16128 0.204093 -0.0681339 3.29854 0.00949838 -0.141579 3.49534 0.123503 0.0721121 3.57846 0.209423 -0.0751807 3.40865 -0.103393 0.317713 3.38697 -0.0666553 0.313606 3.27931 0.24409 0.460747 3.30623 0.130617 0.779606 3.32398 -0.140546 0.318068 3.48857 -0.14494 0.700763 3.48065 -0.534058 0.736502 3.46804 
0.161891 -0.278956 3.33616 0.012291 -0.107547 3.34439 0.0217084 -0.096977 3.18209 0.133526 0.133366 3.1624 0.207184 -0.0444813 3.2976 0.0142433 -0.120596 3.49166 0.127497 0.095292 3.57706 0.210825 -0.0516476 3.40728 -0.109014 0.337875 3.38655 -0.073278 0.335408 3.27998 0.245907 0.461975 3.30736 0.131208 0.775046 3.31926 -0.14563 0.338122 3.48868 -0.135139 0.724065 3.48239 -0.518254 0.735984 3.46698 
0.166052 -0.257506 3.32736 0.0162147 -0.0842911 3.33872 0.027649 -0.074699 3.17469 0.139776 0.156399 3.1617 0.212765 -0.0261042 3.29643 0.0186551 -0.0991652 3.48675 0.131067 0.113495 3.57428 0.213973 -0.03142 3.40428 -0.117657 0.35253 3.38525 -0.0786783 0.352757 3.27986 0.246186 0.467941 3.30944 0.130511 0.774032 3.31791 -0.155444 0.353695 3.48855 -0.130573 0.741871 3.48506 -0.507075 0.738624 3.46538 
0.169218 -0.243788 3.3207 0.0190397 -0.0720459 3.33453 0.0323144 -0.0630914 3.16777 0.145787 0.174052 3.16201 0.218471 -0.0114642 3.29674 0.0201231 -0.0863289 3.4826 0.134484 0.127483 3.57232 0.216207 -0.0176406 3.40063 -0.12495 0.36297 3.38462 -0.0818951 0.363667 3.27927 0.24452 0.471272 3.31338 0.129276 0.774203 3.3185 -0.163472 0.363578 3.48831 -0.128051 0.751411 3.48889 -0.502103 0.742569 3.46462 
0.171501 -0.234154 3.3166 0.0208437 -0.0643588 3.32951 0.0409804 -0.0543175 3.16221 0.151981 0.184946 3.1631 0.22372 -0.000922795 3.29714 0.0178855 -0.077382 3.47954 0.13559 0.138163 3.57195 0.218805 -0.00854019 3.39879 -0.130274 0.370331 3.38454 -0.0836544 0.371193 3.27822 0.243277 0.474306 3.31796 0.128181 0.774391 3.31882 -0.171556 0.370284 3.48789 -0.128128 0.759041 3.49308 -0.499403 0.74778 3.46183 
0.173636 -0.227928 3.31425 0.0217766 -0.0603656 3.32611 0.0468056 -0.0483133 3.16012 0.156946 0.190534 3.16444 0.227808 0.00421298 3.29731 0.0144487 -0.072967 3.47862 0.135156 0.144394 3.57149 0.221033 -0.00207132 3.39841 -0.135979 0.374763 3.38497 -0.0844238 0.376039 3.27805 0.241513 0.475444 3.32167 0.126571 0.774532 3.3192 -0.178102 0.374783 3.48687 -0.129153 0.76247 3.49917 -0.497572 0.749933 3.45766 
0.174931 -0.227025 3.31313 0.0225369 -0.0599662 3.32228 0.0486065 -0.0463396 3.15821 0.161408 0.189768 3.16546 0.23007 0.00354979 3.29719 0.0139152 -0.0719991 3.47706 0.135212 0.146378 3.57086 0.222961 -0.00108165 3.39795 -0.140936 0.377531 3.38626 -0.0849592 0.378134 3.27886 0.240351 0.475428 3.32627 0.125725 0.775008 3.31966 -0.181645 0.375212 3.48665 -0.131618 0.761035 3.50773 -0.497732 0.757902 3.45162 
0.17579 -0.232262 3.313 0.0235272 -0.0646449 3.32085 0.0494222 -0.0522815 3.15789 0.164924 0.183938 3.16543 0.230595 -0.000496632 3.29639 0.013906 -0.0766613 3.47649 0.135825 0.141338 3.5712 0.223554 -0.0053593 3.39698 -0.14435 0.37188 3.38678 -0.086382 0.372488 3.27861 0.238851 0.471464 3.33161 0.125155 0.774546 3.31994 -0.184494 0.37037 3.48705 -0.137199 0.753847 3.51826 -0.499713 0.760358 3.44577 
0.176584 -0.242419 3.31385 0.0248852 -0.0733603 3.32102 0.0507607 -0.0611697 3.15886 0.166888 0.173674 3.16607 0.230868 -0.0103658 3.29617 0.014463 -0.0857444 3.47661 0.139109 0.128874 3.57262 0.224685 -0.0171134 3.3981 -0.145068 0.362333 3.38691 -0.0865189 0.363089 3.27948 0.237274 0.46429 3.3357 0.12486 0.772833 3.32036 -0.185786 0.360398 3.48629 -0.143905 0.741244 3.52611 -0.505851 0.762905 3.43937 
0.176522 -0.259562 3.31583 0.0253899 -0.0895859 3.32267 0.0535782 -0.0765462 3.16153 0.169356 0.154077 3.16687 0.230907 -0.0269141 3.29615 0.0141544 -0.10253 3.47714 0.144122 0.108053 3.57409 0.226354 -0.0341551 3.40092 -0.143122 0.345092 3.38659 -0.085301 0.346273 3.27962 0.237504 0.455065 3.33806 0.124717 0.772031 3.3211 -0.183793 0.343317 3.48593 -0.152863 0.722311 3.52732 -0.515198 0.759733 3.43381 
0.176173 -0.286772 3.31914 0.0271216 -0.115926 3.32646 0.0564984 -0.102151 3.16711 0.174028 0.126096 3.16715 0.231251 -0.0510122 3.29686 0.0158171 -0.129393 3.4781 0.151097 0.0823298 3.5765 0.227334 -0.0588699 3.40266 -0.138257 0.320435 3.38788 -0.0818022 0.321486 3.28141 0.237435 0.447211 3.33999 0.124477 0.771557 3.32245 -0.180445 0.318161 3.48629 -0.162095 0.696891 3.52259 -0.527488 0.75288 3.42934 
0.176304 -0.314575 3.32303 0.0292824 -0.14146 3.32914 0.059488 -0.128073 3.17097 0.178946 0.0972045 3.16726 0.233689 -0.0803024 3.29867 0.019158 -0.157582 3.4776 0.158233 0.0512092 3.58041 0.231241 -0.0874873 3.40428 -0.130266 0.293028 3.38824 -0.0755868 0.29569 3.2827 0.237388 0.439307 3.34226 0.123895 0.771397 3.32243 -0.17386 0.291266 3.48647 -0.168144 0.67111 3.5175 -0.539063 0.746668 3.42839 
0.177968 -0.348512 3.32808 0.0355728 -0.17348 3.33208 0.0624185 -0.156541 3.17488 0.18433 0.0629508 3.16958 0.238947 -0.114461 3.30083 0.0252675 -0.190709 3.47797 0.166831 0.019205 3.58428 0.237278 -0.120922 3.40767 -0.118668 0.263821 3.38845 -0.0652226 0.268313 3.28457 0.237279 0.433926 3.34362 0.122514 0.771168 3.32362 -0.162603 0.261928 3.48696 -0.172632 0.638942 3.5129 -0.545765 0.741355 3.43067 
0.180848 -0.388397 3.33354 0.0462334 -0.216473 3.33664 0.0680191 -0.198821 3.18051 0.192391 0.0220039 3.17059 0.24574 -0.153977 3.30227 0.0377572 -0.231684 3.48079 0.175995 -0.0207968 3.58813 0.243753 -0.159425 3.40836 -0.102642 0.229151 3.39024 -0.0500995 0.233919 3.2872 0.236279 0.426031 3.34499 0.119489 0.770565 3.32678 -0.147897 0.225831 3.48781 -0.175893 0.592258 3.50815 -0.548673 0.736518 3.43915 
0.184749 -0.428587 3.34038 0.0564477 -0.254386 3.33991 0.076103 -0.237864 3.18572 0.200663 -0.018889 3.17132 0.254496 -0.192941 3.30352 0.0482346 -0.268202 3.48309 0.185656 -0.0614099 3.58947 0.251852 -0.199939 3.40873 -0.084869 0.19603 3.39207 -0.0334712 0.201899 3.28923 0.232082 0.415879 3.34542 0.114931 0.768627 3.32907 -0.130051 0.1907 3.48956 -0.173234 0.546449 3.50328 -0.539776 0.727748 3.44661 
0.189901 -0.472201 3.34668 0.0673387 -0.295885 3.34358 0.0877906 -0.278787 3.18804 0.21137 -0.0611741 3.17214 0.266452 -0.235851 3.30459 0.0554881 -0.309986 3.4861 0.196369 -0.10182 3.59038 0.262174 -0.242965 3.41031 -0.0636602 0.15947 3.39251 -0.0141781 0.164797 3.28911 0.220291 0.405183 3.34519 0.101424 0.76466 3.33019 -0.108709 0.152107 3.49048 -0.162302 0.501702 3.49834 -0.512114 0.717496 3.4563 
0.19548 -0.521382 3.35466 0.078653 -0.340858 3.34705 0.0980631 -0.32769 3.19052 0.221321 -0.111512 3.17126 0.278362 -0.28127 3.30592 0.0673171 -0.354254 3.48906 0.208098 -0.147748 3.59117 0.275364 -0.29258 3.41358 -0.0436931 0.117203 3.39145 0.000350027 0.122995 3.28697 0.191943 0.392083 3.34268 0.0686128 0.755847 3.33031 -0.0819154 0.10909 3.49041 -0.134966 0.453751 3.4933 -0.450145 0.705446 3.46279 
0.203203 -0.580935 3.36256 0.0926684 -0.40503 3.35213 0.110011 -0.393648 3.19842 0.228845 -0.174882 3.16957 0.288803 -0.338495 3.30781 0.079064 -0.417718 3.49298 0.216482 -0.204483 3.59257 0.289244 -0.350805 3.41755 -0.0207745 0.0594051 3.38884 0.00850613 0.0658225 3.2859 0.125049 0.370781 3.33764 -0.00370906 0.735938 3.32978 -0.0490507 0.0513722 3.49032 -0.0753447 0.40087 3.48834 -0.321377 0.695508 3.46793 
0.211624 -0.630474 3.36902 0.10394 -0.461227 3.35595 0.12227 -0.452818 3.20562 0.237156 -0.225638 3.16904 0.298785 -0.383859 3.31094 0.0892225 -0.470351 3.49775 0.222909 -0.252324 3.59525 0.301955 -0.399712 3.42017 -0.00449944 0.0107235 3.38522 0.0220768 0.0189605 3.28388 0.10323 0.352237 3.32547 -0.00808261 0.725222 3.3254 -0.0312182 0.00388617 3.49015 -0.0619124 0.360464 3.48722 -0.262355 0.68551 3.47461 
0.21978 -0.669962 3.3744 0.114154 -0.507785 3.35977 0.137065 -0.500991 3.21042 0.246096 -0.267295 3.17041 0.309182 -0.419013 3.31633 0.0965216 -0.515935 3.50331 0.227751 -0.291714 3.59847 0.314538 -0.438707 3.42821 0.00728054 -0.0315645 3.38058 0.0393972 -0.0212844 3.28222 0.101144 0.338337 3.31231 0.0330632 0.721495 3.31801 -0.0187513 -0.0400819 3.48971 -0.0679023 0.328487 3.48667 -0.241451 0.671625 3.47956 
0.227746 -0.701314 3.37944 0.124379 -0.549415 3.36311 0.151764 -0.543397 3.21496 0.255832 -0.30024 3.17239 0.319629 -0.446607 3.32331 0.106292 -0.556994 3.51233 0.230637 -0.321839 3.60338 0.327109 -0.470692 3.4372 0.0158118 -0.0686655 3.37468 0.0465369 -0.0609095 3.28056 0.0703005 0.318426 3.29769 0.00589055 0.69896 3.31179 -0.00587221 -0.0756794 3.4885 -0.0401282 0.305051 3.48458 -0.15981 0.669251 3.47943 
0.234295 -0.717764 3.38354 0.131657 -0.569951 3.3675 0.16126 -0.564135 3.21876 0.267981 -0.320267 3.17718 0.327483 -0.464054 3.33196 0.115103 -0.57671 3.52011 0.232218 -0.335924 3.60985 0.337162 -0.487592 3.44916 0.0252248 -0.0897108 3.37131 0.0463928 -0.083383 3.28009 0.0302488 0.303393 3.28881 -0.0766779 0.676511 3.29371 0.0102584 -0.0940056 3.48807 0.0150307 0.298174 3.48052 -0.0504012 0.674691 3.47296 
0.237994 -0.714644 3.38773 0.13716 -0.567729 3.37099 0.167559 -0.563151 3.22197 0.27749 -0.323356 3.18185 0.332834 -0.465387 3.34173 0.116615 -0.573664 3.52648 0.23275 -0.331611 3.6155 0.343439 -0.487407 3.4584 0.0335423 -0.0862964 3.37006 0.047586 -0.0815788 3.27973 0.00036759 0.305419 3.2834 -0.166715 0.66008 3.28089 0.0255468 -0.0882813 3.48758 0.0710281 0.304916 3.47465 0.0391999 0.693096 3.46132 
0.239898 -0.695173 3.39109 0.139488 -0.543807 3.37552 0.170472 -0.540888 3.22409 0.285636 -0.309708 3.18629 0.337533 -0.452173 3.35144 0.114074 -0.5481 3.53035 0.23408 -0.308994 3.6194 0.346907 -0.468767 3.4637 0.0428127 -0.061219 3.37028 0.0474055 -0.0579589 3.27944 -0.0271267 0.319922 3.2785 -0.26094 0.64486 3.26358 0.0449935 -0.0597316 3.48683 0.139958 0.324566 3.46631 0.105622 0.717466 3.44691 
0.241502 -0.655066 3.39451 0.139616 -0.498369 3.38135 0.173482 -0.496758 3.22642 0.292769 -0.275887 3.19093 0.341256 -0.421109 3.35888 0.110873 -0.501454 3.53387 0.233969 -0.27085 3.62159 0.349322 -0.433568 3.46715 0.0493004 -0.0125293 3.37211 0.0458879 -0.012029 3.27899 -0.0560553 0.351075 3.27286 -0.341172 0.644252 3.24307 0.0605867 -0.0113491 3.48568 0.209995 0.348123 3.45552 0.144563 0.7421 3.43135 
0.245535 -0.606039 3.39683 0.139363 -0.44395 3.3846 0.173409 -0.444242 3.22786 0.298914 -0.231748 3.19356 0.344016 -0.38114 3.36349 0.112162 -0.447474 3.5364 0.234872 -0.225132 3.6215 0.350703 -0.392064 3.46827 0.0496483 0.0370124 3.37311 0.0419709 0.0375069 3.27883 -0.0802636 0.388243 3.26748 -0.396628 0.655761 3.22571 0.062923 0.0376119 3.48375 0.263456 0.370865 3.44762 0.162438 0.7556 3.42287 
0.253045 -0.551269 3.39717 0.140522 -0.385947 3.38523 0.174581 -0.387121 3.2278 0.301185 -0.177671 3.19566 0.345011 -0.331773 3.36628 0.113327 -0.387915 3.53753 0.234533 -0.171055 3.62053 0.351753 -0.340326 3.46806 0.0434291 0.0882871 3.37403 0.0333895 0.0875585 3.2793 -0.0992488 0.434537 3.26007 -0.44592 0.674895 3.2153 0.0609653 0.0879738 3.48247 0.298416 0.391323 3.44407 0.171795 0.762719 3.41883 
0.262665 -0.494669 3.39712 0.143407 -0.330125 3.38459 0.175326 -0.328309 3.22727 0.297901 -0.116639 3.19844 0.345478 -0.275233 3.36775 0.116514 -0.332076 3.53613 0.234561 -0.114805 3.61657 0.351783 -0.283909 3.46848 0.0328709 0.138466 3.37295 0.0208187 0.140913 3.2784 -0.112565 0.488508 3.25244 -0.483805 0.69536 3.2103 0.0482009 0.13469 3.48096 0.324568 0.409283 3.44228 0.175929 0.763922 3.41756 
0.27249 -0.437775 3.3949 0.145589 -0.268239 3.38499 0.176426 -0.267092 3.22657 0.294278 -0.056381 3.19996 0.347256 -0.215246 3.36768 0.120307 -0.272122 3.53617 0.234176 -0.0522548 3.61003 0.350437 -0.220981 3.46461 0.024167 0.189715 3.37073 0.00888728 0.193367 3.27687 -0.121247 0.539567 3.24418 -0.50411 0.713791 3.2113 0.0424596 0.185516 3.47755 0.339848 0.428555 3.44173 0.175768 0.76708 3.4158 
0.282117 -0.381341 3.39283 0.143005 -0.214333 3.38501 0.175604 -0.214683 3.22635 0.289743 -0.00118981 3.19951 0.347195 -0.162537 3.36631 0.123564 -0.21865 3.53564 0.232468 0.00435446 3.6034 0.348069 -0.162668 3.46162 0.0184761 0.237929 3.36832 -0.000755471 0.239846 3.27621 -0.123182 0.587688 3.23414 -0.511188 0.726005 3.21694 0.0408287 0.234186 3.47452 0.347555 0.445177 3.44317 0.171878 0.769736 3.41512 
0.288887 -0.332516 3.39188 0.139446 -0.167722 3.38514 0.174616 -0.167434 3.22699 0.284612 0.0499751 3.19911 0.345363 -0.115893 3.3635 0.123717 -0.172434 3.53466 0.227739 0.0537474 3.59868 0.34548 -0.117415 3.46098 0.0169323 0.277125 3.3642 -0.00487031 0.278081 3.27346 -0.117284 0.631936 3.22125 -0.505012 0.732322 3.22335 0.0401481 0.273658 3.47185 0.346359 0.457087 3.44689 0.161787 0.77013 3.41518 
0.294605 -0.291792 3.39173 0.1363 -0.127343 3.38617 0.172459 -0.128709 3.22945 0.278657 0.0933295 3.19912 0.343911 -0.0753459 3.36085 0.121232 -0.129859 3.53584 0.229111 0.0985956 3.59437 0.341811 -0.0762262 3.46112 0.0145794 0.312728 3.35952 -0.00595691 0.312787 3.27053 -0.0986276 0.666985 3.20914 -0.478059 0.73854 3.21955 0.0369094 0.309185 3.46752 0.332567 0.468891 3.45008 0.139418 0.766506 3.41584 
0.300003 -0.258557 3.39245 0.137793 -0.0999307 3.38655 0.171645 -0.100553 3.23112 0.273198 0.125795 3.19853 0.342293 -0.0415391 3.35784 0.124911 -0.100414 3.5375 0.233227 0.133261 3.59075 0.338167 -0.0392377 3.46006 0.0162542 0.343928 3.35647 -0.00047497 0.343845 3.2684 -0.054989 0.685946 3.19802 -0.422696 0.752618 3.20786 0.0324242 0.339271 3.46384 0.299312 0.483238 3.4555 0.0905084 0.756778 3.41728 
0.304978 -0.231481 3.39271 0.140854 -0.0747106 3.38653 0.171332 -0.0775728 3.23084 0.268297 0.152225 3.19855 0.341644 -0.0136255 3.35534 0.129466 -0.074808 3.53784 0.235637 0.16046 3.58817 0.338174 -0.0104427 3.4587 0.0167625 0.364967 3.35361 0.00750352 0.36474 3.26659 0.0280051 0.68857 3.18402 -0.322938 0.78121 3.18903 0.0237629 0.361659 3.46071 0.224837 0.508496 3.46367 -0.00972613 0.733783 3.42001 
0.310462 -0.207651 3.39392 0.146249 -0.0517064 3.38637 0.172268 -0.0544286 3.23093 0.265794 0.177751 3.19801 0.340121 0.00998877 3.35443 0.134719 -0.0533003 3.53722 0.237024 0.180975 3.58713 0.338516 0.0148389 3.4583 0.0163489 0.383175 3.35192 0.012347 0.382887 3.26475 0.0676601 0.693901 3.17529 -0.270972 0.794403 3.17691 0.0152684 0.379341 3.46092 0.188879 0.523713 3.46887 -0.05316 0.722412 3.42222 
0.314513 -0.193409 3.3948 0.150436 -0.0379912 3.38617 0.173368 -0.0387637 3.23188 0.263067 0.194444 3.19758 0.339456 0.0278379 3.35217 0.136924 -0.040353 3.53798 0.237935 0.196251 3.58616 0.341277 0.0321858 3.45885 0.0147053 0.397951 3.35109 0.0138316 0.395255 3.26328 0.0837008 0.697796 3.16735 -0.244161 0.803061 3.16475 0.00961848 0.394087 3.46045 0.172 0.531191 3.47294 -0.0708565 0.717014 3.42355 
0.318584 -0.18413 3.39546 0.15395 -0.0295175 3.38599 0.175248 -0.0294519 3.23223 0.261166 0.20428 3.19698 0.34023 0.0396984 3.35039 0.138854 -0.0325946 3.53818 0.238763 0.207159 3.58483 0.343456 0.0431436 3.45705 0.0138849 0.406653 3.35074 0.0140917 0.402879 3.26153 0.0900072 0.702173 3.16205 -0.232565 0.806951 3.15651 0.00703083 0.403778 3.45903 0.165075 0.535986 3.47399 -0.0758322 0.715077 3.42432 
0.321782 -0.179538 3.39597 0.156173 -0.02456 3.38579 0.177744 -0.0252027 3.23228 0.26095 0.208917 3.19724 0.341253 0.0458097 3.34958 0.139949 -0.0288781 3.53792 0.239401 0.212959 3.58353 0.347394 0.0472514 3.45515 0.0134386 0.41104 3.35052 0.0149276 0.406882 3.26049 0.0908998 0.706049 3.15892 -0.23043 0.807111 3.15377 0.00629517 0.408478 3.45759 0.164115 0.537314 3.4727 -0.0750915 0.714188 3.42533 
0.323701 -0.178755 3.39639 0.158478 -0.0238225 3.38557 0.179633 -0.0245495 3.23204 0.262642 0.209415 3.19699 0.343387 0.0468947 3.34824 0.141126 -0.0276909 3.53715 0.240177 0.214057 3.58221 0.352168 0.0462865 3.45515 0.0131155 0.410708 3.35033 0.0152922 0.406842 3.25944 0.0858936 0.705822 3.15884 -0.237443 0.80456 3.15539 0.00704023 0.408615 3.45548 0.169171 0.534693 3.47018 -0.0679027 0.715468 3.42489 
0.324575 -0.183716 3.39677 0.162069 -0.0268134 3.38517 0.180331 -0.0271828 3.23147 0.266712 0.205803 3.19611 0.345575 0.0412802 3.34615 0.14456 -0.0299733 3.53539 0.241256 0.20947 3.58031 0.355353 0.0415444 3.45508 0.01277 0.405382 3.35012 0.0150521 0.402578 3.26014 0.072503 0.706155 3.16161 -0.257479 0.80029 3.15762 0.0102204 0.402778 3.45375 0.182269 0.526689 3.46734 -0.0511874 0.718364 3.42503 
0.32478 -0.194271 3.39714 0.164613 -0.0343944 3.38445 0.180108 -0.0351347 3.23026 0.271594 0.196177 3.19441 0.34793 0.0294013 3.34412 0.147393 -0.0373909 3.53402 0.2428 0.199894 3.57853 0.358091 0.0320014 3.45431 0.0117615 0.393128 3.34973 0.00914788 0.392029 3.25879 0.040732 0.706299 3.16872 -0.299742 0.790229 3.16281 0.0164848 0.390668 3.45176 0.212093 0.511163 3.46463 -0.0125993 0.725102 3.424 
0.323082 -0.211697 3.39758 0.167266 -0.0506449 3.38534 0.178882 -0.053083 3.22994 0.277599 0.178152 3.19277 0.35003 0.00955311 3.34155 0.151097 -0.0510506 3.53238 0.244786 0.18244 3.5763 0.359314 0.0156078 3.45251 0.0109687 0.372664 3.34935 -0.00549875 0.373546 3.25953 -0.0262696 0.712431 3.18028 -0.384077 0.762733 3.17544 0.0280562 0.369397 3.45075 0.274741 0.48207 3.45651 0.0713454 0.743757 3.42196 
0.318298 -0.241736 3.39802 0.169338 -0.0801615 3.38585 0.177657 -0.0830943 3.23013 0.282673 0.144304 3.18909 0.351102 -0.0199529 3.33682 0.157138 -0.0783959 3.53197 0.24789 0.154434 3.57303 0.359508 -0.0103088 3.44881 0.0126634 0.345292 3.34837 -0.00765652 0.345684 3.25893 -0.0397011 0.689733 3.18675 -0.407216 0.749744 3.18203 0.0349845 0.342475 3.44915 0.281584 0.470885 3.45067 0.0841699 0.744816 3.42166 
0.310805 -0.276122 3.39871 0.169985 -0.109198 3.38588 0.176287 -0.11325 3.23044 0.286801 0.108778 3.18631 0.353388 -0.0531997 3.33311 0.161704 -0.10828 3.53212 0.250832 0.124215 3.57006 0.359822 -0.0417585 3.44468 0.0173464 0.314648 3.34789 -0.000411951 0.316339 3.25582 -0.00488911 0.653931 3.18653 -0.378574 0.756197 3.17754 0.0376461 0.311427 3.44803 0.239458 0.471743 3.45016 0.0332872 0.731981 3.4224 
0.302409 -0.318198 3.4012 0.169507 -0.145632 3.38761 0.173727 -0.153728 3.23064 0.288567 0.0660106 3.18211 0.35618 -0.0933777 3.32938 0.161764 -0.139824 3.53313 0.25226 0.0905256 3.56818 0.358652 -0.0783626 3.44244 0.0230982 0.281402 3.34813 0.00941123 0.282418 3.25188 -0.0125002 0.617327 3.19078 -0.391558 0.750816 3.17358 0.0392187 0.279901 3.44694 0.240979 0.45778 3.44727 0.0357861 0.72991 3.42159 
0.293445 -0.370586 3.40439 0.171481 -0.191932 3.38927 0.174372 -0.20175 3.23248 0.289129 0.0126571 3.17893 0.359185 -0.143982 3.32673 0.164682 -0.186076 3.53533 0.251662 0.0497924 3.56795 0.356091 -0.119267 3.44044 0.0300088 0.239168 3.34879 0.00917071 0.236317 3.24946 -0.0828911 0.569577 3.20105 -0.465833 0.725276 3.16981 0.0506694 0.241099 3.44718 0.299423 0.429604 3.4409 0.114659 0.742073 3.41907 
0.284989 -0.423903 3.40784 0.173972 -0.243071 3.39117 0.176473 -0.25291 3.23411 0.289847 -0.040026 3.17612 0.36125 -0.191395 3.3239 0.168945 -0.237033 3.53963 0.257833 0.00168066 3.56906 0.356502 -0.165707 3.43838 0.0362671 0.191686 3.34881 0.0171276 0.187376 3.24726 -0.113718 0.516011 3.20617 -0.487862 0.703665 3.17021 0.0589799 0.19541 3.44773 0.318534 0.411503 3.43295 0.149685 0.74503 3.41655 
0.276961 -0.475239 3.41088 0.175412 -0.29467 3.39415 0.17784 -0.30426 3.23585 0.290014 -0.0891219 3.1726 0.363702 -0.238235 3.3198 0.17468 -0.284751 3.54574 0.271048 -0.0503732 3.57385 0.358891 -0.211409 3.43957 0.0454889 0.146573 3.34809 0.0284824 0.140851 3.24396 -0.116323 0.465029 3.20915 -0.475236 0.68435 3.17155 0.0683464 0.151932 3.44728 0.314186 0.396537 3.42309 0.159536 0.743577 3.41508 
0.266934 -0.528748 3.41143 0.174344 -0.348338 3.39685 0.175407 -0.359236 3.23573 0.287213 -0.145096 3.16876 0.366064 -0.286177 3.31686 0.177517 -0.337529 3.54975 0.277599 -0.105855 3.58068 0.359093 -0.261902 3.44054 0.0550711 0.103122 3.34586 0.0374739 0.0963324 3.2398 -0.0987398 0.419735 3.21141 -0.432148 0.668179 3.17482 0.0839583 0.109839 3.44551 0.287899 0.382619 3.41267 0.151294 0.738926 3.41376 
0.25542 -0.583187 3.40898 0.172064 -0.406292 3.39798 0.169127 -0.417843 3.23522 0.282783 -0.199984 3.16297 0.367523 -0.329889 3.31472 0.176002 -0.394398 3.55144 0.280037 -0.161123 3.58643 0.359473 -0.312491 3.44092 0.065674 0.0553352 3.34309 0.0471667 0.0483224 3.23486 -0.0495366 0.384619 3.215 -0.353775 0.661607 3.18684 0.0934648 0.0620204 3.44337 0.234048 0.366943 3.40443 0.119453 0.726669 3.41436 
0.244906 -0.635461 3.40426 0.166634 -0.460188 3.39545 0.158177 -0.469949 3.23359 0.27528 -0.246279 3.15703 0.363495 -0.367857 3.3117 0.172742 -0.450464 3.54941 0.277352 -0.213681 3.59009 0.359442 -0.364416 3.44046 0.0730159 0.00981719 3.34046 0.0458764 0.000469375 3.22879 -0.0492845 0.35351 3.22196 -0.332298 0.642419 3.20184 0.104243 0.0165392 3.43922 0.218759 0.354774 3.40138 0.14529 0.731884 3.41523 
0.236358 -0.679231 3.3974 0.159529 -0.506241 3.38948 0.148292 -0.512462 3.23092 0.264532 -0.286612 3.14734 0.354606 -0.398265 3.30785 0.167667 -0.495203 3.54455 0.268912 -0.257085 3.59132 0.356931 -0.403978 3.43875 0.0787576 -0.0311774 3.33884 0.0467924 -0.0388934 3.22476 -0.0352011 0.328657 3.22309 -0.279653 0.637659 3.21393 0.109047 -0.0230223 3.43394 0.188142 0.340069 3.40578 0.143892 0.725524 3.41595 
0.228751 -0.711544 3.3884 0.149212 -0.544745 3.38069 0.138278 -0.55351 3.22455 0.250392 -0.318763 3.13457 0.343574 -0.424508 3.3031 0.162303 -0.532172 3.53793 0.256035 -0.287724 3.59029 0.350853 -0.433365 3.43429 0.0824065 -0.0645646 3.33717 0.049333 -0.0711477 3.22207 -0.0117203 0.312311 3.22333 -0.199933 0.648982 3.22398 0.10885 -0.0558274 3.43068 0.1503 0.328814 3.41317 0.118478 0.711535 3.41552 
0.222394 -0.728494 3.37906 0.139261 -0.562528 3.37137 0.128358 -0.569406 3.21806 0.23703 -0.333261 3.12581 0.334945 -0.437213 3.29623 0.157543 -0.552634 3.52879 0.244818 -0.302133 3.58635 0.344364 -0.44697 3.42682 0.0838209 -0.0779722 3.33615 0.0529732 -0.0811194 3.22073 0.0206615 0.310127 3.22346 -0.111567 0.673783 3.22694 0.103857 -0.0713261 3.42967 0.1166 0.319743 3.41598 0.0688165 0.69835 3.41466 
0.217544 -0.729345 3.36973 0.127455 -0.560471 3.36305 0.118061 -0.565434 3.20961 0.22292 -0.328799 3.11826 0.326458 -0.43688 3.28768 0.149063 -0.552437 3.51865 0.234171 -0.30336 3.57986 0.335976 -0.443477 3.419 0.0796461 -0.073117 3.33536 0.0545124 -0.075418 3.22027 0.0426962 0.318257 3.22357 -0.0558194 0.697268 3.22721 0.0959144 -0.0684741 3.42982 0.101648 0.322364 3.41603 0.0344787 0.702641 3.41492 
0.212999 -0.714125 3.35886 0.113953 -0.536801 3.35582 0.110027 -0.540442 3.19695 0.207824 -0.307254 3.11234 0.316718 -0.422116 3.2759 0.133633 -0.531539 3.50716 0.221911 -0.292122 3.57252 0.326226 -0.427131 3.40683 0.07426 -0.0499006 3.33643 0.057271 -0.0498976 3.22033 0.0697662 0.339453 3.22364 -0.0129938 0.72805 3.22902 0.0815629 -0.0480405 3.42938 0.0852749 0.341522 3.41582 -0.000357209 0.71881 3.41591 
0.20716 -0.696814 3.34818 0.101345 -0.513563 3.34823 0.101155 -0.51453 3.18319 0.193269 -0.286069 3.10619 0.307715 -0.400865 3.26642 0.114794 -0.509396 3.49968 0.206401 -0.2753 3.56788 0.316086 -0.406262 3.39971 0.0708512 -0.0241331 3.33611 0.0607627 -0.0240563 3.2193 0.0905664 0.357975 3.22686 0.00494653 0.744425 3.23188 0.0696846 -0.0250007 3.42892 0.0740672 0.359962 3.41593 -0.0257156 0.734437 3.41572 
0.200557 -0.685298 3.33886 0.0875661 -0.498433 3.34086 0.092832 -0.498855 3.17257 0.178055 -0.269679 3.0992 0.297653 -0.378271 3.26051 0.0940067 -0.496719 3.4941 0.191207 -0.267421 3.56552 0.30621 -0.394542 3.39633 0.0675407 -0.00979989 3.33448 0.066921 -0.00996828 3.21886 0.101848 0.365615 3.22996 0.0148979 0.750888 3.23477 0.0559456 -0.0108001 3.42802 0.0650262 0.369152 3.41643 -0.038593 0.741266 3.41486 
0.193168 -0.683824 3.3316 0.0783011 -0.505099 3.33472 0.0810391 -0.503096 3.16659 0.162163 -0.270444 3.0932 0.287597 -0.36984 3.25607 0.0800817 -0.505876 3.48946 0.178629 -0.27302 3.56605 0.295845 -0.392653 3.39425 0.0627804 -0.0149065 3.33089 0.0665756 -0.0144774 3.21757 0.0969294 0.365788 3.22824 0.0180184 0.752345 3.2293 0.0467181 -0.015222 3.42471 0.0554129 0.367549 3.41811 -0.0411605 0.736226 3.41498 
0.186743 -0.686478 3.32725 0.0708333 -0.517039 3.33369 0.0720489 -0.513067 3.16449 0.153827 -0.280016 3.08652 0.279486 -0.373251 3.25334 0.0676915 -0.518706 3.48803 0.167809 -0.285517 3.56812 0.284351 -0.399644 3.39425 0.0548511 -0.0249246 3.32794 0.0624692 -0.0249981 3.21658 0.0840368 0.364225 3.22269 0.0181873 0.751763 3.22513 0.0395611 -0.0226502 3.42319 0.042068 0.362516 3.41904 -0.0410908 0.730732 3.41606 
0.181546 -0.688454 3.32529 0.0658213 -0.523732 3.33193 0.0725253 -0.519575 3.16232 0.152724 -0.289 3.07976 0.273484 -0.380056 3.2501 0.0553851 -0.525813 3.4891 0.160083 -0.294931 3.57236 0.274626 -0.412073 3.39939 0.0462054 -0.0314209 3.32583 0.059698 -0.0312188 3.21511 0.072422 0.363604 3.21729 0.0178037 0.75256 3.21908 0.0313037 -0.027805 3.42257 0.0310946 0.360161 3.41889 -0.0410478 0.728776 3.41622 
0.177194 -0.685846 3.3257 0.0584444 -0.523236 3.32825 0.0707113 -0.518907 3.16136 0.157673 -0.291286 3.07356 0.269869 -0.385979 3.24922 0.0409046 -0.526138 3.48816 0.154015 -0.297288 3.57731 0.266572 -0.415375 3.4059 0.0355776 -0.0285642 3.32344 0.0566229 -0.0286653 3.21443 0.0596478 0.366909 3.2136 0.0161896 0.755324 3.21582 0.0202091 -0.0267531 3.42226 0.0209099 0.365537 3.41697 -0.0436993 0.735052 3.41525 
0.17373 -0.679774 3.32847 0.0514727 -0.51439 3.32551 0.0711006 -0.510982 3.161 0.163112 -0.287776 3.07311 0.268059 -0.387994 3.25122 0.0261976 -0.51754 3.48701 0.146046 -0.293123 3.58052 0.257721 -0.409883 3.40946 0.0262612 -0.0179646 3.32164 0.0556624 -0.0173826 3.21212 0.0479867 0.371828 3.21202 0.012742 0.756892 3.21628 0.00866587 -0.0176601 3.42203 0.0142388 0.371145 3.41566 -0.0473774 0.743341 3.41346 
0.171532 -0.674995 3.33096 0.0453936 -0.503421 3.32445 0.0701436 -0.500702 3.16123 0.164299 -0.280109 3.07544 0.266677 -0.38501 3.25688 0.0181428 -0.506541 3.48745 0.134563 -0.283249 3.58118 0.250279 -0.399567 3.41269 0.0198207 -0.00761725 3.31972 0.0514591 -0.00687141 3.21145 0.0351257 0.377966 3.21163 0.0103317 0.758495 3.21796 -0.000810619 -0.00922339 3.42184 0.00940674 0.375136 3.41396 -0.0503516 0.749809 3.41123 
0.169908 -0.672202 3.33342 0.041212 -0.496365 3.32185 0.0699373 -0.493618 3.15994 0.160833 -0.271164 3.07814 0.263709 -0.377707 3.26133 0.0140574 -0.498793 3.48692 0.121175 -0.272267 3.57804 0.243641 -0.386286 3.41309 0.0154195 -0.00376734 3.31706 0.0464409 -0.00193618 3.21009 0.026348 0.380874 3.21045 0.00869139 0.759741 3.2166 -0.00929905 -0.00561528 3.42179 0.00575666 0.376724 3.41322 -0.0530577 0.752075 3.41004 
0.16835 -0.671502 3.33619 0.0393409 -0.496458 3.32118 0.0685852 -0.49439 3.15922 0.151591 -0.266603 3.08053 0.25789 -0.370535 3.26669 0.011683 -0.496703 3.48798 0.108391 -0.2666 3.57443 0.235896 -0.376274 3.41454 0.0110904 -0.00524713 3.31499 0.0396077 -0.00242253 3.20969 0.0218854 0.379225 3.21009 0.0085892 0.761701 3.21642 -0.0146821 -0.00705295 3.42204 0.00142545 0.375478 3.41286 -0.0545553 0.751774 3.40959 
0.166517 -0.670942 3.33865 0.03646 -0.498817 3.32188 0.0668737 -0.497334 3.15839 0.142061 -0.265491 3.08342 0.251056 -0.365913 3.27102 0.00987249 -0.497915 3.4884 0.0979112 -0.263804 3.57193 0.228967 -0.37195 3.41567 0.00896052 -0.0069662 3.31443 0.0335083 -0.00377322 3.20981 0.0193386 0.376617 3.21009 0.00852622 0.762015 3.21756 -0.0176369 -0.00936811 3.42245 -0.0017108 0.373533 3.41272 -0.055429 0.751737 3.40966 
0.165056 -0.670305 3.34129 0.0312692 -0.498116 3.32184 0.0641137 -0.497847 3.15901 0.13515 -0.262654 3.08509 0.244043 -0.361895 3.27422 0.00751364 -0.496379 3.48836 0.0879901 -0.261554 3.56975 0.224154 -0.367251 3.41579 0.00778875 -0.00557727 3.3149 0.0288981 -0.0026883 3.21044 0.017435 0.378201 3.20993 0.00834187 0.762848 3.21813 -0.0210714 -0.00833676 3.42334 -0.00468761 0.374253 3.41274 -0.0556742 0.753594 3.40966 
0.163495 -0.669263 3.34459 0.0253299 -0.493674 3.32105 0.0654329 -0.493139 3.15909 0.130153 -0.258867 3.08615 0.238848 -0.357753 3.27646 0.0033941 -0.492892 3.48798 0.0793356 -0.258209 3.56856 0.220385 -0.361418 3.41616 0.00708392 -0.00308068 3.31416 0.0276711 -8.34687e-05 3.20977 0.0168384 0.378292 3.20993 0.00833997 0.763011 3.21838 -0.0248987 -0.00613288 3.42296 -0.00709887 0.375162 3.41277 -0.0560174 0.753591 3.40966 
0.161584 -0.668723 3.34647 0.0219587 -0.490803 3.32179 0.0650072 -0.490284 3.15904 0.125807 -0.256045 3.08699 0.234131 -0.356149 3.27849 -0.000192514 -0.491692 3.48727 0.0697123 -0.256541 3.56803 0.218059 -0.357758 3.41598 0.0065171 -0.00218993 3.31449 0.0274956 0.000883153 3.20999 0.0175867 0.378035 3.20998 0.00845327 0.76266 3.21847 -0.0268093 -0.00531079 3.42311 -0.00751392 0.375392 3.41273 -0.0561096 0.753603 3.40964 
0.159843 -0.668322 3.34726 0.0196681 -0.490636 3.32183 0.0628928 -0.49003 3.15911 0.123109 -0.25487 3.08796 0.231112 -0.356445 3.28017 -0.00241894 -0.491882 3.48781 0.0625468 -0.256011 3.56767 0.215862 -0.359799 3.41589 0.00603875 -0.00212938 3.31575 0.0261188 0.000854793 3.21129 0.0178778 0.377339 3.21006 0.00828191 0.763201 3.21855 -0.0276902 -0.00524495 3.42393 -0.0063782 0.375184 3.41257 -0.0560924 0.753592 3.40956 
0.157739 -0.667949 3.34712 0.0172177 -0.492994 3.32121 0.0599298 -0.490947 3.1592 0.121146 -0.255148 3.08934 0.229064 -0.356911 3.28092 -0.004629 -0.493381 3.48751 0.0578655 -0.25643 3.56733 0.212755 -0.360588 3.41285 0.0053813 -0.00287658 3.31642 0.0253411 1.15046e-05 3.21203 0.0182819 0.377675 3.21016 0.00822182 0.763343 3.21863 -0.0281451 -0.00608476 3.42382 -0.005153 0.375698 3.41252 -0.0559059 0.753528 3.40941 
0.155896 -0.667422 3.34611 0.0134769 -0.492897 3.32178 0.058111 -0.490699 3.15906 0.119773 -0.254013 3.09013 0.227371 -0.356283 3.28114 -0.00817875 -0.492194 3.48622 0.0548391 -0.256799 3.56704 0.210438 -0.360416 3.41144 0.00601642 -0.00367128 3.31684 0.0265893 -0.000604601 3.21244 0.0183222 0.379282 3.21025 0.00826116 0.763222 3.21862 -0.0285172 -0.00679064 3.42483 -0.00549015 0.377283 3.41269 -0.0559277 0.75322 3.40939 
0.153866 -0.667779 3.34394 0.0111136 -0.49041 3.32131 0.0570377 -0.489182 3.1584 0.11836 -0.252744 3.09061 0.225948 -0.354998 3.28061 -0.0106558 -0.491095 3.4856 0.052674 -0.256839 3.56662 0.210165 -0.3581 3.41175 0.00629435 -0.00349008 3.31711 0.0284776 0.000130784 3.2126 0.0183365 0.379915 3.21028 0.00839287 0.762743 3.21861 -0.0287587 -0.00660176 3.42525 -0.00573092 0.37797 3.41286 -0.0561272 0.752431 3.40942 
0.152172 -0.667977 3.34181 0.00907605 -0.488781 3.31977 0.0563548 -0.488445 3.15695 0.116635 -0.251968 3.09093 0.225837 -0.352282 3.28073 -0.0133268 -0.491138 3.48535 0.0510143 -0.256752 3.56594 0.210902 -0.355045 3.41117 0.00639621 -0.00369591 3.31759 0.0300701 -0.000382548 3.21276 0.0183189 0.37845 3.21048 0.00825886 0.763269 3.21862 -0.0269784 -0.00658191 3.42527 -0.00599493 0.376614 3.41295 -0.0561329 0.752375 3.40955 
0.150362 -0.668179 3.33939 0.00809022 -0.490219 3.3188 0.0535772 -0.489223 3.15635 0.115513 -0.251679 3.09126 0.227136 -0.346983 3.27969 -0.0131718 -0.492395 3.48523 0.0498802 -0.256963 3.56483 0.212902 -0.348826 3.40899 0.0065655 -0.00443247 3.31841 0.0302466 -0.000919387 3.21288 0.0182796 0.378645 3.21069 0.00818518 0.763489 3.21863 -0.0239329 -0.00695219 3.42501 -0.00586371 0.376884 3.41303 -0.0559196 0.753039 3.40986 
0.14892 -0.668241 3.33765 0.00766301 -0.490714 3.3178 0.0509969 -0.489371 3.15611 0.114601 -0.251686 3.09167 0.230113 -0.337168 3.27887 -0.0123022 -0.493988 3.48512 0.048916 -0.257542 3.56296 0.216865 -0.337971 3.40512 0.00674744 -0.00475669 3.31982 0.0290312 -0.00189612 3.21301 0.0181433 0.377451 3.21108 0.00814221 0.763571 3.21866 -0.0221335 -0.00799089 3.42433 -0.00575258 0.377226 3.41314 -0.055899 0.753044 3.41055 
0.1476 -0.66825 3.33506 0.00752295 -0.49073 3.31614 0.0471204 -0.490468 3.15607 0.113528 -0.252176 3.09226 0.235666 -0.320572 3.27797 -0.0102858 -0.495699 3.485 0.0480503 -0.257632 3.56113 0.221814 -0.322832 3.40191 0.00692901 -0.00487674 3.32046 0.0278479 -0.00247896 3.21302 0.0179144 0.375725 3.21168 0.00811226 0.763605 3.21868 -0.0191515 -0.00763647 3.42293 -0.00550243 0.376352 3.41317 -0.0560307 0.752461 3.41202 
0.147017 -0.668244 3.33385 0.00744416 -0.490207 3.31547 0.0457054 -0.490293 3.15602 0.113174 -0.253378 3.09314 0.242411 -0.309225 3.27694 -0.0104036 -0.495796 3.48503 0.0489591 -0.257913 3.56033 0.226343 -0.310266 3.40059 0.00704076 -0.00493038 3.32073 0.0282157 -0.00268933 3.21298 0.0178955 0.373887 3.21284 0.00809739 0.76361 3.2187 -0.0180283 -0.00715094 3.42243 -0.00462503 0.375373 3.41314 -0.0562168 0.751061 3.4127 
