15 156 4
0.0156068 0.0566109 0.00307467 -0.13437 0.0386246 -0.055762
0.141023 -1.54262 -0.143037 3.81163 0.218684 3.2936
-0.00353535 3.02819 -0.0890718 -0.733161 0.40934 7.28282
0.0794737 1.501 0.0621665 -3.63905 0.487563 3.3263
-0.00856991 -0.64334 3.44622 0.00445708 -0.474131 3.58797 -0.156772 -0.473473 3.58208 -0.22638 -0.225131 3.57739 -0.246632 -0.00759284 3.49923 0.162517 -0.482338 3.59345 0.234435 -0.223304 3.57098 0.273554 0.00879053 3.49089 0.0107902 0.0210532 3.60484 -0.0955301 0.0193404 3.58962 -0.0999318 0.396652 3.58834 -0.12212 0.764096 3.60446 0.112816 0.020182 3.5984 0.115021 0.392225 3.57746 0.124729 0.758032 3.5856 
-0.0093645 -0.643061 3.44636 0.00437836 -0.474032 3.58787 -0.156793 -0.473475 3.58188 -0.226173 -0.224895 3.57755 -0.245795 -0.00650937 3.49851 0.16179 -0.482564 3.59356 0.234487 -0.22275 3.57097 0.273142 0.008475 3.49063 0.0106435 0.0210284 3.60471 -0.0961444 0.0191849 3.58956 -0.1007 0.395912 3.58847 -0.122183 0.764153 3.60433 0.112671 0.0201234 3.59954 0.115082 0.392791 3.57777 0.124761 0.758421 3.58576 
-0.00993828 -0.64244 3.44548 0.00419552 -0.473749 3.58761 -0.156852 -0.473471 3.58133 -0.225696 -0.224285 3.57793 -0.244805 -0.00426244 3.49685 0.15987 -0.483152 3.59359 0.234434 -0.22267 3.57096 0.272166 0.00769567 3.49004 0.0103029 0.0209782 3.60441 -0.0974955 0.0187637 3.58957 -0.101899 0.39508 3.58891 -0.122233 0.764101 3.6044 0.112289 0.0200087 3.6001 0.115134 0.392716 3.57827 0.124814 0.757777 3.58595 
-0.0103398 -0.642393 3.44455 0.00387918 -0.473093 3.58719 -0.156928 -0.473485 3.58016 -0.224838 -0.223122 3.57863 -0.242844 -0.00269659 3.49402 0.157842 -0.482859 3.59353 0.234257 -0.22302 3.57095 0.270326 0.00713052 3.48904 0.00958512 0.020844 3.60376 -0.0984653 0.0178249 3.58823 -0.10213 0.393382 3.58983 -0.122312 0.763951 3.60465 0.111495 0.0197444 3.60038 0.11536 0.392021 3.57945 0.124951 0.757242 3.58652 
-0.0105815 -0.641864 3.44324 0.00333703 -0.473075 3.58636 -0.157116 -0.473524 3.57946 -0.223413 -0.222049 3.57972 -0.240287 -0.00337259 3.49084 0.156909 -0.483217 3.59363 0.234107 -0.222683 3.57091 0.26733 0.00657366 3.48749 0.00805701 0.020574 3.60227 -0.0991405 0.01683 3.58795 -0.102465 0.393203 3.59127 -0.122442 0.763567 3.6052 0.109929 0.0192186 3.59997 0.115434 0.39152 3.57886 0.125188 0.756313 3.58535 
-0.0106526 -0.641801 3.4423 0.00228588 -0.47369 3.58473 -0.157227 -0.473545 3.57944 -0.221885 -0.220834 3.57992 -0.238678 -0.00346221 3.48931 0.156354 -0.482618 3.59328 0.23393 -0.22152 3.57084 0.263599 0.00798156 3.48638 0.00734782 0.0199899 3.60139 -0.0995944 0.0162598 3.58872 -0.102709 0.392777 3.59162 -0.122676 0.762647 3.60639 0.109132 0.0197748 3.59902 0.115461 0.390925 3.57842 0.125289 0.756064 3.58426 
-0.0106347 -0.640965 3.44151 0.000213409 -0.474016 3.58394 -0.157246 -0.473543 3.58016 -0.221277 -0.220267 3.57951 -0.239388 -0.00305542 3.48849 0.156037 -0.482478 3.59288 0.233496 -0.221407 3.57082 0.259343 0.0077853 3.48553 0.00692973 0.0202356 3.60089 -0.0998753 0.0157473 3.59114 -0.102881 0.391797 3.59346 -0.122703 0.761982 3.60898 0.108722 0.0203827 3.59717 0.11542 0.391409 3.57576 0.125308 0.756302 3.58267 
-0.0105826 -0.640172 3.44076 -0.00190258 -0.474189 3.58332 -0.157241 -0.473541 3.57982 -0.220305 -0.219663 3.57989 -0.240849 -0.0019518 3.48897 0.155759 -0.482681 3.5922 0.232924 -0.222095 3.5709 0.255145 0.00467187 3.48495 0.00646677 0.0200646 3.60061 -0.100153 0.015018 3.59294 -0.103015 0.391405 3.59495 -0.12274 0.761634 3.61128 0.108357 0.0198421 3.596 0.115337 0.391709 3.57408 0.125288 0.757005 3.58223 
-0.0105122 -0.639101 3.43981 -0.00296129 -0.474491 3.58271 -0.157266 -0.473541 3.58009 -0.219794 -0.219246 3.58013 -0.243883 -0.000513421 3.49056 0.155622 -0.483651 3.59155 0.232007 -0.221783 3.57095 0.251208 0.00171205 3.48459 0.00613828 0.0192168 3.60024 -0.100519 0.0136375 3.59487 -0.103193 0.391376 3.59671 -0.1228 0.761549 3.61233 0.108093 0.0193673 3.59479 0.115106 0.392045 3.5724 0.125179 0.757086 3.58249 
-0.0104847 -0.63848 3.43848 -0.00347463 -0.475153 3.58178 -0.157262 -0.473532 3.58115 -0.219688 -0.217756 3.58027 -0.246264 0.0021052 3.49361 0.155609 -0.484479 3.59056 0.2314 -0.221649 3.57097 0.248515 -0.000225274 3.48438 0.00594746 0.0187481 3.59998 -0.100723 0.0132134 3.59638 -0.103391 0.39164 3.59792 -0.122835 0.761567 3.61286 0.108028 0.0202541 3.59295 0.114819 0.392835 3.57027 0.124964 0.758244 3.58384 
-0.0104266 -0.638097 3.43761 -0.00375879 -0.475153 3.58026 -0.157241 -0.473507 3.58164 -0.21962 -0.216909 3.58023 -0.248244 0.00312987 3.49691 0.155487 -0.484132 3.58836 0.230944 -0.221635 3.57095 0.246562 0.000102318 3.48428 0.00596207 0.0183397 3.6 -0.100756 0.0134296 3.59814 -0.103547 0.392183 3.59944 -0.122861 0.761681 3.61308 0.108048 0.0200934 3.59194 0.114635 0.393219 3.56936 0.12486 0.75956 3.58452 
-0.0103528 -0.637777 3.437 -0.0039059 -0.4746 3.57946 -0.157203 -0.473468 3.58173 -0.21959 -0.216472 3.58026 -0.249517 0.00369904 3.49971 0.155429 -0.484339 3.58642 0.230735 -0.221515 3.57093 0.245742 0.000904406 3.4843 0.00586439 0.0177363 3.60053 -0.100823 0.0132621 3.59883 -0.103721 0.393422 3.6001 -0.122894 0.761977 3.61307 0.10805 0.020076 3.59155 0.114569 0.393515 3.56942 0.124816 0.7604 3.58476 
-0.0102917 -0.637465 3.43646 -0.00393922 -0.47458 3.57891 -0.157188 -0.473441 3.58144 -0.219651 -0.216303 3.58041 -0.250519 0.00257937 3.50104 0.155423 -0.484915 3.58584 0.230516 -0.222499 3.57094 0.245827 0.00135402 3.48447 0.00610648 0.0165292 3.59988 -0.100653 0.0137994 3.59719 -0.103514 0.39457 3.5984 -0.122918 0.762616 3.61295 0.108187 0.0188567 3.59148 0.114593 0.393917 3.56851 0.124796 0.761421 3.58466 
-0.0102393 -0.637013 3.43587 -0.00390985 -0.475056 3.5783 -0.157155 -0.473416 3.58078 -0.219804 -0.216313 3.58043 -0.251941 0.00228143 3.50154 0.15535 -0.484836 3.58621 0.230398 -0.222708 3.57087 0.246856 0.00252774 3.48478 0.00628764 0.0167571 3.59918 -0.100556 0.0142786 3.59558 -0.103408 0.394886 3.59747 -0.122931 0.762338 3.61304 0.108256 0.0183894 3.5916 0.114629 0.394732 3.56803 0.124799 0.761773 3.58444 
-0.0102125 -0.636244 3.43505 -0.00386284 -0.474964 3.57745 -0.157147 -0.473382 3.57918 -0.219962 -0.216356 3.58031 -0.252878 0.00206952 3.5017 0.155354 -0.484386 3.586 0.230346 -0.222246 3.57072 0.249152 0.00492544 3.48523 0.00642772 0.0185243 3.59794 -0.100454 0.0148099 3.5947 -0.10333 0.394555 3.59698 -0.12296 0.760953 3.61331 0.108281 0.018307 3.592 0.114646 0.394945 3.56778 0.124816 0.761732 3.58396 
-0.0102212 -0.635955 3.43357 -0.00380825 -0.474199 3.57587 -0.157128 -0.473255 3.57784 -0.220195 -0.216438 3.58 -0.253571 0.00188505 3.50152 0.155328 -0.482993 3.58707 0.230352 -0.221983 3.57053 0.252219 0.00744601 3.48587 0.00650838 0.0200432 3.59729 -0.100388 0.0156325 3.59405 -0.103292 0.395003 3.59639 -0.12293 0.760745 3.61344 0.108437 0.0186096 3.59275 0.114571 0.394682 3.56755 0.124846 0.761288 3.58293 
-0.0101902 -0.635985 3.43225 -0.00381306 -0.473621 3.57461 -0.157118 -0.472984 3.57613 -0.220455 -0.216511 3.57913 -0.254192 0.00259858 3.50097 0.155234 -0.48254 3.58798 0.230424 -0.220738 3.5702 0.256648 0.00998326 3.48678 0.0063453 0.0210033 3.59689 -0.100553 0.0162026 3.59175 -0.103549 0.395172 3.59547 -0.122874 0.761601 3.61339 0.108458 0.0193201 3.59208 0.114488 0.393735 3.56736 0.124893 0.761763 3.5805 
-0.010076 -0.636484 3.43089 -0.00391366 -0.472725 3.57284 -0.157145 -0.472367 3.57314 -0.220756 -0.216451 3.57744 -0.253875 0.00359888 3.50004 0.154989 -0.482556 3.58891 0.230413 -0.220338 3.56978 0.258997 0.0118992 3.48795 0.00601357 0.0205149 3.59646 -0.101119 0.0168717 3.58889 -0.10383 0.395132 3.59364 -0.122837 0.762563 3.61322 0.108302 0.0194316 3.59153 0.114325 0.393033 3.56697 0.12496 0.761821 3.58035 
-0.00995741 -0.636405 3.42913 -0.00415676 -0.472398 3.57156 -0.157066 -0.472825 3.57155 -0.221333 -0.216535 3.57649 -0.253584 0.00364242 3.49754 0.154515 -0.483153 3.58824 0.230315 -0.220625 3.56919 0.259531 0.0127365 3.48837 0.00555234 0.0195312 3.59576 -0.102172 0.0165158 3.58703 -0.104398 0.39493 3.59166 -0.122936 0.762866 3.61249 0.108221 0.0176189 3.59115 0.113717 0.391905 3.56575 0.125065 0.76169 3.57996 
-0.00980164 -0.635775 3.42622 -0.00465299 -0.472375 3.57019 -0.156996 -0.4729 3.57052 -0.222229 -0.216652 3.5759 -0.252945 0.00402021 3.49531 0.153739 -0.483107 3.5859 0.230304 -0.220418 3.56831 0.259203 0.0126149 3.48818 0.00485199 0.0189428 3.59484 -0.102649 0.0163848 3.58559 -0.105223 0.395669 3.58876 -0.123219 0.762722 3.61086 0.108177 0.0170979 3.59081 0.112296 0.391206 3.56498 0.125269 0.761106 3.5815 
-0.0096878 -0.635622 3.42251 -0.00567744 -0.472604 3.56807 -0.157 -0.472643 3.56942 -0.222616 -0.216796 3.57546 -0.251387 0.00271514 3.49435 0.15225 -0.482403 3.58257 0.230379 -0.219622 3.56699 0.258218 0.0127392 3.48726 0.00345029 0.0184335 3.59362 -0.10427 0.0164105 3.58595 -0.106285 0.394151 3.58457 -0.123458 0.761246 3.61072 0.107964 0.017514 3.59035 0.111363 0.390709 3.56205 0.125717 0.759756 3.58338 
-0.00957007 -0.635952 3.41812 -0.005525 -0.471763 3.56636 -0.157023 -0.471788 3.56774 -0.222496 -0.216804 3.575 -0.249909 0.00226037 3.49439 0.151721 -0.480996 3.57913 0.23038 -0.21919 3.56501 0.257314 0.0132083 3.48551 0.0027619 0.0188823 3.59195 -0.104329 0.0164834 3.58596 -0.10638 0.392479 3.57909 -0.123321 0.760809 3.61138 0.107965 0.0177467 3.59026 0.11037 0.390009 3.55765 0.126686 0.75857 3.58402 
-0.00952649 -0.637064 3.41168 -0.00419416 -0.470703 3.56375 -0.157097 -0.471034 3.56479 -0.222112 -0.216944 3.57455 -0.249713 0.0019773 3.49402 0.151461 -0.479261 3.57348 0.230302 -0.21894 3.56206 0.254965 0.0128821 3.48263 0.0022794 0.0192054 3.59303 -0.104643 0.0170176 3.58773 -0.105646 0.389506 3.56962 -0.122748 0.759419 3.61303 0.107894 0.0177853 3.5904 0.108625 0.390144 3.55153 0.126576 0.758339 3.58394 
-0.0096386 -0.637284 3.4014 -0.00326118 -0.468641 3.55882 -0.157384 -0.469776 3.55705 -0.222606 -0.215579 3.57236 -0.248851 0.000880117 3.4946 0.151404 -0.476131 3.56498 0.230312 -0.217447 3.55761 0.251192 0.0141815 3.47812 0.00184586 0.0196767 3.59366 -0.105356 0.0183679 3.59039 -0.101774 0.386301 3.55568 -0.121419 0.757927 3.61396 0.107786 0.0176519 3.591 0.107452 0.389502 3.54064 0.12532 0.7572 3.5829 
-0.0097242 -0.635832 3.39051 -0.00316279 -0.464302 3.55034 -0.158421 -0.465764 3.54602 -0.222264 -0.212014 3.56962 -0.249118 0.00509843 3.49215 0.15124 -0.471019 3.55526 0.230249 -0.214242 3.55222 0.247753 0.0183716 3.47135 0.00118523 0.0206848 3.59407 -0.106909 0.0202436 3.59138 -0.0979957 0.385249 3.53627 -0.118998 0.758981 3.61174 0.107129 0.0185592 3.59232 0.105976 0.387704 3.52418 0.124348 0.756245 3.58007 
-0.009845 -0.632172 3.37986 -0.00431936 -0.457455 3.53921 -0.160543 -0.459009 3.53477 -0.221213 -0.204718 3.56579 -0.249034 0.0116142 3.48633 0.150037 -0.462621 3.54015 0.230361 -0.206732 3.54498 0.243676 0.0238327 3.46137 -0.000139679 0.024494 3.59458 -0.108041 0.0237029 3.5925 -0.0967796 0.387062 3.51282 -0.117838 0.75937 3.60884 0.105392 0.0225402 3.59463 0.10348 0.384878 3.50057 0.123096 0.756034 3.5741 
-0.0102059 -0.62613 3.36988 -0.00714673 -0.445694 3.52486 -0.164562 -0.447358 3.52291 -0.220607 -0.192629 3.55915 -0.248916 0.0213139 3.47662 0.147552 -0.449641 3.5235 0.231735 -0.195122 3.53609 0.238347 0.0291767 3.44681 -0.00242097 0.0322946 3.5953 -0.109131 0.0321793 3.59547 -0.0964967 0.391284 3.49535 -0.11736 0.76053 3.60903 0.102495 0.0295871 3.59708 0.102735 0.389566 3.47412 0.121398 0.758257 3.56652 
-0.0111842 -0.617554 3.36004 -0.011084 -0.427768 3.50993 -0.168915 -0.427948 3.51274 -0.224246 -0.179896 3.55268 -0.24675 0.0287602 3.46559 0.144705 -0.434488 3.50759 0.232473 -0.183602 3.52455 0.229881 0.0314916 3.42668 -0.00489457 0.0406629 3.59248 -0.112627 0.0418048 3.59997 -0.0995704 0.397795 3.47968 -0.116803 0.761753 3.60998 0.099169 0.0388884 3.59171 0.101791 0.396537 3.44869 0.120027 0.761323 3.56025 
-0.0126232 -0.609231 3.35104 -0.0147022 -0.412712 3.50147 -0.172806 -0.414768 3.50614 -0.232958 -0.172311 3.54114 -0.239948 0.0255997 3.44382 0.140504 -0.420411 3.49581 0.232062 -0.176023 3.50855 0.216631 0.0223561 3.39957 -0.00809049 0.0491831 3.58708 -0.116075 0.052148 3.60188 -0.105485 0.406021 3.46685 -0.118012 0.762633 3.61263 0.0962872 0.0479455 3.58013 0.100581 0.401658 3.42826 0.118691 0.761099 3.5551 
-0.0148772 -0.603909 3.34158 -0.0178119 -0.409114 3.49465 -0.176262 -0.410709 3.49786 -0.241349 -0.17237 3.52321 -0.225883 0.00236431 3.40788 0.135623 -0.413 3.48698 0.230881 -0.174468 3.48681 0.198428 -0.00210825 3.36739 -0.013469 0.0546549 3.5788 -0.120381 0.0568478 3.59466 -0.110192 0.408693 3.45886 -0.11948 0.763578 3.61592 0.0922248 0.0538519 3.57078 0.0984895 0.402875 3.41434 0.116402 0.759121 3.54784 
-0.017128 -0.606685 3.32994 -0.0229702 -0.415906 3.48677 -0.181557 -0.417193 3.4873 -0.248172 -0.181348 3.50022 -0.20228 -0.0497469 3.36378 0.129366 -0.417468 3.47784 0.229385 -0.183084 3.46082 0.169895 -0.0576153 3.31877 -0.0191341 0.0499717 3.57031 -0.123801 0.0514222 3.58683 -0.114374 0.402572 3.46122 -0.122498 0.762055 3.6216 0.0855598 0.0493759 3.56034 0.0953068 0.396807 3.40165 0.111749 0.752157 3.53699 
-0.0183149 -0.617769 3.31758 -0.0257514 -0.437129 3.47578 -0.18444 -0.436729 3.47685 -0.251473 -0.198534 3.47384 -0.179517 -0.114648 3.31489 0.123919 -0.437748 3.46519 0.226542 -0.201415 3.43569 0.138466 -0.127189 3.2748 -0.0242048 0.0331664 3.56366 -0.125857 0.034847 3.58166 -0.119086 0.391161 3.47625 -0.128323 0.758672 3.63109 0.0798168 0.0333252 3.5463 0.0880361 0.379861 3.385 0.104097 0.734509 3.51895 
-0.0176323 -0.632759 3.30373 -0.026076 -0.457741 3.46011 -0.184932 -0.460066 3.46635 -0.250407 -0.220384 3.44354 -0.157065 -0.179677 3.27207 0.122855 -0.455767 3.44669 0.222468 -0.221019 3.40326 0.116776 -0.189639 3.23851 -0.0269924 0.0126869 3.55505 -0.126943 0.0119883 3.5788 -0.124142 0.376738 3.50278 -0.134918 0.749125 3.64579 0.0766891 0.0136496 3.52865 0.0814644 0.360227 3.36924 0.0958401 0.715078 3.48313 
-0.0155355 -0.645394 3.28728 -0.0240565 -0.477672 3.43815 -0.182871 -0.480516 3.45122 -0.245573 -0.236936 3.40846 -0.135942 -0.241088 3.23252 0.12361 -0.476478 3.42504 0.218224 -0.235659 3.36672 0.0992118 -0.247818 3.20853 -0.0295529 -0.00743604 3.54177 -0.128513 -0.00938597 3.57649 -0.128755 0.361669 3.53882 -0.144185 0.73574 3.67415 0.0744222 -0.00522688 3.50383 0.075313 0.343199 3.35034 0.0860751 0.704407 3.4277 
-0.0130043 -0.649471 3.26782 -0.0204183 -0.490338 3.41701 -0.179341 -0.494008 3.42756 -0.237473 -0.248345 3.36208 -0.116746 -0.291925 3.19516 0.127276 -0.486943 3.40589 0.213425 -0.242746 3.33268 0.0850942 -0.292789 3.18119 -0.0315254 -0.0197853 3.52565 -0.129916 -0.0230369 3.5669 -0.132316 0.348814 3.56369 -0.157123 0.719101 3.73208 0.0722731 -0.0159 3.48353 0.0690032 0.336009 3.32937 0.0747006 0.704733 3.35506 
-0.0105082 -0.636806 3.25281 -0.0157474 -0.480788 3.40152 -0.172531 -0.483773 3.40878 -0.229783 -0.242223 3.32393 -0.100837 -0.315271 3.16953 0.132867 -0.478699 3.39739 0.211733 -0.233144 3.30281 0.0793116 -0.311723 3.16119 -0.0331799 -0.0106005 3.50987 -0.130771 -0.0134223 3.55402 -0.13545 0.354715 3.58087 -0.165501 0.706986 3.79752 0.0706324 -0.00664703 3.46832 0.061569 0.338509 3.30117 0.0660464 0.713715 3.30675 
-0.007779 -0.60721 3.24138 -0.0102669 -0.450135 3.3881 -0.164068 -0.454449 3.39309 -0.223187 -0.21819 3.29032 -0.0859262 -0.319415 3.15304 0.138314 -0.448296 3.39116 0.210372 -0.209318 3.27715 0.0747519 -0.312548 3.14894 -0.0359511 0.0204365 3.49521 -0.131411 0.0169654 3.54084 -0.13943 0.382185 3.59791 -0.172358 0.700583 3.86324 0.0691935 0.0246625 3.45477 0.0508257 0.350858 3.25652 0.0568055 0.730073 3.28307 
-0.00601678 -0.566729 3.23201 -0.00616953 -0.404118 3.37654 -0.156193 -0.409261 3.37759 -0.215942 -0.179695 3.26572 -0.0746596 -0.304437 3.14416 0.141509 -0.403893 3.38665 0.206369 -0.169064 3.25848 0.0705827 -0.294772 3.14337 -0.0409501 0.0660001 3.48367 -0.131844 0.0620106 3.53212 -0.142571 0.415278 3.60435 -0.179141 0.708451 3.90845 0.0668385 0.0714736 3.44311 0.0399066 0.374689 3.21938 0.0494612 0.740908 3.27188 
-0.00535232 -0.520776 3.22273 -0.00295284 -0.358122 3.36864 -0.151372 -0.361809 3.36698 -0.20897 -0.136221 3.24543 -0.0672918 -0.276059 3.13945 0.142274 -0.35802 3.38096 0.199155 -0.124143 3.24204 0.0675019 -0.264968 3.13988 -0.0436434 0.111314 3.47868 -0.131766 0.107843 3.52865 -0.144701 0.45674 3.60139 -0.1825 0.717397 3.93157 0.0645114 0.113838 3.4392 0.0319288 0.39056 3.18964 0.0460379 0.74645 3.26657 
-0.00541391 -0.469427 3.21341 -0.00150414 -0.30771 3.36377 -0.148024 -0.311242 3.35693 -0.201916 -0.0864254 3.23398 -0.0630941 -0.237097 3.13776 0.141253 -0.305375 3.37695 0.191564 -0.0721358 3.22953 0.064032 -0.225158 3.13874 -0.0453244 0.154159 3.47798 -0.131381 0.150924 3.52636 -0.147194 0.50047 3.58404 -0.184047 0.724072 3.94021 0.0633427 0.15588 3.44107 0.0287379 0.402177 3.16496 0.0443028 0.749603 3.26409 
-0.00641707 -0.4115 3.2029 -0.00402845 -0.245291 3.35856 -0.14843 -0.249399 3.34918 -0.194987 -0.0259836 3.23058 -0.0606723 -0.18586 3.13936 0.139429 -0.243465 3.36955 0.184094 -0.0127508 3.22049 0.0602747 -0.174962 3.13838 -0.0471714 0.204382 3.48134 -0.131318 0.202842 3.52622 -0.153697 0.550619 3.56036 -0.183187 0.72379 3.93863 0.0605414 0.202832 3.4454 0.0276523 0.412638 3.14938 0.043055 0.751326 3.26273 
-0.00795555 -0.360622 3.19336 -0.00687952 -0.19413 3.35635 -0.152194 -0.196665 3.344 -0.190643 0.0268431 3.2337 -0.0595752 -0.13847 3.14094 0.136275 -0.191217 3.368 0.178314 0.0408158 3.21629 0.0552418 -0.128621 3.13851 -0.0457357 0.248086 3.48407 -0.131003 0.248133 3.52845 -0.163693 0.592301 3.53785 -0.183814 0.72422 3.92946 0.0600023 0.243103 3.44788 0.0297028 0.425063 3.14099 0.0420502 0.751252 3.26204 
-0.0108631 -0.313951 3.18463 -0.00897468 -0.148485 3.35594 -0.156966 -0.152801 3.34594 -0.18874 0.0730069 3.24039 -0.0593936 -0.0933505 3.14342 0.135003 -0.145556 3.36392 0.174751 0.0868858 3.21343 0.0489673 -0.0873631 3.13808 -0.0445616 0.284924 3.48805 -0.130564 0.286655 3.53176 -0.171377 0.635169 3.5177 -0.183913 0.725489 3.9145 0.0609572 0.279073 3.44945 0.0341077 0.432529 3.13548 0.0407502 0.75107 3.26174 
-0.0154009 -0.264838 3.17831 -0.0137581 -0.103652 3.35495 -0.164636 -0.108481 3.34782 -0.188228 0.118618 3.24637 -0.0595345 -0.0488105 3.14529 0.129018 -0.102509 3.35831 0.172781 0.1341 3.21188 0.0416891 -0.0432015 3.13796 -0.043285 0.323077 3.49083 -0.129097 0.326628 3.53427 -0.178253 0.686449 3.5009 -0.181127 0.729753 3.89645 0.0626263 0.315091 3.4517 0.0382206 0.434139 3.13217 0.0377391 0.750751 3.26148 
-0.0218654 -0.230957 3.17279 -0.0173161 -0.0711803 3.35309 -0.170975 -0.0784543 3.34799 -0.18785 0.151472 3.24961 -0.0597945 -0.0161733 3.14689 0.124568 -0.0736832 3.35548 0.171169 0.165532 3.2113 0.0328657 -0.00888858 3.13796 -0.0413953 0.351121 3.49214 -0.129149 0.355684 3.53514 -0.183601 0.72074 3.49346 -0.177496 0.730398 3.88684 0.0644222 0.343114 3.45347 0.0405214 0.430437 3.13106 0.0359143 0.750124 3.26145 
-0.0286067 -0.206216 3.1679 -0.0216184 -0.0471832 3.35226 -0.175736 -0.0503021 3.34851 -0.188161 0.178174 3.2525 -0.0609243 0.00973104 3.1483 0.12176 -0.0502998 3.35195 0.169815 0.186666 3.21005 0.0253617 0.0165725 3.1375 -0.0387725 0.370912 3.49481 -0.128585 0.378118 3.53717 -0.1877 0.743688 3.49082 -0.1749 0.733801 3.88175 0.0648543 0.363122 3.45365 0.0455926 0.425243 3.13063 0.036289 0.750028 3.26139 
-0.0345424 -0.192136 3.16446 -0.0269898 -0.0332379 3.35245 -0.180065 -0.0306651 3.34785 -0.19015 0.195699 3.25444 -0.0641585 0.0262672 3.14946 0.120172 -0.037029 3.3508 0.168608 0.197617 3.20888 0.0193386 0.0321882 3.13652 -0.0365436 0.38427 3.49798 -0.127496 0.394198 3.54158 -0.189436 0.755645 3.48932 -0.170009 0.734525 3.87912 0.0661653 0.373838 3.45447 0.0502506 0.423124 3.13042 0.0390821 0.750376 3.26131 
-0.0396591 -0.186769 3.16287 -0.0310316 -0.028671 3.3514 -0.182166 -0.0251465 3.34893 -0.191296 0.20167 3.25491 -0.0675064 0.0329909 3.14981 0.117556 -0.0328901 3.3483 0.167324 0.201566 3.20782 0.0157009 0.0398238 3.13632 -0.0350336 0.387635 3.49902 -0.127122 0.398802 3.54237 -0.188804 0.758831 3.48855 -0.162981 0.731002 3.87682 0.0670123 0.376348 3.45412 0.0524919 0.421697 3.13038 0.0413912 0.749761 3.26142 
-0.0428814 -0.191062 3.16388 -0.0336506 -0.031468 3.35101 -0.183487 -0.0290536 3.35203 -0.193059 0.198108 3.25475 -0.0710754 0.0291526 3.14935 0.114868 -0.0361291 3.34531 0.165445 0.197882 3.20635 0.0138613 0.037657 3.13556 -0.0334196 0.383424 3.49851 -0.127114 0.395141 3.54225 -0.185439 0.753886 3.48798 -0.161466 0.728589 3.8766 0.0679327 0.37245 3.45234 0.0535056 0.421579 3.13061 0.0424252 0.749624 3.26153 
-0.0450239 -0.203464 3.16771 -0.0362856 -0.0440322 3.3513 -0.184264 -0.0422999 3.35672 -0.196357 0.185011 3.2533 -0.0747486 0.0158964 3.1475 0.112527 -0.0476697 3.34251 0.162631 0.186206 3.20516 0.0128919 0.024326 3.13486 -0.0352511 0.370813 3.4962 -0.12753 0.382413 3.54099 -0.179419 0.74116 3.48832 -0.165025 0.730404 3.87912 0.0670456 0.361038 3.45051 0.0520362 0.421342 3.13116 0.0428374 0.749843 3.26176 
-0.0465563 -0.226421 3.17416 -0.0384674 -0.0661134 3.35255 -0.185352 -0.068634 3.36037 -0.201082 0.158934 3.25074 -0.0795359 -0.00981776 3.14539 0.110353 -0.0691665 3.34082 0.160332 0.162705 3.20391 0.0118238 0.000405904 3.13413 -0.0393265 0.348457 3.49303 -0.12841 0.359284 3.53808 -0.171977 0.717836 3.48961 -0.16622 0.73288 3.88417 0.0637908 0.337374 3.44807 0.0469287 0.421654 3.13253 0.0428276 0.75055 3.26223 
-0.0476533 -0.257154 3.1801 -0.0417013 -0.0958938 3.35404 -0.187195 -0.0975615 3.36219 -0.206258 0.126775 3.24707 -0.0855785 -0.040993 3.14255 0.109204 -0.0957734 3.34009 0.158517 0.132355 3.20238 0.0125711 -0.0296179 3.13251 -0.0451828 0.325867 3.48961 -0.130257 0.33599 3.53636 -0.164149 0.694434 3.49162 -0.16582 0.735289 3.8898 0.0587054 0.314145 3.44556 0.0394627 0.422609 3.13525 0.0423226 0.750672 3.26308 
-0.0484473 -0.294099 3.18672 -0.0443846 -0.131367 3.35526 -0.190849 -0.133735 3.35777 -0.21224 0.086437 3.23959 -0.0903523 -0.0818585 3.13875 0.10781 -0.131898 3.34387 0.159399 0.0929464 3.20017 0.00983321 -0.0687042 3.13073 -0.0494192 0.295615 3.48629 -0.133518 0.304985 3.53264 -0.15531 0.660342 3.49534 -0.163755 0.730828 3.89462 0.0536446 0.286924 3.44387 0.0295703 0.420164 3.13844 0.0410148 0.750173 3.26481 
-0.0500076 -0.340896 3.19333 -0.0465628 -0.175681 3.35551 -0.193524 -0.176758 3.35362 -0.21982 0.0383397 3.22874 -0.0951827 -0.129689 3.13391 0.106573 -0.176461 3.34678 0.161199 0.0414495 3.19539 0.00892129 -0.116484 3.12763 -0.052504 0.258 3.48153 -0.135721 0.264894 3.52699 -0.15004 0.609248 3.50082 -0.164348 0.729324 3.89871 0.0500508 0.250653 3.44022 0.0212932 0.416275 3.14393 0.0381565 0.748724 3.26892 
-0.0512105 -0.388838 3.19917 -0.0489538 -0.220374 3.35483 -0.196037 -0.22494 3.35216 -0.227226 -0.013721 3.21996 -0.0998174 -0.180714 3.13011 0.104123 -0.223941 3.34656 0.163625 -0.015458 3.18872 0.00828036 -0.164955 3.12215 -0.0550414 0.219445 3.47458 -0.13825 0.224972 3.51994 -0.144539 0.565425 3.50354 -0.163254 0.723716 3.89127 0.047242 0.214528 3.43426 0.0174139 0.4104 3.15561 0.034316 0.746346 3.2772 
-0.052646 -0.441557 3.20403 -0.0508662 -0.275006 3.3537 -0.197516 -0.277786 3.34933 -0.235513 -0.0709516 3.21437 -0.103718 -0.234007 3.12719 0.102193 -0.278037 3.34673 0.166053 -0.0756316 3.18069 0.00840574 -0.220229 3.11505 -0.0572066 0.17714 3.46372 -0.141719 0.178527 3.50588 -0.142626 0.5202 3.50052 -0.162054 0.71992 3.86399 0.044638 0.172025 3.42546 0.0156299 0.402738 3.18094 0.0320156 0.739335 3.29546 
-0.0537893 -0.500291 3.20716 -0.0526151 -0.33469 3.35097 -0.198107 -0.339129 3.34746 -0.246447 -0.135825 3.21247 -0.107462 -0.290588 3.12568 0.100167 -0.340402 3.3462 0.170358 -0.142727 3.1786 0.00876532 -0.283749 3.10976 -0.0586994 0.124124 3.4495 -0.147747 0.125263 3.48749 -0.140785 0.468421 3.47928 -0.160044 0.716809 3.7971 0.0426159 0.121692 3.41795 0.0157531 0.392852 3.23556 0.0305184 0.726723 3.33664 
-0.0547762 -0.574814 3.20751 -0.0547276 -0.4206 3.34655 -0.198796 -0.423316 3.3458 -0.26097 -0.216069 3.21638 -0.111121 -0.356847 3.12451 0.0992101 -0.422376 3.34125 0.175288 -0.220334 3.18247 0.0100393 -0.355733 3.1027 -0.0600721 0.0525476 3.43841 -0.155082 0.0505128 3.4784 -0.140828 0.405054 3.51253 -0.159582 0.684428 3.79889 0.0406921 0.055247 3.40258 0.0200331 0.369265 3.24503 0.0384766 0.725964 3.31368 
-0.0561245 -0.638221 3.20627 -0.0561379 -0.486564 3.34221 -0.199777 -0.488734 3.34397 -0.271805 -0.278055 3.22316 -0.114482 -0.410018 3.12502 0.0961709 -0.488642 3.33773 0.178295 -0.276025 3.18797 0.0107267 -0.409563 3.09476 -0.0599729 -0.0110331 3.43231 -0.157556 -0.0124813 3.4685 -0.140475 0.349178 3.51558 -0.154401 0.65898 3.76165 0.0414283 -0.00588999 3.40083 0.026584 0.34166 3.28479 0.0446792 0.708996 3.32407 
-0.0586825 -0.68698 3.20157 -0.0585121 -0.537741 3.33764 -0.20248 -0.538189 3.34048 -0.279121 -0.318897 3.23108 -0.118823 -0.445344 3.12755 0.092485 -0.54032 3.33497 0.176604 -0.317177 3.19345 0.00821761 -0.44519 3.09114 -0.0600205 -0.0600412 3.43024 -0.162913 -0.0609775 3.45886 -0.139404 0.310419 3.49793 -0.145728 0.645852 3.70295 0.0413861 -0.0542417 3.40823 0.0337428 0.313471 3.32806 0.0480914 0.681735 3.37168 
-0.0613149 -0.72267 3.19622 -0.0607466 -0.573099 3.33414 -0.206449 -0.574883 3.3392 -0.2849 -0.345775 3.2398 -0.123816 -0.470467 3.12975 0.0886327 -0.573457 3.32911 0.174294 -0.341861 3.19684 0.00524616 -0.468281 3.09106 -0.060142 -0.0941491 3.4305 -0.169472 -0.0951554 3.45253 -0.137041 0.287691 3.4634 -0.137769 0.643761 3.62459 0.0405318 -0.0903228 3.41571 0.0353677 0.284867 3.37172 0.0504372 0.651508 3.46749 
-0.0645282 -0.740226 3.19004 -0.0646849 -0.594147 3.33093 -0.211592 -0.594206 3.33888 -0.288927 -0.356662 3.2513 -0.131772 -0.48354 3.13132 0.0845324 -0.595669 3.32113 0.169018 -0.352288 3.19751 0.000219367 -0.478711 3.09344 -0.0607698 -0.116296 3.43232 -0.175669 -0.116701 3.45205 -0.137315 0.274718 3.41634 -0.133735 0.647827 3.52368 0.0387125 -0.111903 3.42435 0.0341307 0.26864 3.39879 0.05587 0.62812 3.55214 
-0.0677431 -0.737721 3.18492 -0.0670883 -0.593524 3.32907 -0.21796 -0.592942 3.33928 -0.2915 -0.352573 3.25902 -0.139026 -0.480989 3.13388 0.0810217 -0.594582 3.31845 0.159597 -0.346539 3.19781 -0.00596443 -0.473365 3.09679 -0.0611218 -0.113334 3.432 -0.178333 -0.112977 3.44628 -0.135685 0.279956 3.3777 -0.13283 0.657354 3.43548 0.037159 -0.109223 3.43355 0.0344776 0.270952 3.42612 0.0591957 0.611266 3.63512 
-0.0717651 -0.715645 3.18046 -0.069351 -0.570948 3.32745 -0.224702 -0.571942 3.33773 -0.293372 -0.331006 3.26373 -0.145344 -0.461505 3.13462 0.0782071 -0.569869 3.31851 0.147416 -0.320915 3.19717 -0.015079 -0.452851 3.10007 -0.0616024 -0.0879587 3.43151 -0.179198 -0.0868076 3.4366 -0.136435 0.29391 3.33259 -0.13087 0.674667 3.35967 0.0366897 -0.0836732 3.44087 0.0360118 0.289272 3.45789 0.0600392 0.609584 3.70711 
-0.077475 -0.669854 3.17808 -0.0735197 -0.515883 3.32478 -0.233271 -0.518874 3.33645 -0.294257 -0.284319 3.26231 -0.152126 -0.420311 3.13502 0.0738647 -0.514803 3.31641 0.131596 -0.270182 3.19388 -0.026825 -0.415401 3.10494 -0.0607424 -0.0367033 3.4303 -0.178812 -0.0354765 3.42458 -0.139763 0.328606 3.27739 -0.128211 0.708398 3.29818 0.0365861 -0.0336229 3.44432 0.0374831 0.331998 3.49533 0.0577279 0.63284 3.7739 
-0.0834208 -0.611032 3.17439 -0.0791649 -0.452094 3.32632 -0.238168 -0.458519 3.33618 -0.294078 -0.229071 3.25525 -0.156204 -0.37128 3.13485 0.0706154 -0.451565 3.3169 0.121313 -0.212011 3.19053 -0.0335539 -0.363605 3.10959 -0.0601393 0.0244948 3.43088 -0.176951 0.0250632 3.4113 -0.142767 0.361499 3.22816 -0.124837 0.731687 3.27668 0.0354693 0.0246872 3.45342 0.0367155 0.385355 3.51603 0.0552838 0.664182 3.81939 
-0.0898686 -0.543159 3.16861 -0.0877969 -0.382063 3.32675 -0.243316 -0.387204 3.33483 -0.292816 -0.160534 3.24489 -0.15812 -0.311398 3.13417 0.0658488 -0.382781 3.31714 0.113191 -0.14437 3.18832 -0.0382011 -0.302433 3.1129 -0.061061 0.088927 3.43455 -0.175521 0.0886844 3.40637 -0.145996 0.3916 3.18961 -0.122125 0.741255 3.26983 0.031663 0.0877505 3.46438 0.0329348 0.444517 3.51617 0.0511327 0.687685 3.85129 
-0.0957536 -0.46175 3.16097 -0.0930386 -0.29158 3.32113 -0.245028 -0.294948 3.33392 -0.291667 -0.0760755 3.23655 -0.159149 -0.237034 3.13437 0.0604412 -0.293275 3.31166 0.105684 -0.0624036 3.18745 -0.041418 -0.225883 3.1156 -0.0637062 0.163051 3.44661 -0.176144 0.159771 3.41913 -0.147474 0.416788 3.16039 -0.120899 0.747088 3.27546 0.0253567 0.160734 3.47359 0.0244874 0.517858 3.49611 0.0491722 0.700716 3.86453 
-0.099444 -0.400613 3.15179 -0.0937533 -0.230726 3.31909 -0.244471 -0.233522 3.33124 -0.28903 -0.0119844 3.23163 -0.158987 -0.176895 3.13394 0.0592228 -0.232239 3.31023 0.100877 -0.0011439 3.18693 -0.0439576 -0.16397 3.11738 -0.0655662 0.213657 3.4527 -0.177437 0.210581 3.43068 -0.150146 0.435457 3.15797 -0.117762 0.748916 3.29807 0.0217867 0.211468 3.47824 0.0230189 0.562922 3.46805 0.0442204 0.711264 3.84636 
-0.101972 -0.346616 3.14522 -0.0956903 -0.179434 3.31692 -0.244479 -0.183989 3.32887 -0.286188 0.0411114 3.22809 -0.157895 -0.125057 3.1348 0.0561658 -0.185376 3.31047 0.0973982 0.0491854 3.18699 -0.0462256 -0.112323 3.11976 -0.0664516 0.254399 3.45745 -0.176698 0.250042 3.43768 -0.154772 0.454814 3.18195 -0.111776 0.74838 3.34557 0.019133 0.253218 3.47861 0.0214938 0.593303 3.42603 0.0378739 0.71975 3.80278 
-0.103795 -0.297845 3.13878 -0.0970596 -0.131843 3.31257 -0.242984 -0.135135 3.32511 -0.284427 0.0892691 3.22491 -0.156632 -0.0767235 3.1354 0.0540142 -0.138703 3.31035 0.093294 0.095469 3.18697 -0.0475826 -0.0634425 3.1202 -0.0679405 0.291291 3.45737 -0.174757 0.287712 3.44719 -0.16268 0.489575 3.25246 -0.0983472 0.743102 3.45514 0.0161685 0.291502 3.47108 0.027318 0.601335 3.3449 0.0256453 0.733011 3.69626 
-0.104886 -0.261564 3.1345 -0.0991089 -0.100236 3.30898 -0.241586 -0.103298 3.32097 -0.282129 0.123496 3.22254 -0.156055 -0.0416401 3.13548 0.0518292 -0.106913 3.30997 0.0895148 0.128701 3.18708 -0.0483867 -0.0278224 3.12116 -0.0696376 0.31776 3.45614 -0.173965 0.314025 3.45276 -0.169417 0.502468 3.28431 -0.0922266 0.74196 3.5016 0.0142426 0.319573 3.46584 0.030214 0.614504 3.30379 0.0176256 0.73823 3.62838 
-0.105692 -0.234603 3.1313 -0.100542 -0.0780031 3.30608 -0.242508 -0.0793324 3.31695 -0.280715 0.148113 3.22065 -0.155931 -0.0171709 3.13494 0.0506658 -0.0808684 3.31014 0.0851001 0.152982 3.1874 -0.0486492 -0.00204185 3.12214 -0.0709297 0.338613 3.4574 -0.173928 0.33427 3.45501 -0.174859 0.511773 3.3003 -0.0897296 0.742534 3.52016 0.0124521 0.339763 3.46633 0.0320268 0.630451 3.28467 0.0125013 0.741573 3.59363 
-0.106402 -0.214372 3.12982 -0.100686 -0.0588261 3.30415 -0.243406 -0.0615746 3.31698 -0.28071 0.169261 3.21986 -0.156553 0.00466565 3.13544 0.0519647 -0.0624952 3.31051 0.0819602 0.173915 3.18834 -0.0486279 0.017178 3.12376 -0.0729708 0.35477 3.46003 -0.176503 0.351674 3.45407 -0.178856 0.516176 3.30782 -0.0905709 0.743871 3.52529 0.0116254 0.354815 3.47263 0.0328159 0.643161 3.27639 0.0111169 0.742566 3.5774 
-0.107662 -0.2055 3.12979 -0.102242 -0.0481903 3.30301 -0.244414 -0.0531177 3.31863 -0.280545 0.179078 3.21899 -0.158131 0.0159456 3.13563 0.0511907 -0.052912 3.31021 0.0802622 0.184128 3.18824 -0.0485017 0.0266789 3.12508 -0.0737657 0.362255 3.46182 -0.178974 0.359814 3.4537 -0.180837 0.516259 3.31002 -0.0918116 0.744982 3.52408 0.0111469 0.362495 3.47815 0.0336471 0.648757 3.27311 0.0118971 0.741366 3.57218 
-0.108561 -0.205021 3.13135 -0.103751 -0.0465112 3.30507 -0.244473 -0.0521129 3.32166 -0.280646 0.179186 3.21861 -0.159073 0.0182908 3.13632 0.0498507 -0.0513878 3.30912 0.0794997 0.185497 3.18718 -0.0487446 0.027486 3.12511 -0.073648 0.362684 3.46041 -0.180135 0.361362 3.45432 -0.18214 0.517166 3.31003 -0.0925648 0.744899 3.52546 0.01061 0.362695 3.47216 0.0343724 0.649205 3.27077 0.0121166 0.741735 3.56773 
-0.109242 -0.212766 3.135 -0.105898 -0.0541672 3.30944 -0.245967 -0.0579293 3.32533 -0.281025 0.170717 3.21891 -0.159228 0.0113012 3.13723 0.0472496 -0.0583443 3.307 0.0794589 0.177246 3.1852 -0.049667 0.019926 3.12488 -0.0723176 0.358296 3.45817 -0.178658 0.356242 3.45586 -0.181985 0.516044 3.30641 -0.092132 0.745635 3.52414 0.0118628 0.359107 3.46498 0.0331734 0.648259 3.27318 0.011352 0.742395 3.57029 
-0.109521 -0.23237 3.14044 -0.107148 -0.0719596 3.31343 -0.246551 -0.0736757 3.32806 -0.281233 0.151455 3.21909 -0.159122 -0.00975781 3.13774 0.0442157 -0.0742458 3.30239 0.0798435 0.157637 3.18153 -0.051045 0.00115983 3.12356 -0.0691405 0.346248 3.45354 -0.176109 0.341602 3.45518 -0.177523 0.51173 3.29714 -0.0923239 0.744586 3.51788 0.0134438 0.347876 3.46003 0.0325086 0.638828 3.28136 0.00971317 0.740845 3.58251 
-0.109341 -0.256065 3.14779 -0.107841 -0.0914583 3.31835 -0.247211 -0.0924314 3.32861 -0.281475 0.130862 3.21898 -0.159377 -0.0339155 3.13782 0.0431254 -0.0972812 3.30735 0.0814338 0.134649 3.17861 -0.0521588 -0.0238015 3.12354 -0.0674967 0.328859 3.45352 -0.173832 0.323453 3.45173 -0.17077 0.503191 3.27833 -0.0944832 0.744811 3.49511 0.0140793 0.332339 3.46093 0.0299705 0.62676 3.29899 0.0125573 0.737521 3.61131 
-0.108543 -0.285245 3.15767 -0.108259 -0.116491 3.32177 -0.248971 -0.117109 3.33111 -0.281388 0.101908 3.21809 -0.15992 -0.0675183 3.13829 0.0448662 -0.125453 3.30884 0.0826361 0.104922 3.17439 -0.0525986 -0.0555722 3.12266 -0.0668111 0.307578 3.45248 -0.172162 0.302805 3.44601 -0.162943 0.490646 3.24208 -0.0997271 0.745354 3.45034 0.0145308 0.310514 3.46346 0.025951 0.617089 3.33615 0.0199036 0.733025 3.66722 
-0.106833 -0.324552 3.16799 -0.108221 -0.153513 3.32378 -0.250095 -0.155261 3.33372 -0.280388 0.0616333 3.21605 -0.159763 -0.108335 3.13835 0.0478277 -0.16072 3.309 0.0852915 0.066823 3.16783 -0.0531109 -0.0955332 3.12133 -0.066506 0.281664 3.44988 -0.173011 0.279055 3.43283 -0.153685 0.461521 3.16824 -0.108437 0.749475 3.34257 0.0150598 0.282475 3.47068 0.017804 0.615017 3.4143 0.030836 0.723077 3.78076 
-0.105556 -0.362174 3.17633 -0.10782 -0.190106 3.32474 -0.251446 -0.192446 3.33565 -0.280202 0.0192607 3.21353 -0.159639 -0.149678 3.13912 0.0493737 -0.193462 3.30537 0.0859572 0.025746 3.15997 -0.0533228 -0.1364 3.11985 -0.0667749 0.254359 3.44253 -0.172188 0.252572 3.42215 -0.148456 0.448056 3.1354 -0.112728 0.750126 3.29385 0.0150681 0.254769 3.46864 0.0127878 0.598705 3.45327 0.0341247 0.717164 3.83382 
-0.104032 -0.405852 3.18244 -0.107052 -0.228483 3.32743 -0.2531 -0.231312 3.33525 -0.281412 -0.0267399 3.2064 -0.159202 -0.196511 3.1373 0.0516177 -0.23103 3.3112 0.0873766 -0.0174347 3.15262 -0.0531618 -0.182808 3.11875 -0.0684363 0.221665 3.43218 -0.177064 0.221087 3.40585 -0.146643 0.435802 3.12192 -0.116146 0.748975 3.27167 0.0146864 0.221538 3.46458 0.00989817 0.569897 3.47275 0.0353082 0.711602 3.85445 
-0.101881 -0.454959 3.18767 -0.107521 -0.275412 3.32773 -0.254073 -0.279031 3.3337 -0.282951 -0.0811541 3.19768 -0.158782 -0.248837 3.13588 0.0521797 -0.276725 3.31699 0.0854173 -0.0678691 3.14772 -0.0527884 -0.233774 3.11758 -0.070704 0.182284 3.42362 -0.18069 0.181646 3.39099 -0.147212 0.422226 3.11973 -0.118756 0.747591 3.26132 0.0143532 0.180309 3.45885 0.00912295 0.528634 3.48301 0.0361289 0.704542 3.85487 
-0.0984808 -0.516543 3.19039 -0.107285 -0.335237 3.32572 -0.254455 -0.342538 3.32985 -0.28488 -0.147281 3.18739 -0.157572 -0.312228 3.13144 0.0537674 -0.334811 3.31931 0.0844775 -0.130366 3.14513 -0.0517547 -0.294065 3.11574 -0.073716 0.132273 3.40921 -0.183474 0.132702 3.37413 -0.150234 0.407196 3.13004 -0.123149 0.744771 3.25852 0.0128935 0.129828 3.4453 0.0105259 0.474331 3.4896 0.0383482 0.695628 3.83287 
-0.0948402 -0.575016 3.18968 -0.106552 -0.398349 3.32083 -0.254468 -0.402806 3.32331 -0.288289 -0.208309 3.1818 -0.156549 -0.370171 3.12564 0.0544405 -0.39633 3.3179 0.0893429 -0.19113 3.14444 -0.0497071 -0.350493 3.11156 -0.0798407 0.0773671 3.39659 -0.186829 0.08033 3.36716 -0.154594 0.386433 3.1569 -0.127349 0.738086 3.2617 0.0112299 0.0747267 3.42975 0.0144394 0.419035 3.49274 0.0384006 0.682006 3.78989 
-0.0904245 -0.637437 3.18472 -0.104316 -0.468486 3.31215 -0.253375 -0.472349 3.31002 -0.290884 -0.271544 3.1771 -0.154936 -0.427164 3.11776 0.0567153 -0.468872 3.3134 0.0972874 -0.250769 3.14629 -0.0469595 -0.408536 3.10258 -0.0833177 0.00913529 3.38755 -0.18989 0.013409 3.36554 -0.159708 0.354589 3.2124 -0.13385 0.723923 3.27527 0.0105554 0.00781882 3.41339 0.0187046 0.357316 3.48086 0.0357028 0.660797 3.71174 
-0.0858924 -0.689551 3.1754 -0.100644 -0.525573 3.30058 -0.251267 -0.528092 3.29681 -0.291832 -0.317727 3.17303 -0.153024 -0.469595 3.10792 0.0589411 -0.524334 3.30407 0.104769 -0.297037 3.14724 -0.0441801 -0.452248 3.0915 -0.0858753 -0.0457347 3.38118 -0.192079 -0.0399535 3.36562 -0.165734 0.326856 3.28175 -0.143463 0.700349 3.30817 0.00971917 -0.0458754 3.40008 0.0143865 0.315938 3.45693 0.029442 0.653009 3.61572 
-0.0805809 -0.727152 3.16412 -0.0933068 -0.564496 3.29115 -0.24764 -0.5656 3.28402 -0.291453 -0.349546 3.16944 -0.150156 -0.49974 3.09883 0.0628452 -0.563143 3.29601 0.111864 -0.328592 3.14699 -0.0413783 -0.484225 3.08247 -0.0884869 -0.0855631 3.37799 -0.193473 -0.0813441 3.37317 -0.170488 0.298273 3.33743 -0.150869 0.670836 3.37863 0.00890195 -0.0835789 3.38881 0.00992812 0.292955 3.41688 0.0210606 0.65083 3.51407 
-0.0748382 -0.748506 3.15399 -0.0852517 -0.587878 3.28386 -0.240555 -0.589351 3.27338 -0.289088 -0.366806 3.16514 -0.146096 -0.515137 3.09109 0.0676376 -0.587998 3.28919 0.118951 -0.345422 3.14565 -0.0378991 -0.501404 3.07623 -0.09066 -0.106319 3.37543 -0.194034 -0.106296 3.38328 -0.177861 0.278808 3.39377 -0.160076 0.64266 3.49304 0.00863779 -0.101578 3.37507 0.00412711 0.28413 3.35624 0.00849458 0.653749 3.39821 
-0.0699298 -0.745095 3.14833 -0.078926 -0.58534 3.27982 -0.236018 -0.587581 3.26583 -0.286545 -0.36362 3.15975 -0.140531 -0.5122 3.08604 0.0717023 -0.584282 3.28581 0.124831 -0.341613 3.14485 -0.0335687 -0.499381 3.0731 -0.0915909 -0.101393 3.37184 -0.194418 -0.102946 3.38752 -0.183524 0.276802 3.44166 -0.168228 0.626056 3.60266 0.0073261 -0.0948332 3.36107 0.00148402 0.285369 3.2922 0.00210942 0.659943 3.30162 
-0.0663018 -0.723059 3.14498 -0.0732708 -0.563157 3.27852 -0.231266 -0.566447 3.26222 -0.283989 -0.342432 3.15278 -0.133572 -0.492696 3.08226 0.0750731 -0.559088 3.28354 0.128669 -0.320574 3.14416 -0.0288593 -0.47857 3.07225 -0.0922204 -0.07742 3.36782 -0.194678 -0.0789995 3.39046 -0.187489 0.288449 3.47849 -0.173782 0.619059 3.68976 0.00650456 -0.0716067 3.34832 -0.000568247 0.298885 3.23736 -0.00259509 0.677133 3.23464 
-0.0634048 -0.681298 3.14287 -0.0681032 -0.516577 3.27718 -0.226019 -0.520654 3.26157 -0.281788 -0.302439 3.1496 -0.127888 -0.455908 3.08017 0.0764935 -0.513146 3.28139 0.129691 -0.279972 3.14237 -0.023894 -0.439657 3.07361 -0.0926244 -0.0357331 3.3645 -0.194963 -0.0376371 3.39391 -0.190224 0.319842 3.50547 -0.179471 0.628216 3.76187 0.00622911 -0.0282261 3.33698 -0.00577738 0.325423 3.18408 -0.0100972 0.702336 3.19238 
-0.0608375 -0.619464 3.14067 -0.0646578 -0.453128 3.27701 -0.221956 -0.458556 3.26487 -0.279935 -0.243785 3.14757 -0.123806 -0.398858 3.08015 0.0777149 -0.448307 3.27824 0.129787 -0.221558 3.13868 -0.0195933 -0.384433 3.07678 -0.0934898 0.0245978 3.3627 -0.195399 0.0219464 3.39836 -0.192215 0.372266 3.5313 -0.183252 0.64952 3.82713 0.00534814 0.0319815 3.32476 -0.014517 0.35731 3.13041 -0.0190732 0.727762 3.17299 
-0.0593416 -0.557199 3.1372 -0.0632264 -0.389293 3.27581 -0.218449 -0.394701 3.26764 -0.277609 -0.18016 3.14852 -0.121121 -0.338026 3.07913 0.078263 -0.384939 3.27572 0.124997 -0.157232 3.1351 -0.018095 -0.324584 3.0775 -0.0966408 0.0830804 3.36475 -0.195672 0.08054 3.40467 -0.193684 0.425902 3.54319 -0.181257 0.67528 3.86678 0.00434014 0.089223 3.32083 -0.0189259 0.381473 3.09662 -0.0262291 0.740054 3.16393 
-0.0590953 -0.490641 3.13108 -0.0632601 -0.318859 3.27092 -0.216986 -0.323939 3.26684 -0.276097 -0.112067 3.14927 -0.120769 -0.274451 3.07795 0.0769871 -0.31558 3.27086 0.11897 -0.0872322 3.13333 -0.0188485 -0.259855 3.07781 -0.0990014 0.142856 3.37452 -0.196493 0.143298 3.41679 -0.194786 0.484729 3.54572 -0.178119 0.69546 3.89888 0.00250723 0.145696 3.32388 -0.0186125 0.403831 3.06926 -0.0291597 0.745379 3.15934 
-0.0599163 -0.427859 3.12269 -0.0644656 -0.253312 3.26569 -0.216659 -0.256898 3.26313 -0.276274 -0.0501955 3.1508 -0.121235 -0.214772 3.0765 0.0760259 -0.25195 3.26459 0.114575 -0.0222447 3.13169 -0.0225135 -0.194576 3.07471 -0.0994837 0.198007 3.38394 -0.196881 0.199663 3.43252 -0.195557 0.536641 3.54859 -0.177621 0.710003 3.92867 0.00226441 0.198759 3.33133 -0.0170267 0.419926 3.05157 -0.0324602 0.747848 3.15892 
-0.0616524 -0.37501 3.11369 -0.0664053 -0.196986 3.26115 -0.218902 -0.202305 3.25786 -0.276797 0.00491168 3.15083 -0.123047 -0.162295 3.07587 0.0747398 -0.194961 3.26211 0.11204 0.0349763 3.13247 -0.0262687 -0.13743 3.07225 -0.0985113 0.243363 3.38908 -0.196112 0.243746 3.44001 -0.196265 0.580265 3.55052 -0.178125 0.716655 3.94238 0.00307505 0.242215 3.3409 -0.0146598 0.431143 3.04089 -0.0358518 0.748044 3.15699 
-0.0650154 -0.320446 3.10456 -0.0689105 -0.14519 3.25983 -0.222853 -0.148044 3.25135 -0.276379 0.0572202 3.14948 -0.125521 -0.112625 3.07535 0.0729634 -0.143222 3.264 0.111209 0.0876107 3.13482 -0.0297548 -0.0823693 3.07283 -0.0970416 0.285907 3.39499 -0.194144 0.288244 3.44522 -0.19838 0.627606 3.54999 -0.17978 0.72203 3.94767 0.00354375 0.279783 3.3526 -0.0135728 0.433522 3.03538 -0.0412738 0.74797 3.15497 
-0.0694396 -0.282309 3.09659 -0.0742064 -0.107559 3.25859 -0.226279 -0.111398 3.24944 -0.275489 0.0990169 3.14821 -0.127772 -0.0749676 3.07433 0.0688792 -0.108083 3.26494 0.109514 0.124725 3.13672 -0.0317642 -0.044469 3.07161 -0.0959084 0.316355 3.39911 -0.192365 0.322071 3.44759 -0.199934 0.665073 3.54727 -0.176987 0.719704 3.9493 0.00336157 0.306138 3.35955 -0.0129661 0.432283 3.03327 -0.0443157 0.74742 3.15417 
-0.0745542 -0.251427 3.08927 -0.0819367 -0.0786841 3.25731 -0.229168 -0.0825773 3.24752 -0.274256 0.132581 3.14642 -0.130857 -0.0413665 3.07416 0.0614598 -0.0810404 3.26552 0.108439 0.152408 3.13762 -0.0344199 -0.0146089 3.07026 -0.0941007 0.340682 3.40135 -0.190625 0.346622 3.44881 -0.201917 0.693887 3.54497 -0.173866 0.715924 3.94789 0.00334226 0.328391 3.36359 -0.0106993 0.428347 3.03335 -0.0468682 0.747513 3.15382 
-0.0809852 -0.224267 3.08171 -0.0905504 -0.0535481 3.25453 -0.233778 -0.0569498 3.24199 -0.274091 0.160814 3.14268 -0.134125 -0.0151526 3.07403 0.0564041 -0.060719 3.26774 0.108427 0.176334 3.13767 -0.0358152 0.00867165 3.06868 -0.0909677 0.359225 3.40546 -0.189967 0.367198 3.44947 -0.203551 0.720094 3.5437 -0.170936 0.717626 3.94386 0.00350301 0.346078 3.36987 -0.00606757 0.426286 3.03276 -0.0482638 0.747856 3.15358 
-0.0860669 -0.205944 3.07581 -0.0968938 -0.0364308 3.25195 -0.237464 -0.0364752 3.23192 -0.2735 0.180938 3.14026 -0.138058 0.00503938 3.0736 0.0516496 -0.0462219 3.26912 0.108979 0.189983 3.1376 -0.0370549 0.023834 3.067 -0.0898217 0.373446 3.40958 -0.189328 0.381629 3.44792 -0.203226 0.734944 3.54342 -0.169428 0.719601 3.94178 0.00372548 0.358132 3.3778 -0.00546736 0.421025 3.03185 -0.0494732 0.747067 3.15354 
-0.0897138 -0.196723 3.07219 -0.10221 -0.0277293 3.25039 -0.24004 -0.0248726 3.22351 -0.273335 0.192155 3.13904 -0.140941 0.0171619 3.07301 0.0469569 -0.0392455 3.26819 0.108302 0.197988 3.13722 -0.0384953 0.0335405 3.06597 -0.0881195 0.38233 3.41007 -0.188542 0.390772 3.44599 -0.202403 0.73963 3.54388 -0.167063 0.720943 3.94063 0.00408254 0.366875 3.38075 -0.00606786 0.419707 3.03166 -0.0511662 0.746264 3.15345 
-0.0928049 -0.192136 3.06849 -0.104912 -0.0252944 3.24844 -0.241484 -0.0203992 3.21624 -0.273234 0.196544 3.13868 -0.143318 0.02166 3.07208 0.0446058 -0.0374943 3.26717 0.107287 0.200757 3.13685 -0.0397602 0.0378879 3.0654 -0.0872727 0.384464 3.40873 -0.18791 0.393856 3.44233 -0.200613 0.740926 3.54334 -0.165723 0.720771 3.93947 0.00428695 0.368932 3.38203 -0.00753564 0.418725 3.0321 -0.0519339 0.74519 3.15326 
-0.0946709 -0.193745 3.06611 -0.10692 -0.0270029 3.24706 -0.242402 -0.0220357 3.21543 -0.273862 0.195592 3.1376 -0.145608 0.0185937 3.07055 0.0433589 -0.0393978 3.26277 0.105639 0.198551 3.13463 -0.0407661 0.0362106 3.06259 -0.0867911 0.382853 3.40679 -0.18795 0.39355 3.44215 -0.199737 0.739012 3.54354 -0.165716 0.720585 3.94108 0.00472468 0.366842 3.37864 -0.0104747 0.417356 3.03107 -0.0523937 0.744767 3.15276 
-0.0954899 -0.203761 3.0643 -0.109525 -0.0342028 3.24519 -0.243351 -0.0306894 3.21788 -0.274217 0.188553 3.13548 -0.147321 0.00828928 3.0682 0.0421343 -0.0465249 3.25755 0.104 0.190193 3.13152 -0.0416466 0.028493 3.05925 -0.0865721 0.374898 3.40543 -0.188496 0.386878 3.44228 -0.1989 0.73166 3.54494 -0.166466 0.718879 3.94304 0.00528438 0.357913 3.37372 -0.0137683 0.415188 3.02809 -0.0525258 0.744915 3.15442 
-0.0958057 -0.222175 3.06359 -0.109715 -0.0510277 3.24195 -0.243182 -0.0491406 3.22034 -0.274268 0.172759 3.13161 -0.148708 -0.0102054 3.06579 0.0424918 -0.0616373 3.24824 0.102663 0.173946 3.12718 -0.0428813 0.0127916 3.05553 -0.0881596 0.361125 3.40266 -0.189294 0.371439 3.44115 -0.197278 0.71431 3.54603 -0.167645 0.71701 3.94659 0.00493698 0.344335 3.36644 -0.0168842 0.414128 3.02598 -0.0524555 0.745502 3.15407 
-0.0957141 -0.248849 3.06389 -0.10746 -0.0769795 3.23802 -0.242805 -0.0738874 3.2205 -0.273055 0.147308 3.12534 -0.150057 -0.0327495 3.06264 0.0439292 -0.0851966 3.23962 0.10247 0.147095 3.12062 -0.0437454 -0.0126494 3.05116 -0.0883791 0.33913 3.39284 -0.189676 0.348132 3.43563 -0.194063 0.686704 3.54949 -0.168644 0.718176 3.95169 0.00456788 0.325424 3.35053 -0.0205759 0.413588 3.02365 -0.0521742 0.745325 3.15137 
-0.0946157 -0.283886 3.06475 -0.104333 -0.105213 3.23239 -0.241463 -0.103688 3.21635 -0.271312 0.114385 3.11863 -0.150274 -0.0633871 3.05939 0.0458699 -0.116492 3.23496 0.103081 0.114889 3.11316 -0.0440647 -0.0458382 3.04694 -0.0902909 0.308859 3.38305 -0.190522 0.315579 3.42541 -0.19052 0.650018 3.55388 -0.179194 0.720813 3.95475 0.00456028 0.298574 3.34119 -0.0244744 0.413022 3.02232 -0.0514329 0.744398 3.1503 
-0.0927391 -0.330481 3.06609 -0.10041 -0.149112 3.22442 -0.239504 -0.148281 3.21325 -0.269785 0.0672806 3.10925 -0.148956 -0.111226 3.05516 0.0512035 -0.157107 3.22579 0.105789 0.0690878 3.10311 -0.0433483 -0.0935848 3.0423 -0.0904917 0.265999 3.37189 -0.190841 0.271101 3.4147 -0.187895 0.597117 3.56016 -0.18575 0.716202 3.95346 0.00456157 0.261467 3.32739 -0.0310161 0.411644 3.02378 -0.0497808 0.743737 3.14989 
-0.0902967 -0.384799 3.06967 -0.0971868 -0.200602 3.21426 -0.238424 -0.197216 3.20767 -0.270693 0.0167132 3.10323 -0.148775 -0.161358 3.04978 0.0551202 -0.206063 3.21448 0.108327 0.0152473 3.08754 -0.0426018 -0.149015 3.03432 -0.0898811 0.219394 3.35914 -0.191319 0.223284 3.40274 -0.188742 0.546015 3.56412 -0.188382 0.707224 3.94264 0.00397582 0.218201 3.31555 -0.0363988 0.404028 3.02931 -0.0483853 0.742869 3.15036 
-0.0857942 -0.441838 3.0741 -0.0914853 -0.252743 3.20591 -0.234285 -0.253498 3.20673 -0.270514 -0.0406908 3.09871 -0.147849 -0.215623 3.04431 0.0610445 -0.260675 3.20157 0.112625 -0.0414837 3.07508 -0.0402468 -0.204577 3.02452 -0.0908283 0.173684 3.34612 -0.192221 0.173486 3.39389 -0.189101 0.497696 3.56317 -0.188128 0.692949 3.91838 0.00429436 0.176232 3.30027 -0.0417748 0.395905 3.0399 -0.0470207 0.742791 3.15204 
-0.0776671 -0.506365 3.07888 -0.0815553 -0.320315 3.19928 -0.229126 -0.319009 3.20924 -0.269423 -0.110427 3.09594 -0.145349 -0.280557 3.03784 0.0677216 -0.324092 3.1881 0.118671 -0.105035 3.06394 -0.03748 -0.266889 3.01381 -0.0890628 0.11935 3.33414 -0.190899 0.113898 3.38602 -0.190191 0.442018 3.55649 -0.184295 0.67219 3.8762 0.00517376 0.124061 3.28482 -0.0453718 0.38167 3.05708 -0.0444513 0.74163 3.15354 
-0.0691337 -0.569318 3.08679 -0.0745605 -0.387514 3.1981 -0.225119 -0.386944 3.2127 -0.270865 -0.178123 3.09667 -0.142261 -0.344627 3.03423 0.0720471 -0.389242 3.18446 0.125225 -0.173754 3.05645 -0.0344914 -0.329801 3.00738 -0.0917323 0.0626344 3.32548 -0.192076 0.0556293 3.37431 -0.189971 0.389826 3.54058 -0.181534 0.650981 3.82733 0.00393571 0.0701105 3.27363 -0.0424303 0.364767 3.08756 -0.0396756 0.736533 3.15562 
-0.0623567 -0.629738 3.09546 -0.0679385 -0.455438 3.2005 -0.222186 -0.4587 3.2146 -0.272068 -0.244433 3.1003 -0.137382 -0.408884 3.03292 0.0760606 -0.453335 3.18906 0.134642 -0.235769 3.05382 -0.0309803 -0.391995 3.00373 -0.0932152 0.00480256 3.31985 -0.193184 -0.00268983 3.36138 -0.189825 0.341534 3.51392 -0.183419 0.633466 3.76685 0.00467628 0.0153268 3.26793 -0.0325941 0.345855 3.12397 -0.0295366 0.724976 3.15984 
-0.0580055 -0.683554 3.10365 -0.0637096 -0.513261 3.20685 -0.220128 -0.519246 3.2201 -0.275777 -0.30083 3.10633 -0.134771 -0.45637 3.03554 0.079265 -0.50983 3.19834 0.142855 -0.289309 3.06084 -0.0280205 -0.443881 3.00532 -0.0931489 -0.0450187 3.31552 -0.194495 -0.0540154 3.35096 -0.189426 0.304674 3.48321 -0.185404 0.625259 3.69502 0.00665167 -0.0352924 3.26808 -0.012777 0.322386 3.16161 -0.00888606 0.702955 3.17172 
-0.0552983 -0.725134 3.11263 -0.0618757 -0.556598 3.21779 -0.219813 -0.563316 3.2288 -0.278512 -0.340242 3.11597 -0.133844 -0.490099 3.04218 0.0801768 -0.550326 3.20987 0.147514 -0.326119 3.07465 -0.0259706 -0.479357 3.01156 -0.0919233 -0.0811403 3.31195 -0.194724 -0.0887692 3.3411 -0.188039 0.281925 3.44345 -0.186207 0.63172 3.60687 0.00836189 -0.0721425 3.27359 -0.000226599 0.301208 3.19632 0.00823837 0.680774 3.20324 
-0.0533323 -0.747543 3.12184 -0.0611319 -0.578061 3.23258 -0.220701 -0.584844 3.23848 -0.280685 -0.359816 3.12594 -0.13184 -0.508915 3.05201 0.0802519 -0.571007 3.22555 0.149595 -0.343726 3.08898 -0.0242361 -0.501651 3.02151 -0.0896606 -0.0992402 3.3091 -0.194767 -0.108321 3.33303 -0.185971 0.275601 3.40632 -0.186348 0.644603 3.53034 0.00974062 -0.0902896 3.27932 0.00711613 0.289572 3.21951 0.023132 0.673958 3.24029 
-0.0527623 -0.753767 3.13179 -0.0613846 -0.581541 3.24634 -0.222265 -0.588633 3.24759 -0.282398 -0.364116 3.13665 -0.128398 -0.513666 3.06413 0.0796141 -0.574737 3.244 0.150422 -0.347191 3.10639 -0.0214481 -0.50683 3.03439 -0.0871325 -0.0987438 3.30729 -0.194084 -0.106321 3.32444 -0.182115 0.283638 3.36869 -0.184042 0.666213 3.45617 0.0116682 -0.0917712 3.28789 0.0129904 0.292139 3.24024 0.0371864 0.675886 3.27846 
-0.053243 -0.742578 3.1421 -0.0624317 -0.567899 3.26406 -0.223006 -0.574479 3.25854 -0.282732 -0.351779 3.14915 -0.124102 -0.504692 3.07687 0.0803497 -0.563784 3.26715 0.150413 -0.336216 3.12868 -0.0175664 -0.49601 3.05355 -0.0825892 -0.0820261 3.30321 -0.192165 -0.0856569 3.31067 -0.177098 0.307444 3.32597 -0.17953 0.696607 3.38565 0.0153217 -0.079193 3.30173 0.0187106 0.310599 3.26494 0.0463431 0.69388 3.31617 
-0.0545492 -0.723632 3.15205 -0.0648209 -0.543004 3.27871 -0.225927 -0.54739 3.26556 -0.283272 -0.330022 3.15763 -0.120188 -0.487492 3.08775 0.0792651 -0.540581 3.28913 0.151441 -0.316239 3.14758 -0.0146905 -0.47852 3.06899 -0.0779317 -0.0578568 3.30002 -0.189905 -0.0608562 3.2987 -0.168534 0.334389 3.29072 -0.173542 0.715481 3.35114 0.0196425 -0.056063 3.31117 0.0238979 0.332417 3.28128 0.0486456 0.711442 3.34125 
-0.0557201 -0.700286 3.16227 -0.066796 -0.512819 3.29162 -0.227798 -0.518632 3.26972 -0.282752 -0.302585 3.16366 -0.117415 -0.464224 3.09858 0.07722 -0.510416 3.3117 0.152207 -0.292898 3.16551 -0.010305 -0.454474 3.08278 -0.0727784 -0.0273133 3.29856 -0.186567 -0.030955 3.28927 -0.158736 0.357219 3.27008 -0.167946 0.726938 3.33871 0.0229718 -0.0288482 3.31712 0.025349 0.353523 3.28903 0.0451837 0.731111 3.3609 
-0.0568318 -0.680044 3.17412 -0.0699092 -0.48944 3.30279 -0.231505 -0.493681 3.27234 -0.281587 -0.279117 3.16905 -0.115312 -0.439442 3.10833 0.0743713 -0.487395 3.33154 0.152607 -0.27391 3.18483 -0.00641815 -0.430763 3.09663 -0.0688699 -0.00564355 3.29899 -0.183251 -0.00900892 3.28007 -0.151975 0.374609 3.26136 -0.164089 0.734861 3.33579 0.0251503 -0.00637735 3.32425 0.0252164 0.369797 3.2947 0.0411098 0.741034 3.3751 
-0.057771 -0.674037 3.18411 -0.0711666 -0.484061 3.30974 -0.232584 -0.487092 3.27361 -0.281187 -0.275086 3.1717 -0.113876 -0.43123 3.11456 0.0724517 -0.484185 3.34647 0.151512 -0.271361 3.19755 -0.00468719 -0.425002 3.10697 -0.0672155 -0.0011329 3.30086 -0.181635 -0.00453879 3.27452 -0.150568 0.375318 3.26168 -0.165737 0.736385 3.33599 0.0266175 -0.00162349 3.33053 0.0272568 0.374008 3.30509 0.0406137 0.744254 3.38164 
-0.0584262 -0.675515 3.19183 -0.0710928 -0.486438 3.31456 -0.231752 -0.489712 3.27422 -0.282038 -0.285719 3.17013 -0.1142 -0.435978 3.11832 0.0713814 -0.488833 3.35638 0.154605 -0.279541 3.20462 -0.00251457 -0.431982 3.11411 -0.0666106 -0.00520372 3.30307 -0.18105 -0.00726076 3.27206 -0.154636 0.371928 3.26897 -0.170626 0.735963 3.33932 0.028772 -0.00538775 3.33889 0.0287126 0.372238 3.32055 0.0393445 0.745133 3.38418 
-0.058799 -0.677076 3.19882 -0.0696299 -0.493083 3.31517 -0.23114 -0.497864 3.2739 -0.283415 -0.303464 3.16458 -0.115463 -0.449475 3.12046 0.0711378 -0.497649 3.3628 0.160367 -0.292198 3.20679 -1.90652e-05 -0.445812 3.12013 -0.0662816 -0.0091848 3.30703 -0.180552 -0.010066 3.27231 -0.159396 0.367953 3.28303 -0.176468 0.735716 3.34246 0.0294005 -0.0104957 3.34932 0.0280037 0.370019 3.33448 0.0364412 0.74447 3.38678 
-0.0588604 -0.67646 3.2034 -0.0680596 -0.492792 3.31757 -0.229608 -0.495436 3.27478 -0.284619 -0.313855 3.15811 -0.116646 -0.457516 3.12191 0.0710789 -0.498393 3.36674 0.164891 -0.299036 3.20685 0.00316126 -0.453204 3.12489 -0.0658834 -0.00789049 3.31569 -0.179904 -0.00903912 3.27668 -0.163241 0.366869 3.29276 -0.179627 0.735599 3.34413 0.028763 -0.0107754 3.35883 0.0278845 0.370676 3.34188 0.0346718 0.743135 3.38856 
-0.0584871 -0.67456 3.20678 -0.0676741 -0.490874 3.32363 -0.22865 -0.492951 3.2798 -0.285398 -0.317532 3.15554 -0.116787 -0.457635 3.12322 0.0710964 -0.49713 3.36844 0.168144 -0.301425 3.20845 0.00568403 -0.454306 3.12919 -0.0650576 -0.00518414 3.32652 -0.178635 -0.00653451 3.28503 -0.166653 0.369962 3.30118 -0.182512 0.737293 3.34519 0.0282449 -0.00674254 3.36596 0.0281511 0.374752 3.34751 0.0338674 0.743806 3.39061 
-0.0575761 -0.675429 3.2086 -0.0680647 -0.490882 3.32767 -0.228036 -0.491852 3.28209 -0.284363 -0.313301 3.16512 -0.115672 -0.451934 3.12436 0.0713288 -0.496724 3.36968 0.169713 -0.300577 3.21422 0.00709755 -0.450185 3.13209 -0.0658499 -0.00609832 3.3356 -0.178655 -0.00750877 3.29216 -0.167607 0.36907 3.30624 -0.183169 0.73719 3.34558 0.0280149 -0.00782046 3.3723 0.0290771 0.374994 3.35039 0.0338583 0.745055 3.39163 
-0.0560213 -0.676847 3.20944 -0.0671638 -0.491019 3.32945 -0.227425 -0.491024 3.28518 -0.283374 -0.304034 3.17594 -0.114487 -0.442861 3.12525 0.0719912 -0.496571 3.37031 0.170239 -0.296076 3.22164 0.00710404 -0.440605 3.13378 -0.0665655 -0.00756415 3.34059 -0.178144 -0.0089228 3.29648 -0.167632 0.368906 3.30798 -0.182465 0.737115 3.34566 0.0272969 -0.00863189 3.37649 0.028132 0.373424 3.35196 0.0336437 0.746052 3.39195 
-0.0536625 -0.67569 3.21004 -0.0668103 -0.489518 3.33235 -0.226329 -0.489676 3.29114 -0.283312 -0.295157 3.18949 -0.114543 -0.42861 3.12584 0.0733809 -0.494639 3.36831 0.169771 -0.289417 3.23062 0.00853846 -0.426442 3.13297 -0.0671601 -0.00730013 3.34456 -0.178649 -0.00885258 3.30088 -0.168853 0.369128 3.30997 -0.182229 0.736625 3.34577 0.0263383 -0.00797268 3.37849 0.0277137 0.373794 3.3528 0.0334485 0.745962 3.39156 
-0.0511933 -0.671385 3.21087 -0.0665741 -0.486927 3.33844 -0.224376 -0.488161 3.29878 -0.282355 -0.284919 3.20804 -0.116175 -0.405999 3.12615 0.0741673 -0.492899 3.36807 0.169789 -0.28022 3.24167 0.0118459 -0.405394 3.13237 -0.066012 -0.00525436 3.3473 -0.178164 -0.00699729 3.30737 -0.169733 0.371857 3.31317 -0.182835 0.737092 3.34589 0.0266871 -0.00556659 3.37928 0.0276512 0.374735 3.35331 0.0333228 0.746406 3.39062 
-0.0479951 -0.667861 3.21212 -0.0664618 -0.484293 3.34408 -0.223385 -0.484812 3.30382 -0.282098 -0.271805 3.22581 -0.119083 -0.376955 3.12668 0.0747538 -0.490068 3.36959 0.170398 -0.269795 3.25672 0.0168158 -0.375375 3.13057 -0.0644409 -0.00338313 3.34988 -0.178455 -0.00527586 3.31217 -0.170117 0.373654 3.31504 -0.182442 0.737347 3.34616 0.0282057 -0.0029899 3.37909 0.0282866 0.375436 3.3539 0.0333821 0.746192 3.39102 
-0.0449687 -0.665781 3.21287 -0.0662911 -0.483119 3.34737 -0.222499 -0.484106 3.30912 -0.281837 -0.260159 3.24654 -0.127362 -0.336137 3.12809 0.0757271 -0.488885 3.3709 0.170386 -0.262112 3.27426 0.0249608 -0.33447 3.13156 -0.0635421 -0.0018439 3.35151 -0.177545 -0.00392057 3.31782 -0.169667 0.374291 3.31668 -0.182117 0.739068 3.34643 0.0300523 -0.00271793 3.38016 0.0276716 0.375037 3.35489 0.033425 0.74678 3.39059 
-0.0415992 -0.665311 3.21324 -0.0660764 -0.482403 3.34968 -0.221052 -0.483859 3.31447 -0.280706 -0.25252 3.26954 -0.143814 -0.27571 3.13176 0.0775336 -0.488218 3.37308 0.170141 -0.25606 3.29114 0.0392451 -0.274753 3.13703 -0.063023 -0.00131505 3.35278 -0.176889 -0.00377782 3.32286 -0.168216 0.374014 3.31685 -0.182231 0.740083 3.3469 0.0311371 -0.0030322 3.38303 0.0276419 0.374506 3.35461 0.0335942 0.747086 3.39132 
-0.038577 -0.663469 3.21307 -0.0659003 -0.481325 3.35179 -0.220636 -0.483752 3.31944 -0.278687 -0.2473 3.28823 -0.170566 -0.197611 3.14529 0.0811175 -0.48725 3.37252 0.169811 -0.251649 3.31157 0.0674076 -0.194743 3.15849 -0.0629081 -0.0030774 3.35398 -0.176108 -0.0045907 3.32552 -0.167507 0.374186 3.3179 -0.182344 0.7395 3.34778 0.031649 -0.00443577 3.3842 0.0282872 0.375156 3.3552 0.033863 0.747129 3.3911 
-0.0365591 -0.661819 3.21257 -0.0655343 -0.480839 3.35265 -0.218953 -0.483509 3.32205 -0.278366 -0.244072 3.30556 -0.200089 -0.133181 3.16987 0.0836302 -0.485336 3.3716 0.170049 -0.246646 3.32722 0.0966742 -0.132116 3.18277 -0.062669 -0.00168399 3.35604 -0.174835 -0.00353847 3.32707 -0.167277 0.375112 3.32026 -0.182495 0.738565 3.34928 0.0340653 -0.00337361 3.38433 0.0299685 0.37746 3.3569 0.0344348 0.746949 3.38991 
-0.0351698 -0.661192 3.21156 -0.0647161 -0.480608 3.35295 -0.214914 -0.483105 3.32405 -0.2808 -0.240704 3.31881 -0.23586 -0.0798269 3.19871 0.0864412 -0.484558 3.37208 0.169919 -0.241654 3.33911 0.125533 -0.0844307 3.2158 -0.0623739 -0.00110689 3.358 -0.172931 -0.00350663 3.33029 -0.167467 0.37565 3.32318 -0.182768 0.738454 3.35024 0.0373181 -0.00193301 3.38373 0.0309022 0.378137 3.35831 0.0335299 0.746962 3.38951 
-0.0343721 -0.661129 3.20884 -0.0632165 -0.480519 3.35248 -0.212585 -0.482373 3.32294 -0.285471 -0.237994 3.3293 -0.274615 -0.0448744 3.23782 0.0886162 -0.482361 3.372 0.16987 -0.237558 3.34914 0.151952 -0.0482352 3.24965 -0.0620865 0.000703643 3.35814 -0.173049 -0.00239548 3.33494 -0.167667 0.378123 3.32549 -0.182906 0.739133 3.35053 0.039076 0.000907129 3.38184 0.0320216 0.379614 3.35995 0.0330858 0.747088 3.38921 
-0.0337447 -0.661105 3.20597 -0.0601666 -0.480598 3.35103 -0.208821 -0.482433 3.31996 -0.290932 -0.238321 3.33974 -0.308768 -0.0285897 3.2722 0.0913988 -0.482093 3.37144 0.169986 -0.232861 3.35762 0.174812 -0.0243231 3.283 -0.0615265 0.00508226 3.35645 -0.171784 0.00173952 3.33228 -0.167879 0.382441 3.32665 -0.182957 0.739403 3.35072 0.0404018 0.0068185 3.37965 0.0339944 0.384608 3.36051 0.0329188 0.747289 3.38901 
-0.033323 -0.661216 3.20325 -0.0587036 -0.480944 3.34957 -0.206311 -0.482778 3.31869 -0.296262 -0.241812 3.35056 -0.334019 -0.0243759 3.30429 0.0939422 -0.483473 3.37009 0.171121 -0.231267 3.36587 0.193123 -0.0127292 3.30962 -0.0605165 0.00700258 3.35436 -0.170226 0.00280965 3.32709 -0.167488 0.383553 3.32726 -0.182957 0.73953 3.35083 0.041614 0.0089192 3.3763 0.0349136 0.386658 3.36024 0.0329282 0.747712 3.38887 
-0.0330627 -0.661628 3.19998 -0.057927 -0.481796 3.34764 -0.203829 -0.483712 3.31885 -0.301583 -0.246533 3.36218 -0.350794 -0.0274918 3.32996 0.0973816 -0.484282 3.36692 0.17255 -0.231031 3.37379 0.206959 -0.00788968 3.32921 -0.0589016 0.00653894 3.35085 -0.169686 0.00278488 3.32103 -0.166515 0.384016 3.32989 -0.182947 0.739592 3.35087 0.0432099 0.00903295 3.37227 0.0356262 0.389088 3.35882 0.033137 0.748676 3.3887 
-0.032863 -0.661634 3.19799 -0.0576498 -0.482097 3.34667 -0.202454 -0.484135 3.32056 -0.305845 -0.24968 3.36937 -0.361056 -0.0324021 3.34353 0.099314 -0.485441 3.36487 0.173803 -0.2308 3.38116 0.217795 -0.00565594 3.34467 -0.0582441 0.00656646 3.34933 -0.16914 0.0022707 3.31925 -0.165469 0.383901 3.33132 -0.182927 0.73958 3.35093 0.044077 0.00887149 3.36981 0.0361379 0.390267 3.35822 0.0333246 0.749099 3.38859 
-0.0328223 -0.661241 3.19675 -0.0574781 -0.482199 3.34651 -0.201543 -0.484312 3.32033 -0.307917 -0.251191 3.37206 -0.366115 -0.0347985 3.34734 0.100797 -0.486309 3.36484 0.175589 -0.230485 3.3881 0.224526 -0.00515915 3.35245 -0.0578998 0.00552017 3.34926 -0.168364 0.00103135 3.3186 -0.163787 0.384792 3.33199 -0.182936 0.739478 3.35093 0.0447056 0.0080227 3.37033 0.0364373 0.391033 3.35807 0.0336076 0.749291 3.38848 
-0.0330074 -0.660324 3.19595 -0.0573176 -0.482146 3.34712 -0.200603 -0.484389 3.32007 -0.309172 -0.251667 3.37084 -0.365671 -0.0352519 3.34188 0.102563 -0.487537 3.36468 0.176659 -0.231172 3.39027 0.227386 -0.00482513 3.35088 -0.0579246 0.00420801 3.35059 -0.166608 -0.000719988 3.32154 -0.162789 0.385537 3.33252 -0.182923 0.739185 3.35098 0.0449056 0.00589743 3.3717 0.0365557 0.390301 3.35828 0.0342158 0.749291 3.3884 
-0.0334089 -0.659784 3.19539 -0.0571654 -0.481773 3.34656 -0.199163 -0.484403 3.31966 -0.308809 -0.251291 3.36681 -0.35981 -0.0339238 3.32789 0.103473 -0.488436 3.36429 0.177241 -0.233132 3.388 0.225937 -0.00555281 3.34112 -0.0581603 0.00336261 3.35387 -0.166911 -0.00130552 3.32695 -0.161994 0.384944 3.331 -0.182877 0.738454 3.35109 0.0449728 0.00563671 3.37438 0.0369379 0.389299 3.35909 0.0354755 0.749143 3.38832 
-0.0341023 -0.659364 3.19489 -0.0571637 -0.482276 3.34677 -0.198492 -0.48442 3.32129 -0.306534 -0.249951 3.36198 -0.34768 -0.0303686 3.30968 0.103892 -0.488193 3.36339 0.178426 -0.234662 3.38383 0.221961 -0.00648602 3.32889 -0.0584034 0.00414059 3.35666 -0.166985 4.23095e-06 3.33642 -0.161041 0.385894 3.33128 -0.182689 0.738409 3.35116 0.0448019 0.00758286 3.37658 0.0383746 0.390883 3.36063 0.0358606 0.749149 3.38802 
-0.035033 -0.658858 3.19549 -0.057017 -0.482668 3.34798 -0.198321 -0.484355 3.32303 -0.302201 -0.247208 3.35549 -0.327763 -0.0273823 3.28836 0.104108 -0.488233 3.36629 0.178877 -0.235241 3.37814 0.213867 -0.00984358 3.31217 -0.0584974 0.00537717 3.35961 -0.166832 0.00121058 3.34345 -0.161292 0.387856 3.33334 -0.182811 0.739093 3.3511 0.0447692 0.00849528 3.3787 0.0386396 0.390839 3.36131 0.0356487 0.749269 3.38742 
-0.0365452 -0.658052 3.19619 -0.0570424 -0.483127 3.35004 -0.198559 -0.484142 3.32578 -0.296056 -0.246628 3.35047 -0.305259 -0.0318372 3.26392 0.104237 -0.488392 3.36772 0.178514 -0.236257 3.37262 0.205216 -0.014663 3.29622 -0.0590345 0.00458485 3.36105 -0.168229 0.000588321 3.34653 -0.162363 0.385553 3.33338 -0.182812 0.73934 3.35089 0.0446873 0.0070044 3.37955 0.0376509 0.388878 3.36186 0.0346033 0.749488 3.38853 
-0.0376903 -0.657788 3.1969 -0.0571078 -0.484053 3.35195 -0.199067 -0.48543 3.33069 -0.290971 -0.245898 3.3463 -0.283416 -0.0390079 3.2401 0.104246 -0.488729 3.36644 0.177475 -0.237648 3.36785 0.195871 -0.0208425 3.28138 -0.0585394 0.00266681 3.36154 -0.168131 -0.00101244 3.34534 -0.162778 0.383533 3.33394 -0.18275 0.739278 3.35077 0.0448077 0.00384936 3.37931 0.037512 0.387317 3.36199 0.0340784 0.749531 3.38946 
-0.0386507 -0.657872 3.19774 -0.0569038 -0.484434 3.35332 -0.199739 -0.48623 3.33382 -0.286515 -0.245253 3.341 -0.260567 -0.0486914 3.21747 0.104118 -0.489393 3.3662 0.176172 -0.239057 3.36446 0.187834 -0.0270944 3.26677 -0.0583178 0.0017151 3.36159 -0.165932 -0.00168397 3.34388 -0.162705 0.381912 3.33301 -0.182614 0.738812 3.35058 0.0455055 0.00165403 3.38016 0.038158 0.386607 3.3619 0.0338306 0.749553 3.38831 
-0.0395783 -0.658261 3.19895 -0.0563022 -0.484565 3.35274 -0.200654 -0.487149 3.33518 -0.283384 -0.244659 3.3344 -0.239822 -0.0666262 3.20231 0.103787 -0.489442 3.36674 0.175432 -0.240187 3.36187 0.182183 -0.0344681 3.25277 -0.0582347 0.0010288 3.36139 -0.164382 -0.00321876 3.34189 -0.162402 0.381302 3.33238 -0.182316 0.737631 3.3502 0.0468592 0.00032298 3.3804 0.0380094 0.386187 3.36123 0.0336156 0.7495 3.38676 
-0.0405325 -0.659074 3.19968 -0.0571338 -0.484641 3.35247 -0.202036 -0.487509 3.33576 -0.282327 -0.2446 3.33041 -0.227527 -0.0775101 3.19516 0.102931 -0.488742 3.36612 0.175019 -0.240447 3.36098 0.178247 -0.0384693 3.2437 -0.0581391 0.00194607 3.3613 -0.16253 -0.00380411 3.34103 -0.162177 0.381398 3.33146 -0.182192 0.73657 3.34944 0.0476023 0.000600017 3.38041 0.0369967 0.385789 3.35971 0.033449 0.749477 3.38645 
-0.0404071 -0.659465 3.20014 -0.0574942 -0.484676 3.35236 -0.202273 -0.487673 3.33607 -0.282591 -0.24493 3.32814 -0.221002 -0.0826772 3.19222 0.103596 -0.488501 3.36646 0.174836 -0.239811 3.36051 0.176139 -0.0401599 3.23826 -0.0580616 0.00185362 3.36115 -0.161659 -0.00406533 3.34055 -0.161847 0.38077 3.33207 -0.182204 0.736332 3.35004 0.0478975 0.00092931 3.38037 0.0367893 0.385343 3.35879 0.0333133 0.749412 3.38737 
-0.0403512 -0.65963 3.20034 -0.0576366 -0.484684 3.35233 -0.201516 -0.487746 3.33625 -0.284257 -0.244573 3.32756 -0.219231 -0.0827398 3.192 0.10379 -0.488372 3.36568 0.174659 -0.240494 3.36033 0.175236 -0.0417571 3.23578 -0.0581222 0.00244929 3.36112 -0.161315 -0.00412706 3.34034 -0.161736 0.380562 3.3323 -0.182207 0.736842 3.35016 0.0479078 0.00161826 3.38031 0.0373903 0.384618 3.35833 0.033272 0.749394 3.38775 
