15 156 4
0 0 0 0 0 0
0.126709 -1.60177 -0.124246 3.89049 0.231406 3.58272
-0.00192581 3.06012 0.0318007 -0.628713 0.14033 7.36518
0.113973 1.61967 0.116063 -3.58253 0.439694 3.68812
-0.00416002 -0.666566 3.44568 0.00430227 -0.48943 3.58996 -0.156122 -0.488015 3.58856 -0.195528 -0.245506 3.65886 -0.221181 -0.0294528 3.58624 0.163775 -0.500126 3.59658 0.204317 -0.245288 3.53692 0.250591 -0.00445806 3.46405 0.0116928 0.0139383 3.60997 -0.0954315 0.0127535 3.59819 -0.10431 0.399729 3.59031 -0.125966 0.775966 3.60498 0.113875 0.0110992 3.59957 0.118418 0.389106 3.57958 0.127965 0.763509 3.58651 
-0.0118158 -0.671422 3.44969 0.00426246 -0.489434 3.58994 -0.156103 -0.488038 3.58868 -0.195168 -0.245587 3.65874 -0.216339 -0.0256262 3.58537 0.164025 -0.500162 3.59721 0.204275 -0.241345 3.53686 0.250829 0.000183446 3.46411 0.0116134 0.0139554 3.60987 -0.096106 0.0129081 3.59727 -0.104611 0.397903 3.58954 -0.126307 0.776323 3.60381 0.113775 0.010926 3.60418 0.118789 0.391388 3.58017 0.128045 0.765702 3.58659 
-0.0100646 -0.666742 3.44744 0.00402684 -0.489373 3.5895 -0.156334 -0.487936 3.5884 -0.194966 -0.245336 3.6586 -0.21638 -0.0178842 3.58496 0.15996 -0.50262 3.59695 0.204356 -0.241407 3.53685 0.251187 -0.00451614 3.46418 0.011696 0.0140331 3.60993 -0.100206 0.0131707 3.6013 -0.108588 0.398629 3.58979 -0.126254 0.776248 3.60398 0.113752 0.010953 3.6042 0.118242 0.391325 3.57931 0.127986 0.76357 3.5865 
-0.0080696 -0.671402 3.44988 0.00412003 -0.487482 3.58964 -0.156007 -0.488126 3.58512 -0.19505 -0.241335 3.65862 -0.211633 -0.0142692 3.57614 0.155677 -0.500005 3.59641 0.204117 -0.245273 3.53699 0.249084 0.000121714 3.46377 0.0120353 0.0140556 3.61051 -0.100597 0.011502 3.59319 -0.107986 0.393456 3.59126 -0.126266 0.776231 3.60409 0.114409 0.0111733 3.60549 0.119758 0.389696 3.58612 0.128076 0.763877 3.5911 
-0.00977465 -0.671059 3.44353 0.00396112 -0.487439 3.58928 -0.157181 -0.487815 3.5827 -0.202358 -0.237439 3.63827 -0.204366 -0.0169195 3.5596 0.156325 -0.502412 3.59784 0.204524 -0.245202 3.53688 0.245678 -0.00847832 3.45559 0.00783218 0.0137009 3.60577 -0.100867 0.00961878 3.5926 -0.107902 0.395856 3.59592 -0.126299 0.776212 3.60408 0.1098 0.00845627 3.6044 0.119726 0.38945 3.58176 0.127919 0.761208 3.5864 
-0.0101696 -0.670925 3.44305 0.00348921 -0.488992 3.58444 -0.157308 -0.487816 3.58257 -0.199256 -0.234671 3.63198 -0.221928 -0.0106764 3.51147 0.155816 -0.499984 3.59666 0.203982 -0.236986 3.53686 0.240674 0.00594569 3.45474 0.00755469 0.0115671 3.6051 -0.101404 0.00975372 3.59152 -0.108136 0.395768 3.59097 -0.126391 0.774037 3.60378 0.109609 0.0102741 3.60417 0.119721 0.386987 3.58618 0.127884 0.761232 3.58635 
-0.0114995 -0.66642 3.44143 -0.000487207 -0.489273 3.58491 -0.157147 -0.48787 3.58754 -0.19031 -0.240464 3.65802 -0.204894 -0.0168322 3.55944 0.15587 -0.500013 3.5967 0.203705 -0.236533 3.53673 0.232105 0.0150202 3.45368 0.00730909 0.0137066 3.60478 -0.101308 0.00930332 3.60043 -0.107427 0.392493 3.59767 -0.125738 0.772763 3.61058 0.109387 0.0126735 3.59922 0.119664 0.389826 3.57691 0.127938 0.761955 3.58169 
-0.0113934 -0.666345 3.44154 -0.00453882 -0.488954 3.58447 -0.15679 -0.487962 3.58385 -0.199792 -0.234334 3.62818 -0.225726 -0.00943638 3.51045 0.155005 -0.49983 3.59484 0.204224 -0.245176 3.53676 0.226554 0.00142545 3.45303 0.00751127 0.0137356 3.60532 -0.101268 0.00924079 3.60055 -0.107284 0.392372 3.59798 -0.125808 0.77211 3.61512 0.109425 0.010434 3.59932 0.119846 0.389812 3.57721 0.12798 0.764114 3.58169 
-0.0125799 -0.661746 3.44014 -0.00473758 -0.488964 3.58432 -0.157003 -0.487925 3.5836 -0.201291 -0.234686 3.62379 -0.234361 -0.00902251 3.51162 0.15477 -0.502186 3.59452 0.200545 -0.240323 3.53649 0.21761 -0.00164218 3.45206 0.00680451 0.0115035 3.60387 -0.102449 0.00511542 3.60266 -0.107788 0.392293 3.60139 -0.126029 0.772255 3.61465 0.109337 0.00823725 3.59941 0.119063 0.389755 3.57582 0.127905 0.761986 3.58159 
-0.0140427 -0.660502 3.43461 -0.00508972 -0.490906 3.58358 -0.157084 -0.487919 3.58781 -0.200598 -0.231451 3.62771 -0.233424 -0.00230891 3.52018 0.15521 -0.504195 3.59542 0.200689 -0.240401 3.53654 0.217839 -0.0104476 3.45218 0.00617822 0.0114801 3.60298 -0.102677 0.00509345 3.60249 -0.108251 0.392665 3.60038 -0.126 0.77227 3.61481 0.10879 0.0126566 3.59425 0.118039 0.391488 3.56997 0.128168 0.764612 3.58638 
-0.0133801 -0.660594 3.43516 -0.00520229 -0.490603 3.57959 -0.157025 -0.487911 3.58802 -0.201101 -0.230659 3.62523 -0.237286 -0.00431174 3.5252 0.154497 -0.501403 3.59021 0.200747 -0.239859 3.53652 0.213655 -0.00181633 3.45173 0.00577981 0.0115716 3.60226 -0.102733 0.00717694 3.60699 -0.108534 0.39241 3.60445 -0.126004 0.772272 3.61486 0.108387 0.0106916 3.59336 0.117664 0.391506 3.56931 0.128119 0.766797 3.58625 
-0.0127241 -0.660512 3.43562 -0.00505952 -0.488694 3.57983 -0.156749 -0.487875 3.58826 -0.201401 -0.23018 3.62349 -0.238034 -0.000767436 3.53015 0.154804 -0.502111 3.58614 0.200812 -0.236057 3.53648 0.213908 -0.00172465 3.45165 0.00542115 0.0113623 3.60602 -0.103444 0.00520234 3.61003 -0.109084 0.394636 3.60814 -0.126132 0.772382 3.61453 0.108573 0.0126613 3.59373 0.11752 0.391665 3.57307 0.128177 0.766778 3.58632 
-0.0128797 -0.660635 3.43537 -0.00495801 -0.488731 3.57989 -0.156902 -0.487816 3.58776 -0.201404 -0.230302 3.62562 -0.238993 -0.00632939 3.5267 0.15487 -0.50398 3.58636 0.200989 -0.244143 3.53656 0.21405 -0.00591369 3.45198 0.00664818 0.00718854 3.60399 -0.102227 0.0073776 3.60393 -0.108228 0.397261 3.60032 -0.126235 0.774726 3.61408 0.108787 0.00846894 3.59395 0.117909 0.391495 3.56967 0.128098 0.768804 3.58618 
-0.0128201 -0.660532 3.43539 -0.00517389 -0.490581 3.57947 -0.156704 -0.487926 3.58856 -0.199741 -0.23135 3.63081 -0.221378 -0.0138748 3.58562 0.153953 -0.503698 3.58893 0.20082 -0.244238 3.53656 0.213567 -0.00613041 3.45212 0.00688809 0.00717149 3.60454 -0.101681 0.00730661 3.60075 -0.108355 0.39734 3.59999 -0.126166 0.774689 3.61424 0.108827 0.00850289 3.59387 0.118055 0.393448 3.56986 0.128143 0.768806 3.58622 
-0.0121216 -0.657031 3.43597 -0.00509124 -0.490591 3.57956 -0.156801 -0.487952 3.58394 -0.199955 -0.231311 3.6302 -0.221408 -0.0138441 3.58562 0.154584 -0.5039 3.58566 0.200926 -0.239858 3.53657 0.217885 0.00269026 3.45253 0.00735408 0.0115552 3.60112 -0.101311 0.00735937 3.60132 -0.108094 0.394892 3.6006 -0.126246 0.770257 3.61433 0.10907 0.00821287 3.59418 0.118293 0.393463 3.5702 0.128161 0.768781 3.58624 
-0.0104689 -0.656701 3.43369 -0.00428665 -0.488816 3.57646 -0.156707 -0.487905 3.58381 -0.199418 -0.231944 3.63508 -0.221316 -0.0137777 3.58553 0.154941 -0.499956 3.59001 0.201032 -0.244162 3.53649 0.218685 0.00728325 3.45277 0.007411 0.0136876 3.60125 -0.101117 0.00893823 3.6061 -0.108079 0.397108 3.60058 -0.126077 0.770167 3.61471 0.109469 0.00874539 3.59873 0.117892 0.393499 3.5697 0.128216 0.766765 3.58637 
-0.00984283 -0.660689 3.43434 -0.00417842 -0.488845 3.57682 -0.156662 -0.487897 3.58375 -0.198278 -0.232811 3.63828 -0.22495 -0.0139611 3.58604 0.155159 -0.500018 3.59076 0.200376 -0.23591 3.53644 0.240157 0.0149007 3.45481 0.00769377 0.0158908 3.60158 -0.100729 0.00907414 3.60156 -0.108127 0.397219 3.60066 -0.125968 0.772325 3.61496 0.109643 0.010702 3.59503 0.117971 0.391531 3.56977 0.128508 0.768953 3.57769 
-0.01039 -0.660606 3.43357 -0.00373289 -0.486668 3.57371 -0.156502 -0.485623 3.57566 -0.20019 -0.230903 3.62334 -0.240527 -0.002098 3.53353 0.154807 -0.499873 3.59453 0.200465 -0.235913 3.53639 0.240952 0.0192836 3.46261 0.00770894 0.0137994 3.60179 -0.0999995 0.0115995 3.59483 -0.107548 0.397278 3.59729 -0.125689 0.774154 3.61553 0.109246 0.0126725 3.59394 0.118786 0.391607 3.57116 0.128414 0.768326 3.58203 
-0.00963161 -0.661045 3.43423 -0.00390723 -0.486679 3.57329 -0.156545 -0.487677 3.57559 -0.198671 -0.23188 3.62906 -0.221322 -0.00987848 3.57769 0.154479 -0.502016 3.59376 0.200481 -0.239841 3.53643 0.235395 0.0191278 3.46222 0.00723204 0.0115557 3.60054 -0.104487 0.00961963 3.59406 -0.107883 0.395319 3.59665 -0.125751 0.774209 3.6153 0.109231 0.00636173 3.59369 0.118916 0.389444 3.56719 0.128582 0.768916 3.57777 
-0.0118406 -0.65617 3.42724 -0.0039641 -0.48671 3.57305 -0.156189 -0.487792 3.5761 -0.202514 -0.232455 3.62897 -0.221556 -0.00620672 3.56944 0.154467 -0.501817 3.59016 0.200481 -0.239849 3.53647 0.23534 0.0145674 3.46253 0.00668166 0.0115264 3.59923 -0.101475 0.00971869 3.58767 -0.109267 0.401504 3.59245 -0.126789 0.775736 3.60787 0.1091 0.00610573 3.59379 0.114558 0.38838 3.5715 0.128369 0.768328 3.58221 
-0.011126 -0.655651 3.42393 -0.00863862 -0.488512 3.56853 -0.156528 -0.487804 3.57566 -0.20155 -0.233471 3.63258 -0.2179 -0.00950118 3.56894 0.149288 -0.501061 3.58416 0.200445 -0.235949 3.53651 0.230611 0.0143644 3.46212 0.00215604 0.0100632 3.59789 -0.109318 0.0104416 3.59357 -0.113446 0.39755 3.58832 -0.126368 0.771173 3.60891 0.108129 0.00802525 3.59171 0.114755 0.388697 3.56724 0.128287 0.765526 3.58655 
-0.0113904 -0.655582 3.42353 -0.00797255 -0.486601 3.56975 -0.156805 -0.485768 3.57497 -0.203962 -0.2316 3.62341 -0.230113 -0.00429078 3.53133 0.150397 -0.499242 3.58541 0.20047 -0.235903 3.53652 0.235203 0.0189362 3.46254 0.00226587 0.0124137 3.58933 -0.105444 0.00964248 3.58862 -0.113325 0.397482 3.58847 -0.126348 0.773257 3.60876 0.108319 0.00856938 3.59214 0.115269 0.38641 3.56374 0.132274 0.763132 3.58639 
-0.0110145 -0.663824 3.424 -0.00366107 -0.486404 3.56978 -0.15689 -0.485749 3.57906 -0.197399 -0.236223 3.63828 -0.217231 -0.00610797 3.56901 0.149981 -0.49883 3.58057 0.200606 -0.239817 3.53656 0.234531 0.00972505 3.46259 0.00168703 0.0123064 3.59687 -0.105544 0.00951376 3.59269 -0.117131 0.39288 3.5807 -0.12625 0.770349 3.6137 0.108101 0.00855758 3.5916 0.110701 0.389342 3.56259 0.132125 0.765372 3.58636 
-0.0105631 -0.665787 3.40269 -0.000568645 -0.487026 3.57066 -0.155049 -0.488483 3.57154 -0.19467 -0.241111 3.65796 -0.217385 -0.0253517 3.5931 0.150684 -0.496205 3.56917 0.201354 -0.240332 3.52854 0.222532 0.0112713 3.4614 0.00174239 0.0122475 3.59695 -0.105464 0.0109504 3.60178 -0.107553 0.384511 3.56938 -0.125493 0.764428 3.62036 0.108123 0.00666933 3.59173 0.110183 0.389611 3.55258 0.128285 0.762322 3.58662 
-0.00773872 -0.664245 3.39202 0.00129126 -0.483051 3.56155 -0.155666 -0.483648 3.55264 -0.194233 -0.24086 3.65787 -0.22168 -0.0134247 3.59361 0.152953 -0.492241 3.56882 0.201176 -0.244075 3.52842 0.22252 0.0203092 3.46138 0.00125012 0.0101207 3.5967 -0.110578 0.0119985 3.59896 -0.0990738 0.38286 3.54698 -0.118565 0.770607 3.61289 0.108284 0.00468753 3.5927 0.110906 0.387515 3.53994 0.128079 0.76142 3.58648 
-0.00927157 -0.65869 3.37736 0.000102471 -0.47865 3.54958 -0.157288 -0.478815 3.53986 -0.210912 -0.22563 3.60092 -0.248225 0.00305109 3.50092 0.152494 -0.484951 3.54614 0.196595 -0.235612 3.5199 0.218885 0.033812 3.46053 0.0014285 0.0120391 3.59706 -0.110594 0.0105216 3.59486 -0.099991 0.386079 3.50282 -0.118712 0.769674 3.60238 0.107908 0.00826775 3.59616 0.106171 0.373473 3.50686 0.127826 0.759397 3.57725 
-0.0097435 -0.649886 3.36711 -0.00558242 -0.46667 3.52877 -0.16461 -0.469906 3.52405 -0.206685 -0.203993 3.57316 -0.254456 0.0222844 3.47652 0.147406 -0.467843 3.52437 0.204033 -0.205734 3.52002 0.218907 0.047976 3.45215 -0.00357734 0.0248316 3.6046 -0.107818 0.0251268 3.59733 -0.0956827 0.391601 3.49286 -0.118816 0.771337 3.60716 0.10273 0.0162428 3.61493 0.108937 0.386347 3.4745 0.124056 0.763707 3.56413 
-0.0117408 -0.634999 3.35267 -0.0125309 -0.437506 3.49806 -0.169809 -0.432348 3.50843 -0.191789 -0.183139 3.60987 -0.253954 0.0398327 3.49212 0.146984 -0.448238 3.49938 0.204703 -0.184054 3.51953 0.216114 0.0587295 3.44318 -0.004376 0.0337753 3.59954 -0.115598 0.0358897 3.61066 -0.0991481 0.398701 3.47572 -0.114873 0.772497 3.60661 0.0976412 0.029478 3.6055 0.105291 0.400444 3.43827 0.123746 0.771544 3.5591 
-0.0114706 -0.625578 3.34818 -0.0157261 -0.411321 3.49948 -0.174117 -0.414519 3.51259 -0.214728 -0.170962 3.61847 -0.247478 0.0528862 3.49946 0.141169 -0.425571 3.48883 0.209578 -0.174135 3.51292 0.204133 0.0620593 3.39974 -0.00517262 0.0469245 3.5945 -0.11714 0.0554128 3.62617 -0.111194 0.417717 3.45799 -0.119223 0.773087 3.61069 0.0992115 0.0435944 3.57642 0.10573 0.407987 3.41563 0.124252 0.769254 3.55926 
-0.0166158 -0.608879 3.3459 -0.0132598 -0.409231 3.49956 -0.172235 -0.408655 3.50728 -0.226092 -0.166418 3.59797 -0.229571 0.050875 3.49225 0.139035 -0.411593 3.48803 0.227078 -0.169481 3.49245 0.215576 0.0287579 3.39702 -0.0135369 0.0624406 3.5807 -0.124522 0.067384 3.60003 -0.114822 0.425819 3.43996 -0.118999 0.777473 3.61164 0.097896 0.0607268 3.57336 0.102668 0.414582 3.41157 0.123945 0.771199 3.55468 
-0.0236005 -0.610832 3.3293 -0.0267085 -0.411449 3.49448 -0.185693 -0.410975 3.49184 -0.23841 -0.185706 3.57243 -0.175857 -0.033988 3.43179 0.128679 -0.411773 3.48653 0.229879 -0.177253 3.45562 0.172681 -0.0430939 3.30947 -0.0222903 0.0595414 3.56827 -0.128555 0.0632679 3.5869 -0.120656 0.414916 3.43829 -0.119346 0.774701 3.6157 0.0819927 0.0587584 3.56851 0.104174 0.412872 3.40879 0.119738 0.772502 3.54988 
-0.0313379 -0.63416 3.32106 -0.0306561 -0.450488 3.48692 -0.187953 -0.442469 3.48356 -0.241255 -0.207796 3.55435 -0.138377 -0.130897 3.34875 0.115634 -0.455394 3.47806 0.20944 -0.208512 3.44852 0.0851439 -0.124843 3.21441 -0.0303725 0.0315317 3.56844 -0.129882 0.0395852 3.58094 -0.125983 0.400456 3.45539 -0.129158 0.77531 3.62334 0.0746514 0.0319169 3.55437 0.0892708 0.387345 3.38343 0.106128 0.741887 3.54969 
-0.0299597 -0.662692 3.31353 -0.0304982 -0.471486 3.4747 -0.189207 -0.474983 3.48061 -0.241351 -0.246723 3.52758 -0.120578 -0.207281 3.30592 0.118321 -0.467267 3.45317 0.212824 -0.2357 3.40572 0.0908041 -0.188687 3.20352 -0.0296812 0.00527435 3.56526 -0.129121 0.00601843 3.58227 -0.131224 0.382606 3.48492 -0.133053 0.764057 3.62347 0.0755217 0.00609231 3.54379 0.0817392 0.361447 3.37519 0.0998751 0.710679 3.52034 
-0.0231911 -0.69623 3.29442 -0.0265422 -0.498826 3.43825 -0.185571 -0.501417 3.47115 -0.241914 -0.260451 3.48857 -0.113172 -0.282789 3.24208 0.118647 -0.502993 3.4213 0.216257 -0.256807 3.3552 0.0917164 -0.271341 3.20322 -0.0301984 -0.0244229 3.54802 -0.130156 -0.0249903 3.5946 -0.133548 0.360807 3.55759 -0.138494 0.747202 3.62786 0.0792155 -0.0221404 3.49858 0.0784229 0.335893 3.35461 0.088597 0.700921 3.45677 
-0.0139408 -0.702344 3.25273 -0.0231529 -0.529441 3.40732 -0.185736 -0.533451 3.42166 -0.227526 -0.286738 3.36238 -0.0991023 -0.35582 3.15966 0.124067 -0.525116 3.38537 0.201809 -0.281671 3.31281 0.0601008 -0.341622 3.15832 -0.0332587 -0.0540923 3.52768 -0.133832 -0.0596244 3.57698 -0.136761 0.32797 3.57754 -0.168011 0.718972 3.71944 0.0742326 -0.0479985 3.47568 0.0735076 0.328379 3.34154 0.0746786 0.706578 3.31561 
-0.0128754 -0.697456 3.2401 -0.0180734 -0.517831 3.39894 -0.175414 -0.518691 3.40721 -0.223285 -0.27447 3.32462 -0.0958533 -0.361576 3.13495 0.134893 -0.519085 3.39566 0.207905 -0.265802 3.28396 0.0732757 -0.351499 3.1325 -0.0324702 -0.0446866 3.50925 -0.135597 -0.0450607 3.55583 -0.137032 0.33 3.58254 -0.173365 0.703877 3.79647 0.0737135 -0.0416055 3.46608 0.069961 0.331311 3.32776 0.0716345 0.718602 3.26516 
-0.00436225 -0.655558 3.23569 -0.0068032 -0.479024 3.38787 -0.162954 -0.484071 3.39696 -0.216398 -0.243082 3.28377 -0.0676402 -0.367074 3.12849 0.143772 -0.477768 3.39128 0.214812 -0.242904 3.25262 0.0737144 -0.35115 3.12576 -0.0331323 -0.00277658 3.49018 -0.134276 -0.00542651 3.53595 -0.14231 0.377136 3.61583 -0.177244 0.685037 3.89772 0.0734669 -0.000723809 3.45141 0.0540587 0.342475 3.24293 0.0574398 0.750372 3.26006 
-0.0036292 -0.598216 3.22966 -0.00388137 -0.414474 3.37133 -0.151635 -0.420875 3.36958 -0.210773 -0.189254 3.26484 -0.0506066 -0.352367 3.13031 0.147388 -0.41845 3.39024 0.211693 -0.184862 3.24559 0.0680613 -0.317827 3.13489 -0.0443771 0.0626404 3.47282 -0.135422 0.0584389 3.52483 -0.146864 0.406856 3.62111 -0.190014 0.70809 3.94751 0.0709167 0.0731017 3.42974 0.0380333 0.392126 3.20598 0.0439764 0.760648 3.26023 
-0.00780931 -0.555997 3.21487 -0.000294812 -0.372121 3.36333 -0.150873 -0.374016 3.36542 -0.206061 -0.144523 3.23169 -0.050186 -0.30381 3.12911 0.146639 -0.377632 3.37869 0.197513 -0.143379 3.22346 0.0676841 -0.279115 3.12739 -0.0462492 0.112161 3.47077 -0.135252 0.109795 3.52884 -0.147058 0.457145 3.62475 -0.191215 0.721253 3.95611 0.0661656 0.111826 3.42844 0.0272489 0.406002 3.1791 0.0439681 0.76256 3.26005 
-0.00922788 -0.501897 3.20744 0.00579382 -0.329254 3.36528 -0.143143 -0.330834 3.35116 -0.200789 -0.0991786 3.21995 -0.0551375 -0.276912 3.12228 0.144488 -0.326331 3.3851 0.186324 -0.0908601 3.20643 0.0634552 -0.248003 3.12727 -0.0448829 0.142477 3.47196 -0.133875 0.138235 3.52557 -0.141872 0.4982 3.59317 -0.195096 0.733556 3.95664 0.0717635 0.146972 3.43833 0.0282744 0.414666 3.14731 0.044023 0.764916 3.25988 
-0.00228904 -0.419104 3.19515 -0.00280197 -0.239333 3.35389 -0.142209 -0.243989 3.34427 -0.188562 -0.0149186 3.21925 -0.0561121 -0.19139 3.13166 0.143653 -0.240722 3.35948 0.177216 -0.00725701 3.19702 0.0579057 -0.168404 3.12484 -0.0534066 0.211796 3.48317 -0.134049 0.211962 3.52429 -0.148076 0.568253 3.55691 -0.18744 0.724549 3.95188 0.0610099 0.209075 3.45012 0.024364 0.425642 3.13319 0.0439735 0.766618 3.25986 
-0.00534613 -0.36452 3.18209 -0.00691642 -0.193784 3.35458 -0.149555 -0.189918 3.33254 -0.180557 0.0360452 3.23355 -0.0527663 -0.142794 3.13454 0.136519 -0.190561 3.37472 0.163122 0.0593408 3.19384 0.0528148 -0.118478 3.12632 -0.046782 0.258322 3.48071 -0.133481 0.258529 3.52929 -0.166465 0.597276 3.5296 -0.191895 0.727128 3.94283 0.0593576 0.249143 3.44868 0.0282811 0.446188 3.13243 0.0438983 0.764322 3.25997 
-0.00280263 -0.336627 3.17039 -0.002563 -0.152161 3.3577 -0.151246 -0.156917 3.34752 -0.173088 0.0687208 3.26993 -0.0380802 -0.107133 3.16513 0.144687 -0.148319 3.36881 0.166796 0.0910038 3.19654 0.0497753 -0.0931481 3.12486 -0.0454 0.284672 3.48982 -0.136363 0.286657 3.53381 -0.173996 0.63202 3.5067 -0.196246 0.727134 3.92471 0.063725 0.279778 3.44687 0.0374875 0.455714 3.12808 0.0439172 0.764408 3.25991 
-0.0105444 -0.239618 3.16708 -0.0167646 -0.0947767 3.35686 -0.166939 -0.0932348 3.3518 -0.176124 0.140297 3.27813 -0.0430137 -0.0226392 3.16147 0.1268 -0.0923714 3.35553 0.162161 0.163209 3.19799 0.0435985 -0.0180242 3.12662 -0.0462529 0.338862 3.49326 -0.130372 0.345077 3.54018 -0.182754 0.716963 3.48772 -0.190031 0.744988 3.88398 0.0630771 0.329024 3.45103 0.045523 0.460404 3.1236 0.0355885 0.763936 3.26019 
-0.0246344 -0.225862 3.16253 -0.0166995 -0.0657949 3.35141 -0.174562 -0.077939 3.34858 -0.174703 0.161277 3.27397 -0.0436241 -0.000261409 3.16149 0.121395 -0.072266 3.35773 0.160853 0.190216 3.19984 0.0174556 0.0190039 3.12245 -0.0452732 0.364646 3.49049 -0.1343 0.368263 3.5359 -0.191174 0.746038 3.48764 -0.181556 0.733084 3.87976 0.0676396 0.356791 3.4558 0.0390446 0.454619 3.12392 0.032146 0.763131 3.26025 
-0.0388646 -0.193641 3.15235 -0.0209888 -0.0396414 3.35032 -0.179154 -0.04027 3.3509 -0.176087 0.196021 3.27784 -0.0405928 0.0428424 3.16282 0.120422 -0.0427381 3.34727 0.161759 0.203946 3.19782 0.0104082 0.0414371 3.12246 -0.0414552 0.381661 3.49466 -0.134585 0.390939 3.53534 -0.19547 0.769317 3.49145 -0.191 0.751353 3.87964 0.0645798 0.377284 3.452 0.0501166 0.44143 3.12405 0.0321108 0.763105 3.26018 
-0.0456842 -0.179744 3.14869 -0.0298146 -0.0262149 3.35391 -0.18459 -0.0147445 3.34601 -0.180451 0.216678 3.28374 -0.0478361 0.0517154 3.16849 0.122612 -0.0316305 3.35476 0.158547 0.212373 3.19147 -0.00360695 0.0573625 3.11313 -0.0376724 0.400828 3.50188 -0.131133 0.414044 3.55197 -0.195444 0.777805 3.49129 -0.183242 0.753429 3.87488 0.0681619 0.387932 3.45532 0.0608055 0.443818 3.124 0.0403699 0.764828 3.26008 
-0.0536851 -0.178384 3.14316 -0.0334534 -0.0234373 3.34963 -0.184642 -0.0145574 3.34583 -0.172549 0.221571 3.28982 -0.0434564 0.056941 3.17598 0.119197 -0.0291055 3.35083 0.161047 0.217403 3.19606 -0.00055157 0.0663965 3.12057 -0.0377776 0.401013 3.50168 -0.131555 0.414106 3.54713 -0.195661 0.780571 3.49107 -0.149888 0.730046 3.87022 0.0676882 0.388181 3.4551 0.0606115 0.440563 3.12401 0.0440108 0.76209 3.26007 
-0.0533243 -0.183286 3.14402 -0.0339622 -0.0235502 3.34873 -0.18526 -0.0187516 3.34955 -0.173302 0.217247 3.29078 -0.0493289 0.0524778 3.17741 0.114999 -0.0315132 3.34677 0.159439 0.214248 3.1901 -0.00516524 0.0733345 3.11186 -0.0298776 0.396888 3.50164 -0.131245 0.411665 3.54739 -0.191441 0.774919 3.49117 -0.14896 0.72111 3.87019 0.0731723 0.385475 3.4509 0.0640372 0.442841 3.12397 0.0440086 0.762108 3.26002 
-0.0539811 -0.191646 3.14744 -0.0387009 -0.0366173 3.34807 -0.185113 -0.0277065 3.35862 -0.176779 0.211859 3.28813 -0.051601 0.0520805 3.16659 0.113547 -0.0412983 3.3418 0.150281 0.210151 3.18872 -0.00252078 0.0576806 3.10809 -0.0338232 0.386105 3.49827 -0.131227 0.400541 3.54746 -0.182967 0.765399 3.49117 -0.181196 0.738073 3.87472 0.0735813 0.379793 3.45133 0.0634605 0.44097 3.12387 0.0440578 0.762107 3.26001 
-0.0542065 -0.21954 3.16826 -0.037306 -0.0608591 3.35191 -0.185074 -0.0672174 3.36437 -0.186619 0.168647 3.28186 -0.0616356 0.00923126 3.16235 0.108318 -0.0677744 3.33911 0.152673 0.179071 3.19097 -0.0133336 0.0234167 3.11126 -0.0373108 0.350235 3.49405 -0.132325 0.362507 3.53766 -0.174547 0.727187 3.49143 -0.178334 0.740893 3.88386 0.0695006 0.337511 3.44765 0.0575297 0.442147 3.12423 0.044137 0.764441 3.25993 
-0.0529425 -0.254756 3.16992 -0.0434981 -0.094084 3.35216 -0.185111 -0.0918223 3.37392 -0.190772 0.142572 3.28968 -0.077025 -0.0152727 3.16517 0.109358 -0.0911871 3.33296 0.145431 0.147328 3.19144 0.0280777 -0.0041984 3.1147 -0.0491429 0.338117 3.48969 -0.132923 0.348782 3.5421 -0.16588 0.71516 3.49136 -0.17899 0.754504 3.88892 0.0595296 0.321177 3.44277 0.0502397 0.450114 3.12865 0.0440828 0.7645 3.25992 
-0.0489017 -0.286296 3.17723 -0.0456477 -0.126955 3.35577 -0.192905 -0.128747 3.35772 -0.195213 0.103093 3.2743 -0.0770705 -0.0696242 3.15768 0.108096 -0.129787 3.34527 0.155495 0.106215 3.20008 -0.00470907 -0.0511069 3.12149 -0.0547497 0.306426 3.48974 -0.139594 0.319936 3.5397 -0.147748 0.689718 3.49682 -0.16185 0.728678 3.89743 0.0513093 0.297881 3.44853 0.029137 0.440601 3.12886 0.0440145 0.763805 3.25991 
-0.0570699 -0.356308 3.18728 -0.0464356 -0.180435 3.35572 -0.193087 -0.174374 3.34997 -0.211229 0.045456 3.2385 -0.092643 -0.127277 3.13161 0.109656 -0.181028 3.35369 0.154658 0.0519782 3.18939 -0.00163622 -0.115107 3.12009 -0.0551553 0.260461 3.48439 -0.139634 0.266681 3.53143 -0.151064 0.609762 3.50257 -0.174664 0.736418 3.921 0.049898 0.249876 3.44355 0.0163075 0.435259 3.12886 0.0403306 0.763614 3.25995 
-0.0555256 -0.391048 3.19449 -0.0493868 -0.216547 3.35462 -0.197984 -0.224994 3.35495 -0.213619 -0.00503598 3.2264 -0.101934 -0.183075 3.12599 0.103296 -0.226396 3.34435 0.154317 -0.0156113 3.17379 -0.0102907 -0.145802 3.10596 -0.0582108 0.224387 3.4826 -0.139725 0.234621 3.53654 -0.138477 0.575917 3.51058 -0.169595 0.723042 3.92445 0.0484228 0.220974 3.44091 0.0155884 0.426554 3.12905 0.0318764 0.764904 3.26009 
-0.0584081 -0.45075 3.19794 -0.0497909 -0.277905 3.35474 -0.198276 -0.275556 3.34584 -0.218932 -0.0591471 3.21634 -0.0993318 -0.235334 3.12126 0.10405 -0.279286 3.34684 0.159785 -0.0736945 3.14254 0.0080275 -0.208565 3.09638 -0.0577199 0.189732 3.47019 -0.136768 0.187715 3.51835 -0.139248 0.535522 3.53054 -0.170362 0.720165 3.92854 0.0477201 0.179752 3.42309 0.0158696 0.418231 3.12951 0.0321487 0.759552 3.25594 
-0.0556559 -0.496027 3.20636 -0.0497606 -0.315299 3.35174 -0.195249 -0.320197 3.34827 -0.226894 -0.114026 3.20687 -0.0943077 -0.286213 3.12928 0.100466 -0.328504 3.35281 0.166761 -0.135216 3.14478 0.00569808 -0.283493 3.09871 -0.0569455 0.145023 3.44373 -0.143232 0.154127 3.46947 -0.123993 0.499297 3.3563 -0.152704 0.791067 3.62732 0.0470493 0.138201 3.43364 0.00950378 0.411449 3.33292 0.0222597 0.69439 3.5169 
-0.0565989 -0.63125 3.20962 -0.0544708 -0.452688 3.34572 -0.197465 -0.453855 3.34741 -0.25718 -0.251767 3.23385 -0.101843 -0.411218 3.13503 0.105172 -0.452731 3.33942 0.180122 -0.260492 3.16698 0.01284 -0.385308 3.09757 -0.0592465 0.0393761 3.43072 -0.163843 0.0332775 3.4808 -0.140884 0.399468 3.56271 -0.170461 0.678895 3.86758 0.0419 0.0435726 3.37864 0.0223096 0.381574 3.19346 0.044118 0.758894 3.25564 
-0.0628105 -0.689027 3.2076 -0.0553772 -0.512867 3.34146 -0.197721 -0.515396 3.34862 -0.272102 -0.316147 3.24137 -0.10949 -0.449502 3.12474 0.0975837 -0.51832 3.33767 0.183148 -0.311314 3.17217 0.0195216 -0.437569 3.07563 -0.0609499 -0.0329727 3.42459 -0.155792 -0.0329278 3.46909 -0.145404 0.329941 3.55111 -0.164653 0.646458 3.79713 0.0445301 -0.0290072 3.3827 0.0283717 0.347494 3.27832 0.0527346 0.732659 3.2607 
-0.0634714 -0.735986 3.19929 -0.0584271 -0.565937 3.33589 -0.199592 -0.562995 3.33959 -0.270665 -0.355965 3.26658 -0.110587 -0.476629 3.14 0.0929103 -0.574956 3.34121 0.171078 -0.354539 3.18393 0.00540983 -0.465405 3.06423 -0.0603998 -0.084404 3.42544 -0.16218 -0.0839256 3.45455 -0.147516 0.290326 3.53303 -0.148179 0.636521 3.73642 0.0423571 -0.0812289 3.40642 0.0462444 0.315534 3.33063 0.0534437 0.695051 3.29008 
-0.0632973 -0.779027 3.19661 -0.0569025 -0.601068 3.33488 -0.204592 -0.606093 3.33973 -0.276994 -0.380388 3.26166 -0.112068 -0.501377 3.13871 0.0893539 -0.600709 3.33349 0.174033 -0.381965 3.18686 0.00499246 -0.491169 3.07366 -0.0594977 -0.11499 3.42826 -0.171742 -0.117854 3.44314 -0.12965 0.272238 3.51518 -0.125798 0.637443 3.69671 0.0423588 -0.120123 3.41184 0.0466899 0.26081 3.42074 0.057344 0.635916 3.50202 
-0.0686869 -0.803231 3.18586 -0.0672195 -0.630391 3.32779 -0.209575 -0.6289 3.33915 -0.278807 -0.397153 3.31259 -0.129511 -0.519246 3.13999 0.0841915 -0.637185 3.31078 0.175682 -0.39022 3.18728 -2.01288e-05 -0.512267 3.08275 -0.0609884 -0.155034 3.43595 -0.185536 -0.154418 3.46269 -0.14524 0.255299 3.40184 -0.133016 0.650604 3.49844 0.0370494 -0.158991 3.42043 0.0350128 0.244493 3.39979 0.0595546 0.623911 3.55672 
-0.0684147 -0.803168 3.18131 -0.0674616 -0.630289 3.32756 -0.216708 -0.627368 3.34449 -0.277799 -0.397625 3.32005 -0.138131 -0.521101 3.15312 0.0800351 -0.637497 3.31196 0.162567 -0.389729 3.18757 -0.00356981 -0.502568 3.08836 -0.0602131 -0.148178 3.43233 -0.184347 -0.147748 3.4552 -0.136714 0.273328 3.38816 -0.133282 0.658399 3.41496 0.0349454 -0.151089 3.43667 0.0333268 0.251058 3.4195 0.0613872 0.596103 3.65505 
-0.0689211 -0.785914 3.17151 -0.0660663 -0.618702 3.32901 -0.221735 -0.618406 3.33751 -0.284669 -0.385874 3.32328 -0.141505 -0.510502 3.14457 0.0813656 -0.619828 3.32274 0.148467 -0.379876 3.18668 -0.0169653 -0.491264 3.07683 -0.0638281 -0.126491 3.43336 -0.183526 -0.126219 3.44323 -0.135259 0.273844 3.34651 -0.130943 0.667242 3.33419 0.0363965 -0.12465 3.44897 0.0369007 0.258438 3.44985 0.0609384 0.579943 3.71923 
-0.0827547 -0.721175 3.17989 -0.0707791 -0.53332 3.31909 -0.240122 -0.533768 3.33646 -0.284822 -0.316691 3.3205 -0.157339 -0.455008 3.14869 0.0734957 -0.533748 3.31347 0.108944 -0.278668 3.17497 -0.0544342 -0.443026 3.0858 -0.0595496 -0.0531739 3.42796 -0.182826 -0.0516638 3.42977 -0.140805 0.339263 3.26343 -0.12439 0.735109 3.22834 0.0390021 -0.0517575 3.43243 0.0394328 0.318014 3.52489 0.0543954 0.621609 3.81332 
-0.0875242 -0.643784 3.18141 -0.0756527 -0.464727 3.32845 -0.238761 -0.475223 3.33955 -0.288581 -0.259089 3.29102 -0.163285 -0.39176 3.14359 0.0718327 -0.465571 3.31863 0.103636 -0.224391 3.16577 -0.0499509 -0.36929 3.0983 -0.0595869 0.0188575 3.42583 -0.180238 0.0212625 3.3959 -0.145226 0.378474 3.20516 -0.124611 0.764657 3.24809 0.0396248 0.0133303 3.45048 0.0387099 0.377892 3.55088 0.0488082 0.671457 3.84543 
-0.10559 -0.582523 3.17032 -0.096659 -0.410658 3.33708 -0.252431 -0.413979 3.33512 -0.281225 -0.194162 3.26957 -0.158199 -0.338979 3.1434 0.064811 -0.413321 3.3289 0.0979034 -0.159755 3.16197 -0.0607052 -0.320807 3.09129 -0.0601495 0.0772825 3.41989 -0.176713 0.0830999 3.37167 -0.148416 0.411542 3.16921 -0.119877 0.762838 3.24476 0.0355201 0.0711644 3.46833 0.0346388 0.42883 3.55055 0.0403073 0.696467 3.8864 
-0.110635 -0.434192 3.15578 -0.0992452 -0.264116 3.31373 -0.247999 -0.265985 3.33659 -0.276662 -0.0430288 3.25657 -0.152095 -0.212285 3.14797 0.0540808 -0.26874 3.30235 0.088589 -0.0261696 3.16358 -0.0623901 -0.184828 3.08765 -0.0644326 0.192345 3.45672 -0.176983 0.190242 3.42032 -0.143071 0.440925 3.1101 -0.12481 0.767591 3.24411 0.0212779 0.188802 3.48216 0.0147141 0.556653 3.51342 0.0486405 0.701095 3.92249 
-0.111371 -0.399361 3.13 -0.0899578 -0.225471 3.31844 -0.244014 -0.223816 3.32892 -0.277892 0.00682133 3.24733 -0.157141 -0.163904 3.13278 0.0636771 -0.222366 3.3048 0.0897503 0.0154527 3.16446 -0.0611533 -0.131128 3.08456 -0.0652466 0.227179 3.45435 -0.182471 0.229214 3.43648 -0.144941 0.452177 3.10096 -0.126409 0.772139 3.2356 0.018866 0.222564 3.48573 0.0222735 0.587499 3.4967 0.0354573 0.710471 3.90328 
-0.107823 -0.351421 3.13869 -0.0955037 -0.178706 3.31897 -0.245973 -0.186762 3.33207 -0.271629 0.0501751 3.25063 -0.157328 -0.11439 3.13964 0.0559124 -0.190411 3.30988 0.0894458 0.0615755 3.16491 -0.0653338 -0.0945156 3.09957 -0.0639054 0.26127 3.46684 -0.181395 0.25756 3.43204 -0.14647 0.455543 3.10133 -0.121453 0.768833 3.24315 0.0213409 0.257134 3.49424 0.0107103 0.627816 3.4946 0.0407397 0.712076 3.91328 
-0.107735 -0.284327 3.12277 -0.0946087 -0.114758 3.30943 -0.240952 -0.116539 3.32621 -0.266266 0.117209 3.26079 -0.141572 -0.0439027 3.14863 0.0548793 -0.126378 3.30976 0.0802987 0.1269 3.16073 -0.0700551 -0.00989689 3.08573 -0.0648641 0.3081 3.45957 -0.172219 0.309379 3.45196 -0.147745 0.537071 3.30192 -0.105021 0.773623 3.56175 0.0118278 0.308341 3.46052 0.0164762 0.587124 3.27778 0.0299968 0.762838 3.55243 
-0.108266 -0.25211 3.12082 -0.0984758 -0.0921458 3.30657 -0.237447 -0.094925 3.32116 -0.263331 0.144266 3.25575 -0.143388 -0.0125849 3.14923 0.0498619 -0.105526 3.30675 0.0783223 0.151463 3.15724 -0.06637 0.0121735 3.09282 -0.0682505 0.329556 3.45099 -0.172091 0.329702 3.45668 -0.149774 0.531101 3.2937 -0.102477 0.77733 3.55362 0.0162129 0.332005 3.45131 0.0158617 0.605311 3.27249 0.0225371 0.731062 3.54726 
-0.107332 -0.234862 3.11678 -0.102131 -0.0771865 3.30391 -0.242607 -0.0719773 3.30811 -0.261475 0.157952 3.25305 -0.135684 -0.00987131 3.15335 0.046048 -0.0773199 3.30836 0.0728465 0.164146 3.16114 -0.0680313 0.0288693 3.09095 -0.0693601 0.349486 3.45412 -0.167124 0.346539 3.45935 -0.15221 0.539994 3.29752 -0.0982063 0.778187 3.54538 0.013395 0.34861 3.45261 0.0147426 0.633055 3.27198 0.0170182 0.738219 3.54365 
-0.110658 -0.1965 3.11094 -0.0980684 -0.0497816 3.30155 -0.241888 -0.0504388 3.31381 -0.264823 0.194468 3.25129 -0.144738 0.039992 3.14647 0.0565371 -0.0563563 3.31208 0.0699886 0.199203 3.17204 -0.0679924 0.0532491 3.09545 -0.0741707 0.3715 3.46044 -0.177817 0.372754 3.44892 -0.154074 0.539444 3.2974 -0.103128 0.780744 3.53799 0.00673929 0.369767 3.46914 0.00922024 0.653477 3.27148 0.0222692 0.739271 3.54317 
-0.117472 -0.192053 3.11094 -0.102274 -0.0381598 3.29549 -0.245298 -0.0446429 3.31635 -0.262485 0.201808 3.25406 -0.147105 0.042995 3.15312 0.0532122 -0.046586 3.312 0.0695349 0.205731 3.17108 -0.0637311 0.0588478 3.10343 -0.0731984 0.376269 3.4671 -0.182899 0.376673 3.44659 -0.1541 0.533449 3.29761 -0.102985 0.77752 3.52217 0.0100101 0.377598 3.50226 0.0106894 0.653504 3.27151 0.0245344 0.726664 3.5561 
-0.117648 -0.19184 3.11072 -0.102495 -0.0360215 3.29861 -0.240564 -0.0441566 3.32073 -0.262555 0.200526 3.25225 -0.147162 0.0429386 3.15583 0.0528369 -0.0446858 3.31086 0.0704185 0.209037 3.17112 -0.0615282 0.0580405 3.10116 -0.073905 0.373729 3.46093 -0.186952 0.377805 3.44803 -0.156815 0.538754 3.29755 -0.106359 0.776854 3.53066 0.00383693 0.371144 3.47072 0.0177388 0.649261 3.26644 0.0272939 0.729583 3.54436 
-0.117507 -0.192087 3.11612 -0.107796 -0.0436764 3.30781 -0.247261 -0.0470066 3.32576 -0.263063 0.198029 3.25686 -0.14788 0.0512355 3.15275 0.0482541 -0.0520203 3.31142 0.0695725 0.20167 3.17116 -0.0667017 0.0557905 3.10125 -0.0737083 0.37322 3.46242 -0.181224 0.377448 3.45803 -0.162134 0.539678 3.29726 -0.10337 0.7841 3.53244 0.00840397 0.374466 3.45502 0.00900363 0.659883 3.26705 0.0274163 0.734806 3.54209 
-0.117539 -0.233253 3.12233 -0.107276 -0.0725182 3.31078 -0.247658 -0.0704429 3.33052 -0.265638 0.156805 3.2611 -0.145439 0.00317982 3.15657 0.0416677 -0.0700472 3.28269 0.074786 0.168148 3.16589 -0.0653791 0.0261478 3.09683 -0.0654523 0.357636 3.44391 -0.176637 0.354518 3.45776 -0.154584 0.541817 3.29758 -0.104257 0.78159 3.54989 0.0181422 0.354565 3.44829 0.0137852 0.642161 3.27159 0.0110912 0.736604 3.53975 
-0.120718 -0.250439 3.12373 -0.107497 -0.087863 3.32002 -0.246326 -0.0860064 3.32474 -0.266808 0.148754 3.25857 -0.145826 -0.00582019 3.15013 0.0376898 -0.0961455 3.31177 0.0729169 0.151605 3.16118 -0.0720182 -0.000401863 3.09854 -0.0646906 0.338274 3.45458 -0.171614 0.334126 3.45415 -0.151022 0.53282 3.2933 -0.103984 0.780825 3.53743 0.0150717 0.343225 3.45378 0.0145656 0.62045 3.27205 0.0122313 0.732013 3.53964 
-0.118146 -0.271846 3.14668 -0.108686 -0.105456 3.32172 -0.249871 -0.102504 3.33208 -0.265747 0.127806 3.26059 -0.151258 -0.0534247 3.15586 0.0424627 -0.123056 3.30994 0.0692939 0.117916 3.16257 -0.0738768 -0.0273855 3.09107 -0.064449 0.317297 3.45594 -0.1669 0.314141 3.46022 -0.144346 0.540908 3.29371 -0.114354 0.77778 3.55862 0.0151565 0.319947 3.4505 0.0157109 0.601007 3.27284 0.0209216 0.729795 3.54274 
-0.113894 -0.339722 3.16323 -0.10838 -0.158207 3.32338 -0.251491 -0.158693 3.33407 -0.264211 0.0666774 3.24398 -0.15592 -0.110791 3.14208 0.0510136 -0.170336 3.31447 0.082069 0.0748172 3.14867 -0.074902 -0.0783593 3.08967 -0.0653124 0.286196 3.45728 -0.178329 0.28934 3.42444 -0.145523 0.46249 3.09647 -0.112788 0.768372 3.24323 0.0176349 0.282026 3.48909 0.0117693 0.640133 3.48534 0.0370777 0.716065 3.88644 
-0.111743 -0.365807 3.17633 -0.108722 -0.191347 3.32043 -0.252224 -0.193607 3.33911 -0.264167 0.0245726 3.26001 -0.160847 -0.136875 3.15318 0.0501693 -0.192416 3.28576 0.0780819 0.0318145 3.13393 -0.0732424 -0.110896 3.08724 -0.0643109 0.264232 3.44739 -0.162469 0.266971 3.43302 -0.14201 0.465057 3.09599 -0.114043 0.768697 3.24191 0.0165078 0.263299 3.47103 0.0114062 0.620666 3.4898 0.0314632 0.714164 3.89476 
-0.112876 -0.411021 3.17629 -0.104668 -0.223734 3.32981 -0.255822 -0.22455 3.33639 -0.269479 -0.0138116 3.23368 -0.154194 -0.184764 3.14263 0.0544144 -0.227018 3.30863 0.0828512 0.00226206 3.11109 -0.0787586 -0.16347 3.07855 -0.0659871 0.231834 3.42752 -0.182074 0.236922 3.39905 -0.142237 0.45521 3.09604 -0.120625 0.767259 3.24035 0.0152481 0.232579 3.46613 0.00701635 0.591483 3.49064 0.0289474 0.710858 3.8954 
-0.113722 -0.440582 3.18587 -0.109342 -0.266967 3.32857 -0.256752 -0.265786 3.33609 -0.2708 -0.0617268 3.22014 -0.161632 -0.232079 3.14723 0.0511382 -0.271334 3.32168 0.0736002 -0.051906 3.11334 -0.0743916 -0.208439 3.0906 -0.0703584 0.196274 3.43291 -0.186888 0.198593 3.39063 -0.142122 0.441568 3.09187 -0.11671 0.765639 3.24433 0.0181761 0.190212 3.47413 0.00664915 0.548486 3.49142 0.0285751 0.704844 3.89595 
-0.10361 -0.541489 3.2008 -0.107684 -0.338342 3.32974 -0.256457 -0.351799 3.33472 -0.272903 -0.158173 3.18972 -0.163245 -0.326736 3.1345 0.0570235 -0.340011 3.32508 0.0583602 -0.133277 3.12009 -0.0747014 -0.306819 3.09815 -0.0677439 0.137699 3.4053 -0.186598 0.140067 3.3523 -0.146757 0.429687 3.09733 -0.125046 0.765964 3.24395 0.0159303 0.133383 3.44968 0.0061319 0.480241 3.496 0.0373346 0.698939 3.87265 
-0.102794 -0.579374 3.20301 -0.109572 -0.39878 3.32473 -0.258703 -0.398241 3.33215 -0.283452 -0.209206 3.19194 -0.161515 -0.384198 3.13373 0.0527802 -0.394814 3.32265 0.0740304 -0.196821 3.11411 -0.0721023 -0.349025 3.10404 -0.0847751 0.0922832 3.3885 -0.189332 0.100273 3.3548 -0.150798 0.413609 3.10687 -0.124835 0.763466 3.23983 0.0104933 0.0870978 3.43067 0.015004 0.429139 3.51912 0.0373 0.688957 3.85024 
-0.0962702 -0.682047 3.19967 -0.107072 -0.492119 3.31711 -0.255242 -0.494812 3.31412 -0.286204 -0.308383 3.20142 -0.156104 -0.476621 3.13787 0.0557301 -0.499653 3.32153 0.0866497 -0.284042 3.11867 -0.088012 -0.449779 3.05525 -0.0845432 -0.0107938 3.38204 -0.193742 -0.00616659 3.36323 -0.157507 0.35796 3.18694 -0.127389 0.75127 3.23985 0.0128385 -0.0138356 3.40734 0.0325634 0.330903 3.5062 0.0413259 0.640582 3.75575 
-0.0991817 -0.752099 3.17358 -0.106498 -0.556599 3.29662 -0.253297 -0.55927 3.30006 -0.284839 -0.353101 3.20149 -0.147037 -0.534661 3.12807 0.0563409 -0.556446 3.30181 0.0947755 -0.335226 3.12241 -0.0818178 -0.49001 3.01191 -0.0850593 -0.0697477 3.37395 -0.193731 -0.059499 3.35021 -0.168217 0.334311 3.30232 -0.140353 0.721654 3.24318 0.0130432 -0.071979 3.39607 0.015744 0.293837 3.48582 0.0327228 0.651349 3.62523 
-0.0909935 -0.783937 3.15277 -0.0951999 -0.592097 3.28578 -0.254666 -0.591422 3.27925 -0.28769 -0.383993 3.19219 -0.153731 -0.558065 3.1056 0.062755 -0.592176 3.29473 0.0983032 -0.363884 3.12447 -0.0571592 -0.518071 3.04705 -0.0896275 -0.116094 3.3756 -0.194657 -0.108057 3.3692 -0.169215 0.29194 3.33487 -0.142599 0.680331 3.30842 0.00930942 -0.115835 3.39339 0.0116556 0.277093 3.45157 0.0263327 0.653883 3.53423 
-0.0756006 -0.828283 3.13755 -0.0830795 -0.629543 3.27547 -0.23634 -0.628602 3.26775 -0.278883 -0.415846 3.20253 -0.143412 -0.581666 3.1071 0.0695253 -0.635619 3.28308 0.111937 -0.397596 3.11447 -0.0583494 -0.53395 3.0326 -0.0938207 -0.146463 3.37617 -0.197169 -0.147172 3.39303 -0.185155 0.25948 3.40759 -0.164338 0.635099 3.49877 0.0113521 -0.14453 3.37336 0.000518052 0.274317 3.36112 0.00148986 0.662222 3.36928 
-0.0682104 -0.812113 3.13694 -0.0768139 -0.61902 3.2749 -0.235769 -0.619676 3.25969 -0.276292 -0.405727 3.19528 -0.140665 -0.565586 3.09882 0.0748425 -0.622967 3.28472 0.120004 -0.389172 3.11637 -0.0448777 -0.532685 3.04764 -0.0925979 -0.131815 3.3717 -0.196596 -0.134329 3.38892 -0.190111 0.262607 3.45951 -0.178196 0.620064 3.63632 0.00636714 -0.126343 3.35459 0.00227634 0.274437 3.27507 0.00352386 0.659712 3.25396 
-0.0688037 -0.783792 3.1354 -0.0709771 -0.601366 3.28044 -0.231223 -0.604058 3.25856 -0.273537 -0.381774 3.16125 -0.124182 -0.558543 3.08312 0.080394 -0.59458 3.28579 0.12849 -0.368858 3.12366 -0.0394272 -0.516222 3.04173 -0.0939355 -0.105067 3.36462 -0.195981 -0.105586 3.38928 -0.194638 0.267389 3.49386 -0.179542 0.603866 3.71327 0.00500646 -0.107296 3.33986 0.00945384 0.288185 3.23402 0.00542231 0.682351 3.19037 
-0.07112 -0.752491 3.13523 -0.0637941 -0.54251 3.2763 -0.222347 -0.54624 3.25777 -0.269832 -0.350591 3.17785 -0.107733 -0.53942 3.09435 0.0791034 -0.543453 3.28482 0.125505 -0.3167 3.12595 -0.0515392 -0.448649 3.00798 -0.0921237 -0.0611544 3.36023 -0.197866 -0.0617658 3.39058 -0.196069 0.297146 3.50515 -0.188191 0.615624 3.7739 0.00672902 -0.0561543 3.33482 0.00185785 0.327517 3.18192 -0.00430265 0.717213 3.14823 
-0.0672728 -0.643987 3.12826 -0.0607768 -0.462154 3.27684 -0.220597 -0.466968 3.26454 -0.270019 -0.257421 3.15625 -0.110109 -0.428102 3.08867 0.0809528 -0.457691 3.27766 0.136094 -0.237745 3.11577 -0.0187707 -0.392088 3.06926 -0.0898378 0.0255295 3.35312 -0.197767 0.0218485 3.39327 -0.196163 0.374193 3.55541 -0.198838 0.645726 3.87019 0.00617827 0.0352564 3.30082 -0.0155722 0.37712 3.09565 -0.0166964 0.759491 3.15199 
-0.0759733 -0.580262 3.12137 -0.0606095 -0.404211 3.27998 -0.215787 -0.4077 3.2736 -0.260711 -0.193234 3.18213 -0.0936687 -0.363907 3.09706 0.0835913 -0.401728 3.2794 0.119215 -0.16869 3.1053 -0.0238712 -0.328935 3.05792 -0.0977449 0.080915 3.34858 -0.197779 0.0754054 3.39268 -0.196326 0.424092 3.55865 -0.185228 0.68347 3.87971 0.00925367 0.0891284 3.30588 -0.0226942 0.397718 3.08185 -0.0287369 0.765375 3.15225 
-0.0735354 -0.498936 3.10987 -0.060592 -0.318949 3.27003 -0.215752 -0.32384 3.27195 -0.255926 -0.104506 3.17732 -0.0983032 -0.273822 3.09648 0.0798225 -0.31587 3.27279 0.109245 -0.0868359 3.11612 -0.0130498 -0.259682 3.07653 -0.102496 0.149758 3.37424 -0.201509 0.153415 3.40971 -0.196607 0.498628 3.54468 -0.178313 0.704176 3.9013 0.00373069 0.150933 3.31274 -0.0158386 0.426897 3.04906 -0.0237163 0.766664 3.1476 
-0.0597951 -0.425845 3.11202 -0.0617567 -0.247313 3.2619 -0.211254 -0.245558 3.26527 -0.259645 -0.0392572 3.19239 -0.098985 -0.200992 3.08615 0.0797978 -0.250252 3.25719 0.0961215 -0.00479697 3.09384 -0.0381788 -0.172028 3.04653 -0.102507 0.212269 3.39113 -0.203402 0.217874 3.44666 -0.19541 0.554555 3.54828 -0.182316 0.720911 3.95606 0.00396241 0.212821 3.32586 -0.0129298 0.441777 3.03468 -0.0287042 0.768315 3.15642 
-0.0572788 -0.39354 3.10509 -0.0650979 -0.194558 3.2542 -0.215164 -0.203618 3.25911 -0.265243 0.0056274 3.1904 -0.113259 -0.161446 3.08224 0.0786058 -0.192415 3.25292 0.0956465 0.0517639 3.09718 -0.0395046 -0.121569 3.03553 -0.0986627 0.250273 3.38706 -0.201668 0.246541 3.44515 -0.195759 0.582792 3.55299 -0.182656 0.719136 3.95648 0.00737381 0.253457 3.33494 -0.00779257 0.461927 3.02544 -0.0288806 0.765429 3.15225 
-0.0662716 -0.291595 3.0861 -0.063372 -0.131579 3.25865 -0.221689 -0.125762 3.24314 -0.256803 0.0810773 3.19493 -0.0864793 -0.0942502 3.129 0.0802013 -0.128309 3.26555 0.0973836 0.123469 3.11421 -0.0493482 -0.030463 3.05793 -0.099426 0.306528 3.39827 -0.197189 0.307382 3.45323 -0.200028 0.647574 3.55704 -0.195879 0.737316 3.95639 0.003546 0.299582 3.36044 -0.00630191 0.46165 3.02133 -0.0405327 0.766586 3.14781 
-0.0714402 -0.27968 3.08288 -0.0685971 -0.0991012 3.25733 -0.226773 -0.100577 3.24945 -0.258455 0.117881 3.1885 -0.0866958 -0.0793563 3.12038 0.0760646 -0.102312 3.26582 0.0924874 0.150552 3.11371 -0.045089 -0.00955997 3.04971 -0.0994461 0.32899 3.40185 -0.1986 0.33945 3.45129 -0.20133 0.68328 3.55098 -0.183703 0.721841 3.95591 0.00192887 0.317946 3.36113 -0.0105161 0.459454 3.0214 -0.0405796 0.765028 3.14776 
-0.0792311 -0.246299 3.07578 -0.0807774 -0.0763249 3.25898 -0.226834 -0.0771379 3.25304 -0.253939 0.145294 3.19695 -0.110317 -0.0243996 3.09663 0.0570012 -0.0761348 3.26161 0.0935718 0.169101 3.11723 -0.0500924 0.0170261 3.05032 -0.0992378 0.353949 3.39606 -0.195624 0.357406 3.44987 -0.206273 0.706833 3.54655 -0.17675 0.705727 3.95548 0.00245377 0.341647 3.35208 -0.00992076 0.450146 3.02622 -0.0440867 0.766286 3.14811 
-0.0931856 -0.215312 3.06263 -0.0936474 -0.0446406 3.25276 -0.23357 -0.0493064 3.25196 -0.244185 0.183663 3.19947 -0.0924235 -0.0144132 3.12746 0.057185 -0.0570086 3.26899 0.0922239 0.209244 3.11058 -0.0515419 0.0455673 3.04386 -0.0883141 0.370418 3.40319 -0.1936 0.380309 3.45566 -0.205713 0.743698 3.54677 -0.170424 0.717722 3.94254 0.00308615 0.359857 3.36112 0.00606954 0.453579 3.02605 -0.0441026 0.767802 3.14824 
-0.0998769 -0.19182 3.0533 -0.0970724 -0.0275261 3.24916 -0.237483 -0.0241448 3.23059 -0.24334 0.206046 3.19842 -0.102773 0.0206684 3.12855 0.0524742 -0.0410896 3.27251 0.0913735 0.210871 3.10182 -0.0779066 0.0610359 2.98954 -0.0916669 0.386568 3.41566 -0.192477 0.393255 3.45211 -0.205738 0.75848 3.54664 -0.175319 0.72236 3.94249 0.000559114 0.369777 3.38473 0.000308458 0.439304 3.02188 -0.0443387 0.765941 3.14808 
-0.101073 -0.191314 3.05668 -0.104699 -0.0212993 3.25087 -0.242096 -0.013733 3.22211 -0.24867 0.208512 3.19962 -0.10644 0.027543 3.12941 0.0436841 -0.0365552 3.26729 0.0955252 0.218981 3.10985 -0.0557282 0.0614102 3.03418 -0.0875796 0.398124 3.41182 -0.191821 0.404382 3.45276 -0.205992 0.754411 3.55015 -0.167689 0.725159 3.94233 0.000987548 0.385398 3.3784 -0.00035129 0.443071 3.02163 -0.0491336 0.764868 3.14799 
-0.107221 -0.182489 3.04804 -0.104161 -0.0212359 3.24741 -0.24257 -0.0105994 3.20227 -0.252614 0.210258 3.19177 -0.106204 0.028457 3.12923 0.0433298 -0.036692 3.2718 0.0931829 0.220433 3.11307 -0.0582059 0.0670688 3.0457 -0.0867038 0.395764 3.40826 -0.188817 0.404819 3.43903 -0.200603 0.754664 3.54761 -0.164631 0.720578 3.93548 0.000925311 0.383529 3.38783 -0.000838913 0.442245 3.02598 -0.0488439 0.762196 3.14863 
-0.107125 -0.182592 3.04804 -0.103844 -0.0213383 3.24815 -0.241968 -0.0111091 3.20882 -0.256408 0.21125 3.19167 -0.11258 0.0278356 3.1307 0.0438801 -0.036516 3.2631 0.0896168 0.22294 3.10426 -0.0637852 0.0670731 3.02993 -0.087075 0.398191 3.40368 -0.190432 0.408284 3.4458 -0.202164 0.755866 3.54621 -0.168196 0.724185 3.94247 0.00148125 0.386401 3.37587 -0.0047883 0.441686 3.02574 -0.0492354 0.761654 3.14381 
-0.106175 -0.19058 3.04471 -0.112602 -0.0236597 3.24717 -0.246962 -0.01651 3.21767 -0.256695 0.210695 3.18994 -0.109811 0.0275988 3.12182 0.0402377 -0.0402591 3.26357 0.0845578 0.217591 3.10266 -0.0727217 0.0672818 3.01144 -0.0832329 0.389087 3.4063 -0.191924 0.404217 3.44825 -0.201736 0.754506 3.55015 -0.168983 0.719185 3.94252 0.00517352 0.371702 3.37329 -0.00869362 0.437579 3.01744 -0.0493688 0.761827 3.15248 
-0.106117 -0.212011 3.04566 -0.113035 -0.0403265 3.2425 -0.242549 -0.0397685 3.2268 -0.256011 0.198199 3.19444 -0.109992 -0.0149301 3.12355 0.0411414 -0.0545004 3.24653 0.0835969 0.2031 3.108 -0.0641733 0.059097 3.02503 -0.0915696 0.37895 3.41469 -0.193715 0.386949 3.4512 -0.201288 0.7377 3.54571 -0.171733 0.71234 3.94661 0.00233 0.360786 3.38351 -0.0120671 0.437131 3.01758 -0.0492733 0.764343 3.15244 
-0.106938 -0.243814 3.04508 -0.108243 -0.0764002 3.2411 -0.245045 -0.0672984 3.22766 -0.248009 0.167677 3.19277 -0.11845 -0.0222988 3.11811 0.0417983 -0.0800274 3.22941 0.0908272 0.16418 3.09879 -0.0585501 0.019263 3.02122 -0.0876946 0.354921 3.39077 -0.195431 0.365954 3.44419 -0.197461 0.707911 3.55054 -0.146693 0.710922 3.95556 0.0042131 0.343872 3.32925 -0.0168526 0.438615 3.01269 -0.0492994 0.763493 3.14371 
-0.106124 -0.267851 3.04692 -0.103868 -0.0890984 3.23554 -0.242395 -0.0853808 3.21384 -0.252947 0.143045 3.17271 -0.141204 -0.0214809 3.0782 0.0408077 -0.109403 3.24098 0.0854905 0.147171 3.09509 -0.0582342 -0.00402734 3.02255 -0.0949617 0.331063 3.38432 -0.19461 0.336655 3.42876 -0.191492 0.682294 3.5517 -0.195789 0.734998 3.96513 0.00444839 0.319233 3.3477 -0.0158584 0.439404 3.00808 -0.0491777 0.761682 3.14372 
-0.105521 -0.313202 3.04545 -0.0991927 -0.142588 3.2269 -0.238808 -0.142969 3.21745 -0.246861 0.0780143 3.1253 -0.142971 -0.107439 3.06244 0.0531602 -0.152032 3.22726 0.0924199 0.0896347 3.09935 -0.063488 -0.051372 3.02682 -0.0945947 0.273932 3.37366 -0.197359 0.280061 3.41817 -0.188803 0.601996 3.56208 -0.199256 0.72202 3.96973 0.00792714 0.274716 3.32149 -0.0309283 0.442874 3.0078 -0.0448106 0.761424 3.14346 
-0.106207 -0.393044 3.05116 -0.0993895 -0.203178 3.20854 -0.242722 -0.191502 3.19628 -0.258611 0.0253769 3.12768 -0.136369 -0.162612 3.07046 0.0552521 -0.204683 3.21648 0.0919863 0.024504 3.039 -0.0576563 -0.147488 3.01417 -0.0866471 0.220616 3.35668 -0.190675 0.228507 3.39689 -0.191005 0.550385 3.57111 -0.197399 0.71223 3.96602 0.00493478 0.217808 3.31914 -0.0311295 0.422147 3.01314 -0.0446272 0.759214 3.14365 
-0.101313 -0.448733 3.06471 -0.0947038 -0.240031 3.20026 -0.232775 -0.24655 3.19924 -0.252248 -0.0214622 3.12682 -0.142464 -0.208231 3.0587 0.0623227 -0.256638 3.19992 0.0965062 -0.0270893 3.03534 -0.0570475 -0.191729 2.99558 -0.0928317 0.1863 3.34296 -0.197089 0.186918 3.39119 -0.18845 0.512803 3.57123 -0.195479 0.699325 3.9484 0.00780112 0.192684 3.29764 -0.0411053 0.419143 3.02241 -0.0446399 0.761769 3.14755 
-0.078675 -0.522741 3.06413 -0.0753083 -0.325176 3.18621 -0.226727 -0.319333 3.20408 -0.246034 -0.116089 3.11018 -0.137839 -0.294649 3.03444 0.0749563 -0.328447 3.16559 0.109343 -0.0948083 3.02797 -0.0488917 -0.252297 2.96902 -0.0786508 0.123636 3.32753 -0.188231 0.113714 3.39202 -0.196873 0.442879 3.57154 -0.185815 0.673116 3.88782 0.0142784 0.127701 3.27467 -0.0533071 0.399212 3.02859 -0.04437 0.764798 3.14767 
-0.0593106 -0.600997 3.0768 -0.0714276 -0.394604 3.18646 -0.220837 -0.389423 3.21286 -0.260031 -0.184054 3.10309 -0.144213 -0.364216 3.02418 0.0763254 -0.400884 3.16454 0.11456 -0.199411 3.01648 -0.0405419 -0.333879 2.97655 -0.0914251 0.0626222 3.31914 -0.192939 0.0530447 3.37542 -0.192569 0.387641 3.56002 -0.176288 0.649823 3.84607 0.00489907 0.0689486 3.25903 -0.0510054 0.376757 3.07435 -0.0444312 0.762269 3.14779 
-0.0661076 -0.665621 3.07531 -0.0627535 -0.473543 3.19128 -0.219663 -0.476698 3.20781 -0.253688 -0.264291 3.10906 -0.123744 -0.454032 3.01656 0.079998 -0.470882 3.17712 0.131109 -0.254386 3.00278 -0.0330726 -0.408166 2.96754 -0.0942203 -0.00598953 3.31693 -0.195128 -0.0117334 3.35681 -0.195528 0.330785 3.52155 -0.18952 0.625076 3.78509 0.00627841 0.00749135 3.25454 -0.0467983 0.361346 3.11866 -0.0443559 0.754993 3.14371 
-0.0649888 -0.733303 3.08826 -0.0596253 -0.537528 3.19603 -0.215771 -0.545631 3.2149 -0.265843 -0.334442 3.12035 -0.119467 -0.506772 3.02997 0.0844631 -0.539371 3.19312 0.146462 -0.318401 3.01179 -0.0320173 -0.472226 2.96786 -0.0958974 -0.0644919 3.31299 -0.198924 -0.0770419 3.35024 -0.195408 0.289901 3.49819 -0.193551 0.613245 3.72136 0.00889929 -0.0560948 3.25405 0.00233073 0.327339 3.16339 0.00108985 0.719421 3.13437 
-0.0576653 -0.784702 3.10731 -0.0606222 -0.589835 3.20817 -0.21611 -0.59675 3.22983 -0.269196 -0.383217 3.14438 -0.134192 -0.533405 3.0401 0.0827921 -0.584413 3.20045 0.145983 -0.374328 3.04678 -0.036735 -0.505169 2.97016 -0.0952122 -0.106724 3.30947 -0.198072 -0.110181 3.33791 -0.193062 0.264714 3.43927 -0.189515 0.630129 3.58907 0.00883186 -0.102717 3.26956 0.00989345 0.296062 3.2145 0.013606 0.67799 3.19002 
-0.0514221 -0.805074 3.11647 -0.0594132 -0.608766 3.23254 -0.217961 -0.613434 3.24072 -0.269878 -0.397475 3.15293 -0.133595 -0.548394 3.05471 0.082972 -0.602406 3.21953 0.141743 -0.384671 3.04869 -0.0326989 -0.533217 2.99929 -0.0906064 -0.126542 3.30633 -0.19817 -0.138493 3.33366 -0.193841 0.261315 3.40471 -0.192354 0.641768 3.52689 0.00901462 -0.117633 3.26977 0.0122502 0.277556 3.22146 0.0250489 0.67784 3.23556 
-0.051913 -0.818638 3.12945 -0.0590134 -0.611278 3.23924 -0.222584 -0.618241 3.24549 -0.276312 -0.404477 3.15636 -0.128645 -0.560902 3.07297 0.0787395 -0.603528 3.23416 0.141417 -0.386855 3.05772 -0.0344632 -0.540795 2.99218 -0.0907786 -0.122769 3.31092 -0.198664 -0.131893 3.33301 -0.187834 0.268232 3.37563 -0.189205 0.666105 3.44968 0.00882827 -0.115631 3.27256 0.0168019 0.277792 3.23109 0.0495848 0.667714 3.27682 
-0.0552973 -0.779202 3.13385 -0.0596432 -0.589867 3.26978 -0.219358 -0.59787 3.26586 -0.273005 -0.378562 3.18434 -0.12293 -0.538299 3.08448 0.0844072 -0.589515 3.27096 0.137033 -0.361977 3.11934 -0.0230138 -0.511732 3.05147 -0.0821737 -0.0942051 3.29974 -0.194196 -0.0928959 3.30602 -0.189724 0.309164 3.31236 -0.183068 0.72435 3.31894 0.0140724 -0.0980099 3.3082 0.0239909 0.311114 3.2785 0.0595375 0.705698 3.3374 
-0.0628489 -0.765151 3.14067 -0.0651791 -0.559289 3.28009 -0.226807 -0.558435 3.27191 -0.272742 -0.354602 3.20743 -0.103476 -0.519631 3.10675 0.0823115 -0.56107 3.28776 0.143025 -0.327869 3.1259 -0.0312951 -0.491592 3.05646 -0.0777141 -0.0684374 3.29482 -0.193267 -0.0686007 3.29341 -0.173667 0.348353 3.26222 -0.172335 0.74029 3.30988 0.0241029 -0.0648585 3.31741 0.0314037 0.337562 3.29554 0.0585997 0.719864 3.34978 
-0.0638875 -0.716495 3.14257 -0.0640045 -0.514641 3.29511 -0.223601 -0.521675 3.27418 -0.26903 -0.309928 3.20183 -0.104068 -0.475682 3.11939 0.08001 -0.514111 3.31775 0.139857 -0.278479 3.13336 -0.0432582 -0.43897 3.01898 -0.0694711 -0.0172807 3.29314 -0.187478 -0.01967 3.28836 -0.155652 0.374154 3.24796 -0.164704 0.74801 3.31756 0.0269711 -0.0249519 3.31393 0.0318936 0.365751 3.29144 0.0452874 0.754976 3.36854 
-0.0628234 -0.671059 3.16619 -0.0715462 -0.479489 3.31084 -0.235391 -0.479501 3.27436 -0.259019 -0.251749 3.21454 -0.0850655 -0.424687 3.14957 0.0751199 -0.477083 3.34099 0.142526 -0.244817 3.1867 -0.0147441 -0.394007 3.0882 -0.0644744 0.0145427 3.29538 -0.181603 0.0161125 3.27253 -0.143671 0.405107 3.24346 -0.155613 0.760581 3.32633 0.0278036 0.0134237 3.32586 0.024381 0.389933 3.28689 0.0329954 0.760484 3.38737 
-0.063214 -0.685333 3.18012 -0.0719167 -0.485735 3.31465 -0.235372 -0.484013 3.27465 -0.261272 -0.257358 3.21714 -0.0833933 -0.423269 3.14572 0.072981 -0.487067 3.3551 0.125889 -0.255108 3.19388 -0.0216019 -0.399467 3.09462 -0.0645662 0.00784397 3.29915 -0.181747 0.00557949 3.2676 -0.144433 0.38975 3.24735 -0.159796 0.75638 3.32643 0.0270874 0.00587065 3.3267 0.0316138 0.385772 3.29641 0.0412673 0.757877 3.38749 
-0.0643403 -0.69696 3.18426 -0.0714064 -0.492606 3.3241 -0.230674 -0.491329 3.27683 -0.263792 -0.281417 3.22567 -0.0859655 -0.428051 3.15275 0.0718172 -0.49588 3.36274 0.131942 -0.286966 3.19447 -0.0381823 -0.409168 3.05511 -0.0652307 -0.00777275 3.29845 -0.183165 -0.00713922 3.26488 -0.157249 0.381584 3.2546 -0.169394 0.751669 3.33567 0.0349635 -0.00782944 3.33507 0.035509 0.375414 3.32427 0.0415467 0.758244 3.38282 
-0.0652714 -0.701942 3.1976 -0.0690053 -0.511875 3.31256 -0.233729 -0.518348 3.26873 -0.2742 -0.322536 3.18919 -0.10206 -0.480037 3.14591 0.0717644 -0.519582 3.36773 0.14805 -0.314402 3.18777 -0.0214987 -0.460773 3.10098 -0.0663002 -0.0181661 3.29583 -0.18458 -0.0147057 3.26019 -0.165774 0.374844 3.28752 -0.182712 0.752284 3.33982 0.0338785 -0.021263 3.35075 0.0306794 0.370211 3.34598 0.0334252 0.756512 3.3875 
-0.0661092 -0.697916 3.19686 -0.0646926 -0.50477 3.31214 -0.22852 -0.502887 3.26547 -0.277342 -0.329303 3.16076 -0.114502 -0.504181 3.14526 0.071574 -0.512737 3.37179 0.154524 -0.315511 3.17105 -0.00629774 -0.47321 3.10137 -0.0665441 -0.0121989 3.30957 -0.184527 -0.0105338 3.26547 -0.170617 0.370724 3.29317 -0.182821 0.75013 3.33976 0.030152 -0.0207632 3.36327 0.0304237 0.369479 3.34551 0.0327502 0.750892 3.38758 
-0.0664843 -0.695163 3.20032 -0.066022 -0.498307 3.32664 -0.229135 -0.498984 3.28091 -0.279886 -0.332994 3.13765 -0.119351 -0.489344 3.14077 0.0711338 -0.507812 3.36973 0.158748 -0.315668 3.15994 0.0049643 -0.471788 3.11886 -0.0614814 -0.00327389 3.32853 -0.179233 -0.00215153 3.28353 -0.176354 0.382742 3.30527 -0.186757 0.755462 3.34134 0.0301147 -0.00414863 3.36739 0.029676 0.382211 3.35281 0.0329992 0.753581 3.39216 
-0.0666998 -0.695317 3.20009 -0.0695554 -0.500158 3.3318 -0.228918 -0.498538 3.278 -0.276168 -0.325762 3.17786 -0.10309 -0.483995 3.14568 0.0714374 -0.507963 3.37178 0.158604 -0.315766 3.18039 0.00961716 -0.468302 3.12298 -0.0661414 -0.0084006 3.34174 -0.183516 -0.00719255 3.29465 -0.176428 0.376121 3.31068 -0.187073 0.753354 3.34076 0.0305319 -0.0125738 3.3768 0.0337335 0.379214 3.35348 0.0331791 0.755988 3.39238 
-0.0668862 -0.702367 3.19969 -0.0657447 -0.502773 3.32746 -0.229034 -0.498528 3.27761 -0.269112 -0.309122 3.18907 -0.0922638 -0.475463 3.15139 0.0713745 -0.510713 3.37556 0.157339 -0.307886 3.18502 -0.00486739 -0.452147 3.13055 -0.0666956 -0.0124789 3.34101 -0.179389 -0.010495 3.29318 -0.17163 0.377104 3.30562 -0.182678 0.754396 3.34019 0.0302618 -0.0148753 3.38105 0.0303867 0.373809 3.35398 0.0334774 0.758039 3.39288 
-0.0608476 -0.705702 3.19885 -0.066002 -0.500524 3.32658 -0.229148 -0.496791 3.28496 -0.272152 -0.305039 3.20007 -0.0900205 -0.468576 3.15685 0.0749616 -0.506028 3.36587 0.153926 -0.301294 3.19394 -0.0027253 -0.438959 3.12319 -0.0701367 -0.0119827 3.34553 -0.184048 -0.0110795 3.29379 -0.175936 0.373959 3.30625 -0.182664 0.75219 3.3404 0.0265321 -0.0142063 3.3813 0.0302898 0.376161 3.35393 0.0330646 0.755856 3.39229 
-0.0602211 -0.70229 3.1991 -0.0662783 -0.496521 3.33895 -0.224517 -0.498366 3.30024 -0.271904 -0.296846 3.22789 -0.0938592 -0.449478 3.14903 0.0750432 -0.50576 3.36558 0.154931 -0.286531 3.20057 -9.08824e-05 -0.421902 3.1259 -0.0656147 -0.00745993 3.34675 -0.178959 -0.00688098 3.30892 -0.176916 0.380754 3.3134 -0.187008 0.753163 3.34072 0.0267061 -0.0100202 3.38176 0.0301792 0.378123 3.35371 0.0325923 0.758135 3.38707 
-0.0549273 -0.694489 3.20042 -0.0662774 -0.49271 3.34772 -0.22438 -0.490184 3.30034 -0.272753 -0.276035 3.23407 -0.0886683 -0.416715 3.13634 0.075049 -0.499984 3.3703 0.157293 -0.273349 3.21817 -0.00740112 -0.392999 3.09569 -0.0621085 -0.00598109 3.35086 -0.183512 -0.00522483 3.30856 -0.177232 0.382826 3.31317 -0.182517 0.751789 3.34095 0.0302755 -0.00424094 3.37709 0.0341331 0.379295 3.35387 0.0331409 0.755886 3.39218 
-0.0549226 -0.691095 3.20017 -0.0656179 -0.492957 3.34966 -0.223849 -0.492476 3.30793 -0.268457 -0.261596 3.26705 -0.0864138 -0.392904 3.13583 0.0751768 -0.500377 3.36998 0.157564 -0.268814 3.25426 0.000578259 -0.368226 3.10559 -0.0614613 -0.00381667 3.35196 -0.178927 -0.00278456 3.31833 -0.1774 0.383318 3.31655 -0.182126 0.756043 3.34169 0.0340224 -0.00715061 3.37708 0.030149 0.378322 3.35744 0.0329549 0.757894 3.38763 
-0.0562417 -0.695162 3.19135 -0.0648285 -0.493414 3.35151 -0.21791 -0.493006 3.31706 -0.26569 -0.259317 3.32805 -0.092665 -0.324542 3.11209 0.0752338 -0.500811 3.37844 0.160404 -0.260082 3.25997 0.00341174 -0.296806 3.08994 -0.0610881 -0.00154277 3.35303 -0.178679 -0.00312667 3.32862 -0.172661 0.381631 3.31292 -0.18208 0.758188 3.34181 0.0345972 -0.00685034 3.38701 0.0301394 0.375695 3.35365 0.0331666 0.758196 3.39242 
-0.0448729 -0.690642 3.19534 -0.0650811 -0.491247 3.35527 -0.222209 -0.493676 3.32636 -0.264995 -0.250611 3.31406 -0.146508 -0.16826 3.11856 0.0840292 -0.500652 3.37383 0.148168 -0.255536 3.30862 0.0307692 -0.174978 3.10121 -0.061785 -0.00984341 3.35202 -0.178393 -0.00732186 3.32873 -0.172256 0.381365 3.31356 -0.18204 0.756334 3.34194 0.0306619 -0.0121137 3.38733 0.0301871 0.375675 3.35396 0.03303 0.758259 3.39214 
-0.041546 -0.687841 3.19861 -0.0652349 -0.491055 3.35478 -0.222078 -0.493334 3.3273 -0.255261 -0.25456 3.3599 -0.153767 -0.103839 3.17403 0.0841601 -0.496299 3.36952 0.153636 -0.250707 3.32018 0.0814224 -0.118031 3.13749 -0.0615809 -0.00400082 3.35569 -0.178174 -0.00274649 3.32349 -0.172307 0.383471 3.3173 -0.182425 0.753038 3.34603 0.0344137 -0.00910989 3.38664 0.0340208 0.381652 3.35824 0.0366881 0.756862 3.38759 
-0.0448535 -0.688293 3.19851 -0.0645556 -0.491178 3.35597 -0.209935 -0.493291 3.33541 -0.259528 -0.250374 3.37159 -0.210535 -0.039771 3.17874 0.0885712 -0.498852 3.37363 0.1448 -0.241195 3.3115 0.110865 -0.0538398 3.16451 -0.0608924 -0.00590674 3.36153 -0.170412 -0.00510438 3.328 -0.172442 0.381453 3.32217 -0.18195 0.75315 3.34726 0.0427524 -0.00903411 3.3873 0.0341843 0.379834 3.35845 0.0334424 0.757519 3.38839 
-0.0374469 -0.687382 3.1985 -0.0645053 -0.491093 3.35598 -0.213637 -0.491011 3.33117 -0.254961 -0.250619 3.40723 -0.25377 -0.0120826 3.33602 0.0885998 -0.492346 3.37378 0.144444 -0.240847 3.31928 0.139349 -0.0179163 3.21171 -0.0610434 -0.00550057 3.36193 -0.178231 -0.00752386 3.352 -0.173131 0.383852 3.32489 -0.182131 0.755076 3.34684 0.0428878 -0.00819173 3.38367 0.0339014 0.377687 3.36234 0.0331534 0.757726 3.3879 
-0.0394233 -0.687132 3.19181 -0.0554726 -0.491456 3.35345 -0.204977 -0.492133 3.32022 -0.263625 -0.248121 3.41626 -0.314623 -0.0167372 3.36475 0.0927237 -0.492566 3.37381 0.140424 -0.227322 3.31921 0.165898 0.0172902 3.29285 -0.060647 0.00558885 3.35755 -0.172812 0.00622913 3.33965 -0.173033 0.394796 3.32495 -0.182125 0.755045 3.34693 0.0429262 0.00706512 3.383 0.0377897 0.390773 3.36233 0.033122 0.757803 3.3877 
-0.0377231 -0.68728 3.19347 -0.055853 -0.491371 3.35231 -0.205043 -0.492023 3.31916 -0.268097 -0.256918 3.42534 -0.340088 -0.0189781 3.42381 0.0930081 -0.496624 3.37449 0.143756 -0.232971 3.32828 0.186138 0.0096931 3.32145 -0.060465 0.00781068 3.35754 -0.168225 0.00464254 3.32987 -0.173116 0.392553 3.32097 -0.182001 0.755072 3.34719 0.043187 0.00707512 3.37877 0.0379285 0.388505 3.36265 0.0330864 0.757848 3.38767 
-0.0344373 -0.690169 3.18801 -0.0557514 -0.493403 3.3473 -0.200859 -0.494148 3.3179 -0.282208 -0.272263 3.4672 -0.358391 -0.0385915 3.48201 0.100976 -0.495975 3.36602 0.147501 -0.242137 3.33727 0.196416 -0.000254661 3.32359 -0.0577634 0.00331301 3.34628 -0.172333 0.00482241 3.31146 -0.172914 0.394255 3.32882 -0.182009 0.755118 3.34698 0.0443728 0.00413458 3.3684 0.0374455 0.393162 3.35726 0.0328095 0.760517 3.38711 
-0.0343962 -0.685815 3.18775 -0.05619 -0.492872 3.34651 -0.20003 -0.494679 3.32905 -0.290257 -0.277323 3.47615 -0.362409 -0.0546501 3.48303 0.100998 -0.497778 3.3625 0.151779 -0.242538 3.35502 0.206243 -0.00590564 3.36673 -0.0579861 0.00540713 3.34556 -0.172203 0.00429121 3.31724 -0.172762 0.392325 3.32938 -0.181857 0.755119 3.34735 0.0434943 0.00486401 3.36197 0.037353 0.393737 3.35702 0.0328162 0.760498 3.38717 
-0.0336901 -0.685894 3.18818 -0.0561853 -0.492925 3.34647 -0.200271 -0.494538 3.32395 -0.286113 -0.276616 3.4754 -0.36718 -0.0585624 3.48399 0.101028 -0.498053 3.36619 0.150533 -0.239291 3.37987 0.213782 -0.0128824 3.38453 -0.0579632 0.00327387 3.34564 -0.172956 0.00270613 3.30999 -0.167966 0.394696 3.32951 -0.182007 0.755171 3.34704 0.0442647 0.00455406 3.36785 0.0376018 0.39557 3.35745 0.0325793 0.760761 3.38676 
-0.0337075 -0.685897 3.18815 -0.0563173 -0.493237 3.3503 -0.200251 -0.494599 3.32408 -0.290468 -0.277082 3.46862 -0.367001 -0.058494 3.47619 0.104425 -0.500642 3.36587 0.150666 -0.239224 3.37985 0.218057 -0.00832482 3.37674 -0.0578205 0.000863597 3.34598 -0.164374 -0.00173292 3.31541 -0.167921 0.396696 3.33375 -0.181982 0.755172 3.3471 0.0444552 -0.00214393 3.36835 0.0375527 0.393114 3.35715 0.0326579 0.760694 3.38679 
-0.0338024 -0.685885 3.18817 -0.0560008 -0.491294 3.34605 -0.196988 -0.494368 3.31773 -0.2904 -0.27637 3.45316 -0.36331 -0.0583685 3.43756 0.104508 -0.502518 3.36597 0.155567 -0.246842 3.37057 0.213598 -0.0141362 3.32601 -0.0583675 -0.00158135 3.35366 -0.16914 -0.00326103 3.31722 -0.167663 0.39231 3.32498 -0.182154 0.753313 3.34682 0.0456825 -0.00211819 3.37596 0.0379301 0.388312 3.35797 0.0366405 0.759406 3.38729 
-0.0336162 -0.685058 3.18452 -0.0561923 -0.492914 3.34612 -0.196103 -0.494978 3.32516 -0.290355 -0.276338 3.45309 -0.357741 -0.0532609 3.41319 0.104633 -0.500097 3.35786 0.15567 -0.247394 3.35538 0.216965 -0.0044349 3.32593 -0.0574435 0.000801882 3.35606 -0.168886 0.000684714 3.34107 -0.164462 0.393553 3.32528 -0.182145 0.753495 3.34668 0.0465536 0.00435613 3.37808 0.0423882 0.396117 3.3625 0.036539 0.759493 3.38709 
-0.0333174 -0.685929 3.18869 -0.0551987 -0.49369 3.34822 -0.195919 -0.495047 3.32536 -0.281299 -0.262511 3.42809 -0.315143 -0.0308044 3.38086 0.104358 -0.501044 3.36964 0.156292 -0.243015 3.3383 0.197369 -0.0028731 3.27246 -0.0560261 0.0050699 3.36417 -0.1636 0.00366019 3.3554 -0.16396 0.402392 3.33455 -0.182063 0.755612 3.34674 0.046144 0.00613562 3.38189 0.0420948 0.396375 3.3618 0.03691 0.759938 3.38289 
-0.0415325 -0.681946 3.188 -0.055462 -0.493568 3.35221 -0.195969 -0.492852 3.32618 -0.263866 -0.263875 3.42472 -0.275449 -0.03308 3.33375 0.104462 -0.500703 3.37376 0.156102 -0.237916 3.33 0.187011 -0.00660194 3.25363 -0.0597059 0.00310867 3.36469 -0.17243 0.00133059 3.35914 -0.167313 0.39393 3.33026 -0.18192 0.755115 3.34692 0.0462159 0.0038049 3.38243 0.0384025 0.390783 3.36332 0.0335641 0.761116 3.38782 
-0.0423581 -0.681865 3.18726 -0.0565491 -0.495027 3.35433 -0.197081 -0.496303 3.33981 -0.268513 -0.258764 3.40792 -0.262057 -0.0463854 3.3075 0.104836 -0.500774 3.36626 0.151793 -0.238315 3.32107 0.167996 -0.0133711 3.242 -0.0567505 -0.00183953 3.36347 -0.173137 -0.00295901 3.34828 -0.167447 0.391271 3.33502 -0.181809 0.755136 3.34716 0.046303 -0.00283162 3.37825 0.0383853 0.388508 3.36327 0.0333478 0.76057 3.39219 
-0.0420305 -0.681906 3.18764 -0.0569439 -0.495071 3.3575 -0.197852 -0.495904 3.34232 -0.270848 -0.253957 3.38036 -0.257922 -0.0351923 3.19991 0.104792 -0.502944 3.36617 0.148354 -0.241845 3.32054 0.156218 -0.0112745 3.22326 -0.0568488 -0.00184347 3.363 -0.165342 -0.000596736 3.34658 -0.167419 0.388829 3.33097 -0.18183 0.755129 3.34723 0.0462038 -0.00496833 3.38237 0.0429449 0.389049 3.36387 0.033631 0.761013 3.38805 
-0.0429609 -0.681939 3.19141 -0.0527813 -0.494565 3.35308 -0.198702 -0.497382 3.34019 -0.276797 -0.248653 3.33623 -0.225555 -0.0727037 3.18296 0.104911 -0.503386 3.37023 0.148629 -0.246466 3.31215 0.152935 -0.0279584 3.18026 -0.057421 -0.00401954 3.36139 -0.165564 -0.00485032 3.34182 -0.167326 0.388995 3.33137 -0.181871 0.752944 3.3472 0.0504325 -0.00669141 3.38193 0.0429287 0.388949 3.36369 0.0334161 0.76072 3.3833 
-0.0502122 -0.686198 3.1916 -0.0572414 -0.494672 3.3528 -0.202988 -0.497003 3.33966 -0.278405 -0.24793 3.33192 -0.2182 -0.0831941 3.18159 0.100911 -0.500819 3.36562 0.148342 -0.241969 3.31996 0.148387 -0.0230656 3.17929 -0.057033 0.000312525 3.36189 -0.160624 -0.0042739 3.34223 -0.167297 0.391168 3.32715 -0.181755 0.75164 3.34245 0.0502388 -0.00453063 3.38143 0.0387178 0.388135 3.35955 0.0331246 0.760973 3.38269 
-0.0433517 -0.68636 3.19151 -0.0571557 -0.494717 3.35293 -0.20287 -0.49707 3.3398 -0.279349 -0.249343 3.32828 -0.214712 -0.0872905 3.18083 0.104719 -0.50137 3.36977 0.148217 -0.237821 3.31992 0.148176 -0.0229009 3.1789 -0.0574133 -0.00185412 3.36103 -0.160902 -0.00435178 3.34166 -0.167365 0.389334 3.33094 -0.182144 0.751179 3.34655 0.0502308 -0.00457381 3.38134 0.0383086 0.388028 3.35853 0.0326846 0.760557 3.38674 
-0.0434379 -0.686355 3.19142 -0.0571616 -0.494723 3.35297 -0.199008 -0.497349 3.34017 -0.286885 -0.247969 3.33123 -0.218939 -0.081823 3.1848 0.104506 -0.500992 3.36541 0.148341 -0.246462 3.31998 0.148397 -0.0275328 3.17924 -0.0572764 0.000315693 3.36133 -0.160931 -0.0042241 3.34154 -0.167381 0.389345 3.33094 -0.182194 0.752987 3.34639 0.05013 -0.00246146 3.38109 0.0422778 0.386366 3.35777 0.0327937 0.760469 3.38694 
