15 210 4
0 0 0 0 0 0
0.126709 -1.60177 -0.124246 3.89049 0.231406 3.58272
-0.00192581 3.06012 0.0318007 -0.628713 0.14033 7.36518
0.113973 1.61967 0.116063 -3.58253 0.439694 3.68812
-0.279761 -0.619356 2.98539 -0.342237 -0.500399 3.18449 -0.492741 -0.497819 3.15553 -0.556816 -0.261464 3.28668 -0.587513 -0.0206597 3.22081 -0.186623 -0.504031 3.20348 -0.135558 -0.244051 3.20798 -0.127488 -0.00434811 3.10189 -0.344286 -0.0010473 3.21878 -0.447232 -0.00208995 3.20553 -0.461082 0.386144 3.19745 -0.470295 0.770157 3.20564 -0.232665 0.00383173 3.23112 -0.233506 0.378094 3.18594 -0.227131 0.764064 3.20886 
-0.282507 -0.61859 2.98214 -0.342371 -0.50037 3.18432 -0.492853 -0.497852 3.15554 -0.557073 -0.261614 3.28673 -0.596188 -0.0222628 3.21626 -0.191101 -0.504198 3.20383 -0.138945 -0.243509 3.19565 -0.127411 -0.00427906 3.09286 -0.344501 -0.00345859 3.2184 -0.447095 -0.00665183 3.21066 -0.461201 0.384211 3.1969 -0.470667 0.770286 3.20459 -0.232792 -0.0023681 3.231 -0.233086 0.376174 3.1869 -0.226874 0.763479 3.20547 
-0.27796 -0.619825 2.98744 -0.342515 -0.50249 3.18393 -0.492996 -0.497814 3.15484 -0.556951 -0.261574 3.28678 -0.596307 -0.0257882 3.21646 -0.191328 -0.504282 3.20318 -0.135903 -0.244104 3.20686 -0.130813 -0.00338902 3.09193 -0.345053 -0.00789175 3.2218 -0.447989 -0.00834676 3.20698 -0.4613 0.379604 3.19276 -0.470859 0.770366 3.20405 -0.232938 -0.00512898 3.23631 -0.233214 0.376083 3.18667 -0.227027 0.763536 3.20524 
-0.27928 -0.61938 2.98586 -0.342155 -0.50024 3.17576 -0.492555 -0.495937 3.15578 -0.556601 -0.261116 3.27271 -0.595696 -0.0259098 3.20205 -0.191363 -0.505835 3.19935 -0.141623 -0.243069 3.18653 -0.130354 -0.00743582 3.08306 -0.344773 -0.00325181 3.21138 -0.448717 -0.00510078 3.19414 -0.45953 0.383985 3.17361 -0.470552 0.770164 3.20476 -0.233459 -0.00710122 3.24049 -0.233337 0.377779 3.20173 -0.22725 0.763933 3.20871 
-0.281619 -0.618466 2.97718 -0.342327 -0.502348 3.1754 -0.49251 -0.495912 3.15583 -0.552323 -0.256988 3.27838 -0.595175 -0.025985 3.19486 -0.191345 -0.505567 3.19593 -0.142838 -0.243462 3.17433 -0.130584 -0.0075697 3.08276 -0.345041 -0.00529868 3.21604 -0.448735 -0.00514607 3.19808 -0.459823 0.385914 3.18271 -0.470475 0.770115 3.20495 -0.234056 -0.007925 3.24436 -0.233774 0.379578 3.20088 -0.227249 0.762047 3.20877 
-0.279921 -0.618881 2.97926 -0.342178 -0.500228 3.17569 -0.497383 -0.498135 3.15648 -0.556963 -0.258031 3.28654 -0.590114 -0.024662 3.18637 -0.191075 -0.505534 3.19653 -0.137315 -0.244711 3.19102 -0.130061 -0.00735062 3.07366 -0.345077 -0.00551416 3.21752 -0.448575 -0.0076932 3.19503 -0.459634 0.385763 3.18339 -0.470432 0.770105 3.20506 -0.233744 -0.00802225 3.24521 -0.233506 0.377738 3.20155 -0.227187 0.762021 3.20892 
-0.28722 -0.617815 2.97485 -0.342203 -0.500264 3.17559 -0.497427 -0.498268 3.15655 -0.556968 -0.261559 3.28666 -0.586254 -0.0281969 3.18502 -0.186523 -0.505346 3.19649 -0.137026 -0.244652 3.19186 -0.125532 -0.0028255 3.07442 -0.344758 -0.00556766 3.2143 -0.448521 -0.00761344 3.19098 -0.459465 0.385418 3.17996 -0.466942 0.767445 3.20544 -0.233618 -0.0080056 3.24542 -0.233224 0.379508 3.19816 -0.227404 0.761938 3.2047 
-0.287785 -0.61844 2.9779 -0.342164 -0.500264 3.17575 -0.49723 -0.498276 3.15717 -0.552335 -0.256939 3.2786 -0.576612 -0.029476 3.18214 -0.186477 -0.505353 3.19672 -0.134255 -0.240764 3.2002 -0.129833 -0.00242502 3.07349 -0.344925 -0.0055695 3.21391 -0.448568 -0.00767048 3.19512 -0.459598 0.385545 3.17962 -0.466963 0.769803 3.20523 -0.233831 -0.00982215 3.24501 -0.233165 0.379535 3.19834 -0.227466 0.761939 3.20461 
-0.288205 -0.618429 2.97771 -0.341981 -0.500304 3.17622 -0.497264 -0.498338 3.15712 -0.552263 -0.260488 3.27861 -0.567692 -0.0283789 3.1726 -0.186442 -0.505561 3.2003 -0.132805 -0.241177 3.20711 -0.129642 -0.00249763 3.07336 -0.344606 -0.00803475 3.21503 -0.448162 -0.00790794 3.19234 -0.459221 0.385414 3.18481 -0.466906 0.767826 3.20545 -0.233534 -0.00983656 3.24599 -0.232844 0.377577 3.19907 -0.227247 0.762261 3.20866 
-0.301568 -0.618492 2.97877 -0.342067 -0.500308 3.1761 -0.497375 -0.49833 3.15693 -0.552246 -0.260466 3.27857 -0.542934 -0.0221527 3.1652 -0.186464 -0.505608 3.20043 -0.133296 -0.240931 3.2031 -0.129076 -0.00228835 3.0646 -0.344763 -0.0080447 3.21462 -0.448113 -0.00798535 3.19269 -0.459339 0.385442 3.1844 -0.467025 0.767871 3.20512 -0.233625 -0.00989453 3.24582 -0.232861 0.375494 3.19902 -0.227447 0.762315 3.20833 
-0.301423 -0.61859 2.97891 -0.342183 -0.500261 3.17596 -0.501224 -0.498177 3.15649 -0.547575 -0.259587 3.27735 -0.538344 -0.0209695 3.1638 -0.186385 -0.505501 3.20052 -0.133209 -0.239621 3.19637 -0.124828 -0.00290924 3.07432 -0.34472 -0.00802697 3.21491 -0.448202 -0.00791797 3.19239 -0.459221 0.388146 3.17941 -0.466889 0.767942 3.20521 -0.233614 -0.00984308 3.24593 -0.232934 0.379955 3.19886 -0.227456 0.762274 3.20841 
-0.307271 -0.622182 2.98094 -0.342052 -0.500233 3.17638 -0.497761 -0.498229 3.15597 -0.547278 -0.25577 3.2701 -0.538383 -0.0209767 3.16378 -0.186139 -0.501289 3.20094 -0.135108 -0.239307 3.19026 -0.124814 -0.00289644 3.07435 -0.344466 -0.00603211 3.21551 -0.448252 -0.00578358 3.18765 -0.459148 0.385868 3.17957 -0.466695 0.767837 3.20578 -0.233437 -0.00785952 3.24638 -0.233115 0.379544 3.19851 -0.227374 0.761844 3.20488 
-0.323051 -0.621702 2.98506 -0.341873 -0.5002 3.17663 -0.501113 -0.498095 3.15651 -0.54737 -0.252587 3.2769 -0.538395 -0.0175654 3.16366 -0.185994 -0.501254 3.20136 -0.136687 -0.240011 3.18522 -0.124494 0.00201669 3.07429 -0.344306 -0.00603508 3.21587 -0.448121 -0.00604881 3.18922 -0.459478 0.387898 3.18438 -0.466781 0.769747 3.20548 -0.233293 -0.0078169 3.24659 -0.233062 0.381965 3.19844 -0.227536 0.762282 3.20825 
-0.32112 -0.626498 2.98403 -0.341727 -0.500173 3.17703 -0.497365 -0.496082 3.15666 -0.547294 -0.252633 3.27685 -0.538397 -0.0142665 3.16366 -0.18608 -0.501226 3.20119 -0.13788 -0.239765 3.18885 -0.124608 -0.00262973 3.07454 -0.34401 -0.0035896 3.21151 -0.447869 -0.00358453 3.1847 -0.459269 0.387842 3.18531 -0.466771 0.769787 3.20555 -0.232981 -0.00515452 3.24187 -0.233265 0.381986 3.19798 -0.227252 0.761819 3.20501 
-0.326943 -0.627733 2.98956 -0.341685 -0.500178 3.17714 -0.497587 -0.496076 3.15625 -0.547174 -0.256106 3.27696 -0.543085 -0.0151233 3.17188 -0.185539 -0.501336 3.1977 -0.137802 -0.238752 3.18908 -0.124505 0.00231453 3.07423 -0.343923 -0.00158633 3.2115 -0.447781 -0.00187594 3.1944 -0.459868 0.384978 3.19519 -0.466835 0.769866 3.20546 -0.232398 -0.00314637 3.2377 -0.232735 0.378007 3.19355 -0.227061 0.763371 3.20523 
-0.326627 -0.62784 2.98998 -0.341712 -0.500172 3.17713 -0.501231 -0.495875 3.1562 -0.546932 -0.252384 3.26973 -0.543057 -0.0147767 3.17201 -0.185684 -0.501349 3.19728 -0.1406 -0.238227 3.17253 -0.124052 0.002542 3.06546 -0.343974 -0.00354801 3.20718 -0.447781 -0.00610247 3.19017 -0.460121 0.383094 3.19038 -0.467162 0.770092 3.20457 -0.232516 -0.00498552 3.23736 -0.233066 0.37987 3.19254 -0.22659 0.761469 3.20421 
-0.327156 -0.627606 2.98926 -0.341689 -0.500157 3.17721 -0.501206 -0.495856 3.1563 -0.542485 -0.2514 3.26855 -0.538494 -0.0137374 3.17067 -0.185702 -0.501348 3.19722 -0.140428 -0.238275 3.17293 -0.123859 0.00265349 3.06551 -0.343775 -0.00359162 3.20755 -0.447313 -0.00635973 3.19168 -0.459977 0.385288 3.19092 -0.469821 0.772576 3.20698 -0.232077 -0.00249219 3.22906 -0.228471 0.383248 3.18688 -0.22629 0.758111 3.20506 
-0.320997 -0.627246 2.98781 -0.341879 -0.500195 3.1766 -0.501123 -0.49602 3.15625 -0.542751 -0.251802 3.27578 -0.534661 -0.0210133 3.1699 -0.186299 -0.501345 3.20053 -0.141778 -0.238125 3.1768 -0.11903 0.00262387 3.06637 -0.343867 -0.00557674 3.2073 -0.447508 -0.00626175 3.19075 -0.460079 0.38757 3.19478 -0.469584 0.772471 3.20794 -0.232168 -0.00672968 3.22873 -0.228196 0.382771 3.17814 -0.225985 0.759784 3.20547 
-0.315299 -0.62208 2.98578 -0.34171 -0.500203 3.17687 -0.497504 -0.498089 3.15624 -0.547554 -0.252934 3.28413 -0.521153 -0.0193682 3.15902 -0.185724 -0.501406 3.19678 -0.139913 -0.23849 3.18268 -0.118108 0.0027267 3.0666 -0.339413 -0.00549817 3.21117 -0.444306 -0.0090295 3.19469 -0.460344 0.386891 3.19578 -0.470111 0.774044 3.21228 -0.223894 -0.00738426 3.22933 -0.232159 0.380147 3.17959 -0.226086 0.760343 3.20934 
-0.299846 -0.619097 2.98093 -0.337071 -0.499976 3.17558 -0.492794 -0.497917 3.15503 -0.55864 -0.25599 3.26806 -0.530623 -0.0413955 3.09639 -0.177982 -0.503886 3.19541 -0.140941 -0.239064 3.17882 -0.110088 -0.00320943 3.07713 -0.336203 -0.00824716 3.20494 -0.44121 -0.00893825 3.18142 -0.459362 0.384533 3.18211 -0.469948 0.77379 3.21291 -0.224626 -0.010186 3.23661 -0.232192 0.380132 3.17922 -0.225798 0.759793 3.20606 
-0.27873 -0.618016 2.96428 -0.328873 -0.499707 3.17385 -0.477834 -0.497463 3.1417 -0.572148 -0.248654 3.20612 -0.502064 -0.0788095 3.04373 -0.17732 -0.503009 3.19234 -0.132137 -0.245963 3.1837 -0.109266 -0.00340503 3.06829 -0.323213 -0.0157618 3.21287 -0.429097 -0.0154344 3.18963 -0.459162 0.383331 3.17057 -0.470204 0.773762 3.2122 -0.225079 -0.0167984 3.24046 -0.232686 0.37301 3.17804 -0.225019 0.758434 3.20323 
-0.276541 -0.614017 2.94358 -0.311109 -0.497569 3.17037 -0.462199 -0.495322 3.14099 -0.557837 -0.253829 3.23263 -0.469339 -0.0990527 3.03705 -0.164032 -0.502841 3.19228 -0.120014 -0.252952 3.1955 -0.105683 -0.00945335 3.06883 -0.31857 -0.0134523 3.21707 -0.424896 -0.0184893 3.19618 -0.452002 0.375752 3.18284 -0.470764 0.773485 3.21099 -0.224463 -0.0144377 3.24114 -0.227651 0.369252 3.16525 -0.22458 0.7591 3.19471 
-0.265556 -0.603375 2.9305 -0.288454 -0.493254 3.15468 -0.45135 -0.492793 3.13161 -0.532398 -0.2534 3.20446 -0.430529 -0.136747 3.0229 -0.142904 -0.495713 3.17749 -0.0690172 -0.256505 3.2306 -0.0922718 -0.0288621 3.08266 -0.306703 -0.0132729 3.21507 -0.402128 -0.0140618 3.20395 -0.436816 0.378983 3.14587 -0.46125 0.769949 3.20782 -0.215956 -0.0177481 3.23503 -0.227425 0.372711 3.16225 -0.226074 0.761083 3.2014 
-0.210226 -0.598677 2.9434 -0.284727 -0.495036 3.14866 -0.446273 -0.492646 3.13457 -0.520128 -0.263331 3.21081 -0.408107 -0.147871 3.033 -0.1254 -0.497248 3.15519 -0.056575 -0.261506 3.23101 -0.0880826 -0.0496925 3.09129 -0.291597 -0.0161632 3.22208 -0.394735 -0.0162388 3.21608 -0.407184 0.377365 3.13178 -0.451933 0.764538 3.17992 -0.192272 -0.0217188 3.23583 -0.222263 0.370426 3.16625 -0.226501 0.760433 3.21 
-0.210663 -0.595351 2.92037 -0.276505 -0.494946 3.14221 -0.438438 -0.496467 3.1376 -0.512783 -0.266231 3.20997 -0.395444 -0.154088 3.02869 -0.117044 -0.496458 3.14891 -0.0490377 -0.258908 3.22435 -0.0798822 -0.0464743 3.08145 -0.291853 -0.0181372 3.21734 -0.395959 -0.020204 3.21837 -0.393977 0.376929 3.12739 -0.413796 0.750149 3.17414 -0.186877 -0.0185261 3.22045 -0.221997 0.370307 3.1674 -0.225063 0.759216 3.2154 
-0.205878 -0.576325 2.92681 -0.265996 -0.492187 3.12907 -0.418559 -0.492291 3.11308 -0.502392 -0.263314 3.20167 -0.387352 -0.155456 3.03382 -0.111371 -0.498734 3.14717 -0.0407808 -0.258898 3.22366 -0.0819911 -0.0530913 3.07515 -0.290524 -0.0225803 3.21797 -0.385138 -0.0223974 3.21158 -0.381526 0.367721 3.11325 -0.381282 0.763133 3.17078 -0.18201 -0.0251215 3.23542 -0.214952 0.366276 3.12534 -0.223572 0.748769 3.20155 
-0.223505 -0.553101 2.90983 -0.25818 -0.482469 3.12169 -0.409624 -0.473733 3.09014 -0.507566 -0.251275 3.20043 -0.381805 -0.148628 3.03042 -0.101448 -0.486097 3.15243 -0.0372012 -0.25667 3.23528 -0.077407 -0.0439124 3.04874 -0.283007 -0.0152564 3.23348 -0.376763 -0.0135865 3.22043 -0.37768 0.364632 3.0845 -0.370201 0.758181 3.18049 -0.174631 -0.0112867 3.24557 -0.209186 0.360656 3.06616 -0.219187 0.719142 3.17346 
-0.18796 -0.533686 2.90023 -0.238811 -0.448834 3.11019 -0.392971 -0.439571 3.07657 -0.51445 -0.21321 3.17104 -0.37453 -0.129014 3.01736 -0.0874888 -0.456308 3.15661 -0.00768376 -0.241845 3.25181 -0.089769 -0.0538 3.03589 -0.258194 0.0136075 3.24544 -0.357093 0.0104673 3.22413 -0.354131 0.367057 3.05829 -0.362939 0.753242 3.17508 -0.161765 0.0116103 3.2751 -0.171705 0.347358 3.01984 -0.216657 0.663008 3.17568 
-0.186401 -0.492812 2.88581 -0.224706 -0.418537 3.12399 -0.384874 -0.410798 3.07347 -0.485295 -0.193778 3.21212 -0.341061 -0.11623 3.08215 -0.0839327 -0.432037 3.15977 -0.00155957 -0.21102 3.25977 -0.10014 -0.109362 3.0009 -0.235061 0.0269958 3.2465 -0.343441 0.027572 3.21353 -0.318617 0.390388 3.03025 -0.360718 0.751003 3.16934 -0.144761 0.0282814 3.27651 -0.143673 0.315542 2.94448 -0.194066 0.554703 3.1875 
-0.154856 -0.49483 2.87402 -0.218266 -0.406392 3.10291 -0.369561 -0.38892 3.05243 -0.457989 -0.170222 3.17801 -0.327676 -0.0972819 3.02906 -0.0646616 -0.418 3.163 0.0115241 -0.198208 3.26395 -0.0959763 -0.116294 2.97119 -0.223241 0.0365796 3.23934 -0.326286 0.0418523 3.19656 -0.312046 0.392562 3.01193 -0.355283 0.72774 3.18234 -0.126165 0.030074 3.27742 -0.123805 0.27586 2.91 -0.155215 0.513711 3.20226 
-0.114663 -0.493517 2.87719 -0.195226 -0.406913 3.10145 -0.341351 -0.389145 3.03435 -0.43427 -0.169093 3.15727 -0.281247 -0.12046 3.01013 -0.0532991 -0.416711 3.16295 0.0196164 -0.196417 3.26829 -0.0886227 -0.136687 3.00146 -0.211176 0.0396601 3.22526 -0.302699 0.0443304 3.19097 -0.294276 0.389202 3.01752 -0.352247 0.756 3.16919 -0.118033 0.0313907 3.27792 -0.0575423 0.238625 2.89157 -0.0781623 0.462083 3.20294 
-0.0991782 -0.507135 2.86335 -0.156347 -0.410525 3.08064 -0.303685 -0.395705 3.02255 -0.421604 -0.179452 3.12189 -0.255802 -0.14314 3.00328 -0.0276593 -0.420876 3.15851 0.0518083 -0.213618 3.28135 -0.0757461 -0.171383 2.97703 -0.182108 0.0288704 3.21929 -0.288402 0.0346856 3.18695 -0.270426 0.390513 3.02743 -0.351325 0.758766 3.16691 -0.078066 0.0229761 3.27138 0.0157196 0.230678 2.88589 0.0262045 0.468404 3.1872 
-0.0621119 -0.533682 2.86346 -0.135489 -0.421658 3.07099 -0.276521 -0.409489 3.00944 -0.395586 -0.204513 3.1055 -0.228751 -0.181338 2.98887 0.00613235 -0.431767 3.15752 0.0839289 -0.242574 3.28804 -0.029996 -0.2116 3.03824 -0.158643 0.011935 3.21307 -0.270812 0.0169327 3.17906 -0.274806 0.405263 3.04777 -0.352925 0.763894 3.16685 -0.0615651 -0.00160802 3.26404 0.0346531 0.230884 2.88495 0.106052 0.472875 3.16287 
-0.0113438 -0.563325 2.88285 -0.10216 -0.469534 3.07801 -0.231977 -0.457802 2.99976 -0.362772 -0.272889 3.09461 -0.188214 -0.251325 2.9713 0.0484273 -0.483781 3.15748 0.118306 -0.288659 3.29219 0.0901728 -0.258813 3.06803 -0.124682 -0.0202105 3.20633 -0.2211 -0.0165249 3.16888 -0.252051 0.371627 3.07071 -0.355385 0.753934 3.15821 -0.0264703 -0.0338057 3.24978 0.087047 0.249163 2.91867 0.205118 0.530599 3.1405 
0.00429215 -0.573092 2.88059 -0.0500977 -0.496805 3.07939 -0.199847 -0.487553 3.00493 -0.307742 -0.301457 3.1096 -0.144878 -0.281953 2.97172 0.101576 -0.504045 3.15942 0.16493 -0.321252 3.28851 0.143096 -0.276648 3.05362 -0.0592236 -0.044006 3.19436 -0.164312 -0.0333876 3.15797 -0.219083 0.327415 3.06596 -0.344988 0.73654 3.15239 0.0447648 -0.0532192 3.23207 0.116964 0.28043 2.96015 0.261165 0.606525 3.10324 
0.0462643 -0.59458 2.86019 -0.0120232 -0.521214 3.07851 -0.153009 -0.506802 2.99911 -0.29027 -0.315154 3.12731 -0.121574 -0.287172 2.97164 0.124265 -0.529428 3.13531 0.193118 -0.328592 3.288 0.173565 -0.288853 3.06787 -0.0283004 -0.0616645 3.18791 -0.123071 -0.0607056 3.15186 -0.169093 0.315455 3.01217 -0.322784 0.690801 3.14746 0.0812551 -0.0629008 3.22532 0.144243 0.309966 3.01718 0.276909 0.679255 3.09617 
0.111934 -0.592176 2.87414 0.0398352 -0.505496 3.07921 -0.114394 -0.499128 3.02546 -0.226221 -0.296615 3.1531 -0.0775859 -0.273664 2.97087 0.185081 -0.512258 3.12881 0.276735 -0.307324 3.27349 0.274695 -0.210245 3.0784 0.036404 -0.0504572 3.18307 -0.0737536 -0.0467314 3.15757 -0.105126 0.290079 2.94251 -0.261506 0.551343 3.16983 0.13535 -0.053489 3.21598 0.182907 0.328422 3.02989 0.251865 0.743507 3.14547 
0.138268 -0.566643 2.86861 0.0832283 -0.464641 3.06962 -0.0654167 -0.459873 3.02624 -0.197105 -0.246755 3.12857 -0.0413128 -0.213531 2.94539 0.231027 -0.469265 3.11894 0.319832 -0.260675 3.24332 0.312633 -0.161907 3.06719 0.0787569 0.000378497 3.17554 -0.0292194 0.00293113 3.10636 -0.0366642 0.267912 2.86559 -0.154528 0.443648 3.16188 0.17884 -0.00895327 3.22938 0.187405 0.377838 3.05163 0.247945 0.759537 3.17562 
0.165838 -0.535105 2.85508 0.113656 -0.436858 3.06806 -0.0462707 -0.433948 3.03782 -0.139113 -0.23027 3.14279 -0.0123114 -0.182405 2.95427 0.26223 -0.430959 3.09855 0.356432 -0.231266 3.21385 0.297879 -0.203087 3.03049 0.113578 0.0273436 3.17937 0.0177568 0.0216641 3.11986 -0.015555 0.267381 2.83412 -0.0901648 0.41268 3.13465 0.208027 0.0250295 3.23221 0.219107 0.397657 3.04555 0.253227 0.763842 3.18551 
0.211396 -0.533589 2.8413 0.168039 -0.428622 3.05629 0.0164041 -0.428088 3.03015 -0.101842 -0.231748 3.15262 0.027055 -0.182186 2.94048 0.311248 -0.425616 3.07006 0.406658 -0.227966 3.15861 0.34978 -0.144655 2.92436 0.164885 0.0111449 3.18 0.0585679 0.0119995 3.14902 0.0958102 0.207401 2.82671 0.0426675 0.41198 3.10609 0.254892 0.0131232 3.22087 0.254793 0.389151 3.07105 0.256898 0.762144 3.18085 
0.223515 -0.54387 2.83285 0.184614 -0.463083 3.05093 0.0263435 -0.461012 3.02926 -0.0663257 -0.257964 3.16319 0.069369 -0.232804 2.96775 0.336472 -0.47037 3.07432 0.425724 -0.25601 3.12637 0.349815 -0.226863 2.90655 0.182469 -0.0187999 3.18058 0.0853131 -0.0135179 3.12351 0.137602 0.225234 2.82091 0.123122 0.505984 3.06009 0.28896 -0.0206439 3.23692 0.273925 0.375248 3.09286 0.265583 0.75708 3.1811 
0.247089 -0.584504 2.82629 0.202471 -0.499435 3.04612 0.0504941 -0.493085 3.01695 -0.0531318 -0.29861 3.11747 0.093192 -0.252269 2.93487 0.353105 -0.504642 3.07519 0.450618 -0.299574 3.13206 0.340426 -0.25801 2.91085 0.203713 -0.0453416 3.17663 0.104844 -0.0383472 3.11633 0.175868 0.254378 2.85994 0.16861 0.598045 3.01022 0.310606 -0.0515819 3.23344 0.314996 0.324573 3.09058 0.283033 0.726016 3.16417 
0.31402 -0.602297 2.83141 0.24981 -0.540839 3.04137 0.104933 -0.544843 3.02002 -0.0328382 -0.339872 3.13051 0.119965 -0.29917 2.93337 0.400147 -0.550671 3.07182 0.475432 -0.332348 3.17361 0.390466 -0.294506 2.94061 0.248813 -0.0919248 3.17885 0.150119 -0.0908388 3.15246 0.192658 0.269214 2.93588 0.210093 0.667918 3.00684 0.346003 -0.101125 3.21227 0.373001 0.256617 2.99747 0.315128 0.615985 3.19848 
0.327192 -0.603851 2.82813 0.279131 -0.536483 3.04165 0.123461 -0.531204 3.00145 -0.00504681 -0.322895 3.11407 0.139048 -0.288674 2.91397 0.419174 -0.547563 3.07349 0.485375 -0.329127 3.20842 0.38951 -0.256004 3.0284 0.27149 -0.0873772 3.17462 0.179885 -0.0825949 3.13165 0.219076 0.309169 2.9616 0.228572 0.72012 3.01415 0.367205 -0.0948635 3.20883 0.428048 0.251703 2.98785 0.331911 0.51811 3.21472 
0.342838 -0.581198 2.82545 0.290993 -0.503294 3.03235 0.14266 -0.497805 2.98893 0.0275865 -0.28655 3.08107 0.163905 -0.262913 2.88898 0.444289 -0.510579 3.08836 0.488926 -0.304323 3.22457 0.469773 -0.226332 3.02387 0.285314 -0.0604299 3.16751 0.188725 -0.0522498 3.12758 0.242714 0.312069 2.98761 0.228263 0.753027 3.08214 0.396285 -0.0673657 3.20999 0.455784 0.236659 2.92189 0.352962 0.446294 3.18837 
0.380019 -0.544927 2.8314 0.321609 -0.464844 3.02612 0.178839 -0.451238 2.96404 0.0421351 -0.221025 3.00196 0.21446 -0.228046 2.83879 0.455749 -0.480323 3.09534 0.489811 -0.256974 3.23563 0.502156 -0.177599 3.01154 0.316598 -0.00810191 3.16345 0.212324 0.000124382 3.1264 0.272545 0.378427 3.01012 0.226313 0.760363 3.08185 0.411836 -0.0155494 3.20956 0.528172 0.17924 2.86353 0.427841 0.392389 3.16878 
0.400648 -0.540605 2.82809 0.348692 -0.428315 3.02643 0.201277 -0.415955 2.94951 0.0860708 -0.188607 2.96844 0.230909 -0.199563 2.82849 0.483701 -0.437701 3.11267 0.52041 -0.241183 3.24764 0.563567 -0.14415 3.02559 0.34238 -0.000172436 3.17641 0.248535 0.0143674 3.13507 0.301456 0.380049 2.97822 0.243398 0.763097 3.09062 0.431893 -0.00664513 3.21511 0.577221 0.155695 2.84078 0.510213 0.404595 3.1372 
0.431765 -0.542301 2.82598 0.359766 -0.424044 3.02009 0.238248 -0.411201 2.9353 0.104738 -0.18935 2.95596 0.266969 -0.2066 2.82113 0.502604 -0.439918 3.11909 0.53009 -0.24682 3.26485 0.575883 -0.151118 3.04329 0.35995 0.00165561 3.16482 0.272905 0.017318 3.1309 0.331366 0.390037 2.9913 0.246926 0.761985 3.09112 0.465857 -0.0130228 3.21452 0.60749 0.15803 2.85415 0.587661 0.45163 3.10723 
0.471531 -0.563778 2.82983 0.40304 -0.466302 3.02691 0.276413 -0.442145 2.95351 0.130947 -0.237316 2.99136 0.307616 -0.257697 2.82958 0.544644 -0.483792 3.12371 0.565035 -0.302009 3.28527 0.643658 -0.215754 3.06605 0.417662 -0.0248186 3.15799 0.322245 -0.0147112 3.13277 0.343072 0.369104 3.00976 0.245273 0.754368 3.08941 0.51464 -0.0373972 3.21121 0.674149 0.179427 2.87486 0.7033 0.478973 3.09972 
0.507952 -0.599107 2.83407 0.448942 -0.502738 3.03441 0.312293 -0.48029 2.95198 0.189268 -0.288862 3.03169 0.357207 -0.284268 2.85657 0.588537 -0.527269 3.1206 0.624131 -0.35448 3.28782 0.704468 -0.255389 3.08655 0.46763 -0.0542645 3.15303 0.360702 -0.0413012 3.12034 0.348488 0.330798 3.02346 0.246659 0.73954 3.07784 0.569997 -0.0723772 3.19287 0.727555 0.224326 2.93489 0.811606 0.562311 3.0786 
0.532033 -0.611474 2.8296 0.50018 -0.531913 3.04505 0.348836 -0.513712 2.97313 0.203489 -0.309286 3.07432 0.370771 -0.295854 2.89151 0.638971 -0.555271 3.09723 0.681665 -0.379898 3.27444 0.743622 -0.264092 3.07664 0.496818 -0.0750887 3.14707 0.404691 -0.0645713 3.11758 0.39826 0.306514 2.98116 0.251362 0.691627 3.08098 0.595647 -0.0839876 3.18993 0.744233 0.250469 3.016 0.873482 0.625827 3.08316 
0.584952 -0.592841 2.839 0.575041 -0.527241 3.05709 0.416683 -0.522219 3.01453 0.276603 -0.317067 3.11618 0.420384 -0.278901 2.91046 0.709301 -0.547172 3.09517 0.785407 -0.371039 3.2601 0.807238 -0.231079 3.07651 0.578746 -0.0810385 3.16258 0.476576 -0.0729925 3.13868 0.498112 0.275116 2.89823 0.312672 0.553372 3.09663 0.681147 -0.0877802 3.19643 0.79499 0.297764 3.05783 0.899268 0.689743 3.13612 
0.597591 -0.583069 2.83921 0.611736 -0.500805 3.05599 0.459801 -0.491772 3.01595 0.333874 -0.28574 3.13176 0.462276 -0.25556 2.92227 0.763567 -0.510753 3.09448 0.844704 -0.32957 3.24271 0.860039 -0.198848 3.0673 0.627728 -0.0437314 3.16364 0.534355 -0.0317731 3.10717 0.552452 0.254014 2.85851 0.389209 0.481271 3.12093 0.725825 -0.0534764 3.20759 0.807496 0.342961 3.07574 0.8953 0.739821 3.16448 
0.635951 -0.546479 2.83586 0.642277 -0.463146 3.05959 0.481015 -0.44858 3.02442 0.369853 -0.248647 3.12836 0.478125 -0.203198 2.91769 0.787572 -0.477038 3.095 0.889934 -0.286314 3.20116 0.862343 -0.140734 3.02029 0.664233 -0.00311001 3.16503 0.558554 0.00602695 3.10828 0.569495 0.258717 2.80082 0.449413 0.442057 3.12958 0.774398 -0.0101431 3.21194 0.82076 0.379817 3.07659 0.897045 0.746636 3.17715 
0.683477 -0.523249 2.83468 0.684482 -0.424178 3.05772 0.522708 -0.413401 3.03111 0.429156 -0.202147 3.1567 0.575766 -0.163851 2.94547 0.840268 -0.446799 3.09191 0.938105 -0.255489 3.20798 0.893088 -0.117167 3.01032 0.71298 0.0124587 3.18421 0.614893 0.0198174 3.12655 0.680319 0.225031 2.80168 0.586316 0.41439 3.13133 0.814464 0.00590847 3.23425 0.872253 0.390258 3.06162 0.892775 0.750701 3.17401 
0.687154 -0.498809 2.82914 0.701218 -0.415306 3.05135 0.546135 -0.407783 3.02129 0.444248 -0.19812 3.16296 0.595397 -0.158617 2.95567 0.853157 -0.440289 3.08838 0.958875 -0.247617 3.20438 0.902759 -0.109311 3.00775 0.727845 0.0122126 3.1839 0.639075 0.0209601 3.13011 0.703144 0.234733 2.83142 0.637623 0.46397 3.11633 0.832066 0.00898898 3.24273 0.876726 0.390221 3.06891 0.900987 0.750407 3.17685 
0.694603 -0.503221 2.82542 0.728288 -0.435231 3.04541 0.567305 -0.419665 3.0283 0.475192 -0.21977 3.15629 0.625092 -0.166033 2.96931 0.877244 -0.45606 3.07969 0.966009 -0.260823 3.20129 0.91257 -0.122859 2.9986 0.747025 0.000318401 3.18426 0.650478 0.00869994 3.14023 0.730374 0.268849 2.8653 0.686564 0.542538 3.10815 0.854748 -0.00802644 3.2435 0.877309 0.376856 3.0785 0.898753 0.747694 3.18512 
0.705162 -0.517099 2.83707 0.737126 -0.458615 3.04372 0.579942 -0.434824 3.01041 0.492498 -0.241498 3.14996 0.643543 -0.173961 2.95742 0.897683 -0.471188 3.08707 0.98054 -0.28533 3.23507 0.920569 -0.141989 3.03627 0.769818 -0.00702884 3.18454 0.657587 0.00593513 3.13416 0.756757 0.31263 2.89169 0.727664 0.643716 3.09654 0.86801 -0.017862 3.25077 0.885165 0.375668 3.08244 0.908958 0.740556 3.18785 
0.711042 -0.533527 2.83273 0.74479 -0.471213 3.04069 0.58237 -0.453428 3.0087 0.489658 -0.250879 3.14183 0.648823 -0.179296 2.9567 0.901032 -0.481618 3.08401 0.987242 -0.292497 3.23867 0.943308 -0.151548 3.05865 0.778189 -0.0193883 3.18774 0.66877 -0.00343001 3.13497 0.762626 0.329291 2.94846 0.750905 0.702752 3.10926 0.875515 -0.0306153 3.2473 0.885207 0.355131 3.09388 0.900011 0.740519 3.18879 
0.71772 -0.531804 2.83254 0.745773 -0.470494 3.04704 0.586619 -0.454488 3.00717 0.498832 -0.251692 3.14445 0.650814 -0.175676 2.95144 0.905825 -0.483274 3.0842 0.994815 -0.294087 3.2393 0.95771 -0.141668 3.07554 0.7825 -0.0190382 3.18847 0.679368 -0.00639937 3.14857 0.761667 0.356099 3.01475 0.765812 0.733608 3.16993 0.879981 -0.0318217 3.23315 0.899963 0.359958 3.09285 0.897616 0.736187 3.18366 
0.733744 -0.526927 2.83009 0.753479 -0.465085 3.04615 0.598113 -0.447115 3.01661 0.497561 -0.241422 3.14061 0.652851 -0.167746 2.95616 0.914235 -0.478082 3.08761 1.00316 -0.28713 3.23953 0.962152 -0.127574 3.06505 0.792221 -0.00609689 3.18802 0.690738 0.011749 3.15282 0.760549 0.367897 3.04744 0.774981 0.74335 3.17547 0.883747 -0.0219299 3.23301 0.914492 0.366423 3.09582 0.906567 0.745567 3.19485 
0.728554 -0.515738 2.8303 0.754089 -0.463638 3.04972 0.601823 -0.443495 3.02358 0.503666 -0.235431 3.148 0.658492 -0.164816 2.96439 0.91451 -0.473102 3.09072 1.00321 -0.285187 3.23931 0.959822 -0.118898 3.06217 0.792552 -0.00182294 3.19646 0.696569 0.013706 3.1676 0.755512 0.367207 3.02946 0.773824 0.738179 3.17306 0.891636 -0.0162913 3.23312 0.909882 0.366058 3.1014 0.907453 0.745022 3.19532 
0.732358 -0.520557 2.84336 0.75397 -0.461526 3.04954 0.601954 -0.440708 3.02596 0.504045 -0.235127 3.14945 0.661176 -0.162382 2.98508 0.914628 -0.472503 3.09381 1.00283 -0.281543 3.2386 0.953268 -0.122013 3.05127 0.792319 -0.00525038 3.19657 0.691157 0.0111417 3.16209 0.757995 0.362967 3.01032 0.770926 0.733155 3.17321 0.887471 -0.0185273 3.24044 0.908883 0.363347 3.09339 0.90077 0.731955 3.18916 
0.707689 -0.517067 2.83972 0.74566 -0.457772 3.04916 0.591499 -0.433042 3.02631 0.504169 -0.228076 3.15404 0.653619 -0.156118 2.9873 0.906599 -0.470223 3.08533 1.00289 -0.276176 3.23531 0.941339 -0.120617 3.05976 0.781881 -0.009746 3.20119 0.682458 0.00872584 3.15577 0.767242 0.336728 2.98094 0.75946 0.68957 3.14745 0.883389 -0.0259448 3.25878 0.904898 0.362806 3.09205 0.899643 0.732956 3.18176 
0.708227 -0.50658 2.84222 0.743975 -0.441726 3.04487 0.581127 -0.423326 3.04692 0.502496 -0.214804 3.15946 0.639455 -0.142478 2.97812 0.900089 -0.462944 3.07518 0.984931 -0.243036 3.20029 0.942407 -0.112909 3.01091 0.77823 -0.00945116 3.21174 0.670862 0.000604119 3.16253 0.760297 0.276251 2.93367 0.734108 0.579248 3.10864 0.874216 -0.0256006 3.25347 0.885421 0.371544 3.08256 0.901221 0.748027 3.19421 
0.696714 -0.493029 2.83908 0.7331 -0.421857 3.05913 0.574229 -0.419828 3.08814 0.502978 -0.214072 3.21202 0.634687 -0.121409 2.99682 0.886224 -0.438919 3.0443 0.97684 -0.215387 3.15583 0.917542 -0.0846928 2.97832 0.775887 -0.00275403 3.21715 0.668685 -0.00454038 3.21122 0.757793 0.205456 2.86953 0.713898 0.455333 3.13305 0.868185 -0.00762586 3.22731 0.876049 0.382685 3.06581 0.896042 0.746128 3.18443 
0.68685 -0.494806 2.87023 0.729385 -0.408593 3.0622 0.567499 -0.405491 3.09876 0.483178 -0.194182 3.21232 0.612272 -0.116396 3.00919 0.877151 -0.407201 3.03348 0.975079 -0.201966 3.1439 0.911011 -0.0647086 2.94266 0.762211 0.0163756 3.21742 0.650219 0.0136414 3.25691 0.75075 0.298339 3.05899 0.713054 0.572708 3.20217 0.8549 0.0109633 3.18004 0.876559 0.307559 2.9054 0.90551 0.631474 3.08889 
0.637904 -0.49017 2.8756 0.684682 -0.391512 3.06101 0.532859 -0.382682 3.10971 0.422968 -0.175131 3.20281 0.562736 -0.124228 2.98768 0.83604 -0.393828 3.03097 0.942024 -0.1744 3.11061 0.882834 -0.0618663 2.92695 0.716699 0.0376628 3.21759 0.614103 0.0341282 3.25776 0.629313 0.134094 2.9544 0.540377 0.465509 3.17912 0.824353 0.0405463 3.20013 0.861695 0.345008 2.91103 0.900133 0.756947 3.17687 
0.626346 -0.536342 2.91166 0.667788 -0.404979 3.08025 0.514454 -0.399967 3.13016 0.414115 -0.181696 3.21437 0.555802 -0.143698 3.02943 0.817939 -0.404506 3.03543 0.928613 -0.179417 3.09995 0.854583 -0.109841 2.90538 0.708811 0.0318566 3.20876 0.599391 0.0293265 3.25785 0.537292 0.210791 2.97102 0.482296 0.496955 3.21555 0.809275 0.0313558 3.15495 0.857096 0.3325 2.88834 0.897268 0.654788 3.04536 
0.615121 -0.554698 2.917 0.65379 -0.417199 3.09184 0.50594 -0.422251 3.12563 0.399427 -0.212635 3.218 0.550262 -0.176123 3.02525 0.801695 -0.423877 3.05908 0.893728 -0.221485 3.09373 0.803938 -0.164911 2.89676 0.692124 0.00458458 3.20948 0.587964 -0.000516925 3.23879 0.515682 0.197556 2.97498 0.413616 0.507735 3.18749 0.789393 0.00569293 3.18804 0.827788 0.322706 2.91429 0.892475 0.662729 3.02583 
0.560285 -0.603546 2.92723 0.603264 -0.486867 3.08884 0.45394 -0.487101 3.13299 0.341025 -0.286211 3.22951 0.475753 -0.248486 3.03714 0.748074 -0.495469 3.06134 0.846721 -0.263522 3.09293 0.750599 -0.245961 2.90741 0.621815 -0.0381596 3.20227 0.51461 -0.0397422 3.20345 0.442273 0.242885 2.85528 0.29303 0.566469 3.0633 0.722592 -0.0330212 3.19234 0.791879 0.356392 3.0842 0.885048 0.738455 3.16828 
0.537888 -0.630736 2.92413 0.571158 -0.53251 3.09801 0.417264 -0.52911 3.13398 0.298341 -0.323893 3.22335 0.423864 -0.276609 3.0507 0.728667 -0.54215 3.07959 0.793603 -0.312546 3.12456 0.730281 -0.301078 2.91297 0.578512 -0.0729268 3.17317 0.474889 -0.0698748 3.17848 0.42507 0.290543 2.93271 0.254122 0.643676 3.08344 0.692764 -0.0739436 3.18565 0.764699 0.312696 3.08268 0.872043 0.702572 3.16484 
0.50274 -0.639984 2.92264 0.543881 -0.547261 3.0996 0.392362 -0.537216 3.11965 0.267593 -0.318715 3.15619 0.393778 -0.251259 2.9571 0.694629 -0.551286 3.11255 0.76609 -0.312821 3.15282 0.713506 -0.302571 2.94979 0.546614 -0.0785346 3.15862 0.42295 -0.0777094 3.174 0.386583 0.302473 2.9963 0.25235 0.699449 3.08907 0.647788 -0.0812168 3.17472 0.744164 0.292712 3.01453 0.830752 0.649555 3.17274 
0.462377 -0.615097 2.91347 0.479842 -0.508736 3.10075 0.32778 -0.511674 3.08755 0.191892 -0.287106 3.13224 0.31179 -0.21089 2.94799 0.633167 -0.512748 3.12765 0.687507 -0.27529 3.16131 0.670592 -0.251184 2.95797 0.476379 -0.0502557 3.16588 0.356551 -0.0468633 3.17452 0.339206 0.35143 3.0394 0.254666 0.752048 3.15664 0.580548 -0.0571685 3.17587 0.681179 0.259513 2.90558 0.721149 0.528697 3.18084 
0.443722 -0.603914 2.91761 0.448976 -0.480163 3.09908 0.290481 -0.475895 3.06872 0.14848 -0.264529 3.13188 0.271914 -0.193732 2.9374 0.589106 -0.480896 3.14086 0.631926 -0.250185 3.21255 0.65435 -0.165327 2.97685 0.437841 -0.00377908 3.17262 0.34138 -0.00212449 3.17624 0.320406 0.384989 3.0533 0.250345 0.761702 3.16277 0.544773 -0.0111658 3.19141 0.642157 0.242862 2.86469 0.670464 0.44033 3.17508 
0.433146 -0.575264 2.89667 0.422653 -0.457128 3.0971 0.273772 -0.454118 3.04779 0.123062 -0.241764 3.09053 0.256775 -0.172525 2.91454 0.572826 -0.460657 3.15059 0.610075 -0.224276 3.23253 0.651898 -0.13559 3.0191 0.418298 0.0138061 3.18092 0.318381 0.0154218 3.16836 0.304886 0.391871 3.05175 0.250501 0.757257 3.16311 0.519605 0.00435048 3.21158 0.604103 0.225711 2.84427 0.607548 0.415698 3.16674 
0.391892 -0.55342 2.88642 0.375041 -0.430893 3.08966 0.229066 -0.431471 3.03704 0.0828723 -0.232618 3.05287 0.205927 -0.179849 2.87127 0.519881 -0.441145 3.14611 0.555128 -0.239352 3.26514 0.621902 -0.125853 3.03263 0.376952 0.0132335 3.18414 0.274197 0.0166066 3.16129 0.281461 0.394327 3.04235 0.250193 0.763706 3.1754 0.478794 0.0104672 3.20935 0.514876 0.206375 2.82459 0.474751 0.43243 3.12321 
0.383655 -0.569946 2.88095 0.360618 -0.455403 3.08431 0.21586 -0.447372 3.016 0.0533148 -0.24554 3.04708 0.19717 -0.212497 2.85973 0.511292 -0.466934 3.13877 0.546947 -0.265285 3.27852 0.602841 -0.141589 3.07566 0.350387 -0.00611313 3.17963 0.259782 -0.000899509 3.18226 0.266 0.386963 3.07419 0.248328 0.762077 3.17212 0.455463 -0.0155126 3.20314 0.483707 0.196491 2.84804 0.422215 0.498663 3.04907 
0.363684 -0.594951 2.88129 0.351748 -0.476849 3.08017 0.192362 -0.46396 3.00798 0.0364446 -0.274154 3.06831 0.198389 -0.214851 2.89509 0.502753 -0.487054 3.13532 0.535168 -0.281197 3.27936 0.589071 -0.16699 3.08056 0.346805 -0.0188103 3.17589 0.252177 -0.0140158 3.18316 0.250967 0.374562 3.08896 0.248475 0.760297 3.16754 0.450613 -0.0311049 3.19548 0.442182 0.240017 2.85407 0.410099 0.539693 3.02139 
0.331964 -0.618088 2.87105 0.332465 -0.516817 3.07859 0.177104 -0.51557 3.01607 0.0273574 -0.323848 3.1115 0.17567 -0.269552 2.91322 0.471513 -0.522487 3.12161 0.492821 -0.33453 3.25801 0.546771 -0.193757 3.09521 0.323588 -0.0586582 3.17686 0.21515 -0.0574403 3.16883 0.244818 0.324584 3.04246 0.244478 0.739086 3.15303 0.418596 -0.0622546 3.19843 0.417939 0.288578 2.91416 0.38217 0.657738 3.02803 
0.325149 -0.633392 2.85772 0.311282 -0.528293 3.06345 0.162682 -0.529552 3.01813 0.0255171 -0.326262 3.11767 0.158166 -0.256616 2.92889 0.465339 -0.535339 3.10647 0.493036 -0.344456 3.25447 0.520039 -0.203153 3.07797 0.306868 -0.0650796 3.17695 0.196828 -0.0681546 3.15662 0.211993 0.310538 2.99144 0.231541 0.693885 3.13651 0.409409 -0.0693052 3.20925 0.405203 0.298683 2.9706 0.395497 0.693283 3.04411 
0.282704 -0.598523 2.85502 0.286073 -0.511698 3.06282 0.131156 -0.523097 3.04243 0.0201851 -0.304865 3.13163 0.12017 -0.217692 2.94802 0.444649 -0.509442 3.08511 0.497188 -0.320433 3.21733 0.49776 -0.164677 3.04165 0.273007 -0.0546304 3.17229 0.1848 -0.0624639 3.16209 0.187432 0.299075 2.91831 0.202522 0.611237 3.14319 0.377941 -0.0568489 3.19493 0.371198 0.327219 2.98537 0.396196 0.732602 3.0987 
0.239687 -0.582121 2.85438 0.256957 -0.446937 3.05304 0.101695 -0.456781 3.06403 0.00398546 -0.259801 3.19091 0.0971598 -0.157398 2.98772 0.412934 -0.456331 3.06324 0.488293 -0.250945 3.17376 0.430747 -0.0923846 2.97187 0.244898 -0.00890644 3.17722 0.134027 -0.0161702 3.19163 0.0988197 0.236256 2.84986 0.175197 0.42359 3.12061 0.348931 -0.00197326 3.17309 0.350623 0.369073 2.98928 0.377524 0.759068 3.11127 
0.226446 -0.552718 2.85432 0.226803 -0.431292 3.05715 0.0753744 -0.432695 3.07591 -0.0332001 -0.2398 3.1926 0.0949013 -0.142183 3.04865 0.373042 -0.428264 3.05432 0.468724 -0.226634 3.13899 0.402707 -0.0755913 2.9115 0.240677 0.0123867 3.16716 0.126562 0.00809424 3.15275 0.0692192 0.191303 2.81353 0.12089 0.376645 3.1119 0.336202 0.0185214 3.17521 0.338786 0.377052 2.96152 0.366386 0.75985 3.10736 
0.193121 -0.551088 2.86446 0.208191 -0.427059 3.05671 0.0556206 -0.424208 3.08745 -0.049137 -0.234857 3.18724 0.0808836 -0.144363 3.03922 0.352947 -0.423185 3.03681 0.449106 -0.231172 3.1106 0.364024 -0.119282 2.89419 0.21908 0.0118211 3.17263 0.117892 0.00595327 3.16975 0.0322038 0.152242 2.79333 0.0739182 0.370689 3.11597 0.317394 0.0224755 3.18401 0.327576 0.382362 2.98499 0.366157 0.762919 3.11891 
0.135107 -0.592474 2.87771 0.167596 -0.464011 3.04963 0.0081108 -0.460658 3.09097 -0.103971 -0.275929 3.19668 0.0264752 -0.216071 3.0465 0.29927 -0.469062 3.01074 0.394386 -0.247531 3.08873 0.301807 -0.199807 2.89937 0.17676 -0.0159027 3.1537 0.063731 -0.0207806 3.15911 -0.038274 0.186769 2.80298 -0.0695095 0.471506 3.08307 0.269407 -0.0101805 3.15775 0.290158 0.375788 3.02592 0.365632 0.753292 3.11939 
0.121996 -0.626598 2.87623 0.122593 -0.496761 3.0566 -0.0304265 -0.501877 3.10177 -0.125133 -0.321277 3.19662 -0.00330613 -0.246592 3.03043 0.276552 -0.498442 3.01845 0.366512 -0.296732 3.08668 0.256706 -0.251273 2.90106 0.127538 -0.0358245 3.14562 0.0312003 -0.0441859 3.15786 -0.065144 0.230834 2.82771 -0.153908 0.534991 3.05716 0.240617 -0.0321214 3.15271 0.269806 0.342901 3.03651 0.36087 0.73669 3.10569 
0.0709658 -0.650407 2.86689 0.101986 -0.537277 3.05915 -0.0510967 -0.543202 3.08649 -0.16196 -0.359928 3.20346 -0.0563758 -0.288652 3.04272 0.247699 -0.543061 3.03798 0.32845 -0.337444 3.11205 0.25325 -0.291579 2.91576 0.101453 -0.0808691 3.14639 0.00769369 -0.0838546 3.16167 -0.0779966 0.262802 2.91255 -0.214981 0.608569 3.03598 0.195939 -0.0857321 3.16065 0.258335 0.281707 3.01834 0.352538 0.703544 3.097 
0.0277355 -0.654644 2.8701 0.0401803 -0.556023 3.0593 -0.118189 -0.554529 3.05978 -0.225512 -0.358283 3.17988 -0.117892 -0.287584 3.02669 0.186924 -0.566386 3.05457 0.278664 -0.350051 3.18025 0.202035 -0.250565 2.97787 0.0312254 -0.0861194 3.14001 -0.0622816 -0.0868967 3.1471 -0.142244 0.287476 2.96228 -0.274714 0.703423 3.03549 0.138621 -0.090401 3.16097 0.183965 0.268239 2.95817 0.288765 0.608895 3.1127 
0.0160771 -0.642649 2.87217 0.0162186 -0.526304 3.06436 -0.141331 -0.524629 3.04079 -0.260993 -0.330438 3.17486 -0.149767 -0.236683 2.97976 0.169866 -0.528332 3.09536 0.243285 -0.318292 3.19708 0.165223 -0.193272 3.00771 0.00733117 -0.0716961 3.14547 -0.10894 -0.0728667 3.14218 -0.160132 0.325379 3.02848 -0.281133 0.751595 3.10671 0.111409 -0.0771298 3.15465 0.171787 0.244155 2.8465 0.249205 0.523807 3.13842 
-0.0133878 -0.598564 2.86693 -0.0164144 -0.497043 3.07196 -0.163119 -0.492837 3.02795 -0.294464 -0.296187 3.14328 -0.182637 -0.213824 2.96466 0.123003 -0.500765 3.1037 0.184044 -0.288597 3.21596 0.171882 -0.148564 3.01955 -0.0362764 -0.0284634 3.13927 -0.134069 -0.0266772 3.13614 -0.189268 0.361582 3.03692 -0.280913 0.75675 3.12745 0.0732791 -0.0310198 3.14445 0.13371 0.217428 2.81233 0.186886 0.434389 3.11463 
-0.0500593 -0.574861 2.85317 -0.0564304 -0.45727 3.06276 -0.216226 -0.454231 3.01716 -0.356081 -0.260121 3.1323 -0.218833 -0.174811 2.94905 0.0922495 -0.459208 3.10145 0.120979 -0.243781 3.22583 0.104897 -0.135847 3.02712 -0.0724354 0.00280036 3.15137 -0.175974 0.0102099 3.1491 -0.213566 0.391136 3.01363 -0.279849 0.765603 3.13514 0.0186825 -0.00196865 3.18329 0.0804552 0.212076 2.79057 0.109269 0.419682 3.06529 
-0.0761086 -0.559603 2.85901 -0.0813578 -0.443838 3.06115 -0.229597 -0.443133 3.02763 -0.371897 -0.249864 3.10712 -0.234017 -0.168762 2.93571 0.069627 -0.445172 3.10878 0.112475 -0.245952 3.23081 0.0713517 -0.135779 3.03052 -0.0996283 -0.000459709 3.17288 -0.206295 0.00507175 3.17675 -0.227017 0.386991 3.0042 -0.28388 0.76995 3.12038 0.00671172 -0.00497791 3.19403 0.0284295 0.20382 2.80542 0.0479495 0.409119 3.06074 
-0.090581 -0.555259 2.86177 -0.10335 -0.455474 3.06149 -0.251063 -0.447765 3.02614 -0.383391 -0.246682 3.09716 -0.248159 -0.16918 2.93789 0.0515875 -0.459107 3.11013 0.104038 -0.259706 3.23098 0.0539422 -0.128547 3.03256 -0.119042 -0.00650273 3.1763 -0.215333 0.00151768 3.18392 -0.224756 0.386351 3.01589 -0.284277 0.772632 3.11992 -0.0166374 -0.0152011 3.18613 -0.00390274 0.196046 2.81585 0.00786381 0.448134 3.04474 
-0.08888 -0.564505 2.86316 -0.119875 -0.47819 3.06559 -0.280954 -0.480279 3.02823 -0.397042 -0.275218 3.13701 -0.26777 -0.185494 2.97639 0.0286508 -0.480261 3.11003 0.0667409 -0.270965 3.22699 0.0145 -0.14783 3.03083 -0.150311 -0.0151278 3.17819 -0.236812 -0.0154653 3.17938 -0.246001 0.376061 3.05073 -0.289608 0.766455 3.12464 -0.0536729 -0.0202894 3.18823 -0.0725105 0.260778 2.82763 -0.122701 0.573936 3.01891 
-0.0973109 -0.563301 2.85743 -0.120551 -0.484413 3.06438 -0.281666 -0.490665 3.0319 -0.404016 -0.28797 3.13657 -0.271378 -0.1969 2.97202 0.0246574 -0.486962 3.10797 0.0663016 -0.275311 3.22667 -0.0155578 -0.152546 3.02828 -0.158231 -0.0180579 3.18079 -0.261967 -0.0208195 3.17787 -0.257658 0.361694 3.06018 -0.289849 0.762024 3.12977 -0.0598901 -0.0209568 3.19363 -0.086648 0.298674 2.88093 -0.136274 0.641488 3.02665 
-0.0976533 -0.56302 2.85729 -0.124452 -0.483827 3.059 -0.281724 -0.494402 3.03211 -0.403331 -0.293738 3.14541 -0.277359 -0.203406 2.97427 0.0240401 -0.485652 3.09801 0.0614077 -0.275541 3.22241 -0.0171789 -0.150088 3.03688 -0.160953 -0.015254 3.17384 -0.269947 -0.0231032 3.16607 -0.27118 0.370016 3.06044 -0.292561 0.771947 3.12635 -0.0631245 -0.0152124 3.18513 -0.110735 0.322134 2.91729 -0.140231 0.707834 3.03901 
-0.098986 -0.549533 2.84553 -0.12846 -0.476937 3.06131 -0.282746 -0.484583 3.04229 -0.401362 -0.276592 3.1586 -0.288889 -0.177273 2.97169 0.0254356 -0.469188 3.08513 0.0624145 -0.259626 3.22242 -0.0156365 -0.119753 3.00107 -0.17005 -0.00828637 3.17192 -0.283007 -0.00917273 3.16472 -0.284791 0.371681 3.03658 -0.292322 0.762981 3.1222 -0.0724476 -0.00458208 3.17784 -0.133195 0.376905 2.99162 -0.143585 0.759345 3.08282 
-0.0976076 -0.538566 2.85166 -0.131992 -0.47015 3.06119 -0.281513 -0.473835 3.04138 -0.398509 -0.274142 3.17239 -0.280419 -0.172427 2.98937 0.0223529 -0.460264 3.08602 0.0627611 -0.252831 3.21788 -0.0162997 -0.105107 2.98986 -0.175212 0.00570576 3.17708 -0.287169 0.00281876 3.16609 -0.295173 0.375392 3.02236 -0.294959 0.768111 3.12446 -0.0779127 0.0103245 3.19454 -0.139339 0.37884 3.01189 -0.147383 0.763186 3.08447 
-0.0927164 -0.538979 2.84755 -0.13531 -0.472137 3.05852 -0.286135 -0.475737 3.03869 -0.397291 -0.273211 3.1755 -0.278067 -0.177559 3.00063 0.0219233 -0.459919 3.0857 0.0634763 -0.248147 3.2184 -0.0148398 -0.111072 2.9985 -0.183286 -0.00151651 3.17777 -0.287235 -0.00169659 3.16132 -0.290882 0.367875 3.0234 -0.290018 0.762914 3.11746 -0.0826849 0.00241247 3.20074 -0.136005 0.375713 3.0209 -0.147551 0.752159 3.0883 
-0.073719 -0.544096 2.85616 -0.138492 -0.47626 3.06012 -0.289596 -0.481907 3.03549 -0.397505 -0.287939 3.1639 -0.276185 -0.195613 3.00404 0.0213319 -0.469168 3.089 0.0584834 -0.255153 3.21843 -0.0200344 -0.128535 3.01158 -0.18337 -0.00947268 3.18226 -0.286369 -0.0110021 3.16396 -0.287983 0.369474 3.04577 -0.290979 0.758853 3.12486 -0.0850616 0.000983885 3.20309 -0.13288 0.375495 3.02407 -0.14778 0.74879 3.08802 
-0.0811524 -0.549299 2.84564 -0.135512 -0.479005 3.06286 -0.286768 -0.483579 3.0331 -0.408895 -0.276271 3.12338 -0.280498 -0.189416 2.96607 0.0212856 -0.472251 3.0883 0.0542217 -0.265238 3.21842 -0.0152839 -0.133761 3.02439 -0.183356 -0.013731 3.18239 -0.28646 -0.0172485 3.16361 -0.2834 0.371585 3.04219 -0.292126 0.761085 3.1371 -0.085349 -0.00781025 3.20721 -0.128106 0.37365 3.02426 -0.147461 0.751545 3.08884 
-0.0852952 -0.544338 2.84818 -0.135495 -0.478566 3.05855 -0.290432 -0.48139 3.03229 -0.413873 -0.269639 3.12211 -0.282059 -0.194515 2.9557 0.0214625 -0.474088 3.08463 0.0539248 -0.263356 3.22243 -0.0147936 -0.133845 3.02339 -0.178661 -0.00886969 3.1823 -0.28761 -0.0145132 3.1702 -0.28429 0.369788 3.02763 -0.297065 0.766509 3.13511 -0.0852985 -0.00579074 3.20717 -0.127063 0.376117 2.98825 -0.14767 0.741988 3.08414 
-0.0902863 -0.523528 2.83442 -0.134938 -0.454693 3.05871 -0.289059 -0.4543 3.02884 -0.417926 -0.239631 3.13777 -0.268271 -0.169341 2.98913 0.0210027 -0.454366 3.09547 0.0621545 -0.246277 3.22959 -0.00478013 -0.114716 3.0343 -0.167434 0.00976253 3.17925 -0.278972 0.00729342 3.16989 -0.274379 0.375512 3.00845 -0.292516 0.771182 3.13235 -0.0741789 0.0140556 3.20739 -0.105738 0.334436 2.92118 -0.153083 0.673913 3.07554 
-0.0982021 -0.488819 2.85102 -0.134655 -0.418855 3.06371 -0.279873 -0.42211 3.03014 -0.418835 -0.215434 3.10657 -0.275369 -0.13998 2.96689 0.016419 -0.424776 3.11731 0.052172 -0.218763 3.23249 0.00866458 -0.0751749 3.01444 -0.161872 0.0329878 3.18401 -0.277466 0.0275394 3.16905 -0.265209 0.376672 2.97017 -0.290349 0.754506 3.09293 -0.0675927 0.0346423 3.21066 -0.086956 0.314022 2.875 -0.146354 0.608226 3.10285 
-0.0775841 -0.481865 2.84647 -0.135405 -0.407819 3.06056 -0.27905 -0.399374 3.00697 -0.418438 -0.171708 3.06942 -0.280548 -0.102542 2.91367 0.0160555 -0.413395 3.12186 0.0532975 -0.202714 3.23375 0.0318034 -0.0626465 3.02524 -0.159683 0.0515596 3.18043 -0.265501 0.0502937 3.15176 -0.24946 0.376644 2.9071 -0.283452 0.738662 3.10084 -0.0619491 0.0483591 3.2133 -0.0812736 0.289037 2.82694 -0.138066 0.55485 3.0892 
-0.067004 -0.480804 2.85448 -0.121596 -0.404152 3.05958 -0.271142 -0.391241 3.00463 -0.400113 -0.172117 3.07337 -0.258823 -0.108747 2.92235 0.0198771 -0.409386 3.12211 0.061707 -0.199242 3.2422 0.0563129 -0.0648533 3.02661 -0.146578 0.053632 3.179 -0.237461 0.0585476 3.14247 -0.217408 0.371493 2.87016 -0.282807 0.730934 3.06982 -0.0540422 0.050841 3.21169 -0.0533963 0.269283 2.82327 -0.0870605 0.484203 3.07543 
-0.0363048 -0.501214 2.86155 -0.0869945 -0.40948 3.05083 -0.229046 -0.397419 2.96755 -0.383786 -0.19694 2.97368 -0.230564 -0.180075 2.88301 0.0399418 -0.420701 3.11215 0.0894634 -0.220018 3.25509 0.128738 -0.0831625 3.03892 -0.111622 0.0343313 3.17045 -0.217843 0.0422084 3.13967 -0.206777 0.364422 2.86545 -0.278372 0.726112 3.06731 -0.0169453 0.0286886 3.20845 0.0220722 0.202871 2.82827 0.00567056 0.436356 3.07462 
-0.00868079 -0.562153 2.82482 -0.0736209 -0.436944 3.03988 -0.20955 -0.425061 2.95225 -0.36685 -0.232918 3.01377 -0.197013 -0.170617 2.88932 0.0713631 -0.45528 3.12388 0.108521 -0.255861 3.25981 0.173288 -0.129604 3.05278 -0.0891278 -0.00317863 3.16137 -0.199906 0.0111678 3.14586 -0.207432 0.392605 3.00265 -0.284655 0.770821 3.12476 0.00838932 -0.0169189 3.20146 0.0770608 0.187917 2.80594 0.0692746 0.450235 3.0547 
0.0517244 -0.595675 2.84084 -0.0362717 -0.485277 3.0294 -0.163301 -0.478563 2.95381 -0.339444 -0.292391 3.01682 -0.178806 -0.207403 2.92502 0.109947 -0.491363 3.11906 0.146961 -0.302941 3.26952 0.22193 -0.170127 3.07905 -0.0527022 -0.0366843 3.1553 -0.150219 -0.0260634 3.13994 -0.186336 0.363004 3.02558 -0.287392 0.75966 3.11266 0.0478069 -0.0550381 3.18866 0.126757 0.169939 2.82672 0.160477 0.468411 3.05372 
0.109396 -0.640015 2.84846 0.0225566 -0.544252 3.02622 -0.113685 -0.540804 2.94184 -0.278709 -0.369712 3.05596 -0.130013 -0.269352 2.94524 0.172768 -0.552015 3.11658 0.201852 -0.369425 3.26751 0.305039 -0.223949 3.10039 0.0066301 -0.0825204 3.14859 -0.105032 -0.0799791 3.12995 -0.145237 0.307454 3.0434 -0.274812 0.70984 3.09743 0.107494 -0.0991349 3.18791 0.189733 0.211294 2.85606 0.262642 0.54098 3.0298 
0.109084 -0.642263 2.81924 0.0534454 -0.570428 3.02124 -0.0867291 -0.560767 2.94771 -0.238721 -0.383893 3.06524 -0.0963015 -0.291679 2.93618 0.190971 -0.57959 3.11116 0.244041 -0.386001 3.25524 0.321339 -0.238393 3.08698 0.0273028 -0.111046 3.14844 -0.0673687 -0.107852 3.11498 -0.108159 0.273629 2.96387 -0.24258 0.627517 3.12336 0.12511 -0.116674 3.18448 0.196939 0.234385 2.91731 0.297469 0.619053 3.01661 
0.160742 -0.641611 2.83134 0.107985 -0.563478 3.0248 -0.0470818 -0.556559 2.96096 -0.182859 -0.35052 3.08459 -0.0415459 -0.252497 2.94744 0.24738 -0.566859 3.09743 0.282394 -0.370227 3.25404 0.356657 -0.21796 3.06945 0.0630815 -0.103398 3.14512 -0.0314402 -0.102126 3.09838 -0.0501138 0.262265 2.9176 -0.182822 0.507787 3.17009 0.171239 -0.104079 3.19191 0.229181 0.270487 2.97862 0.332203 0.716462 3.04387 
0.184962 -0.620848 2.84451 0.130801 -0.51397 3.03692 -0.0115792 -0.502171 2.97405 -0.131228 -0.309831 3.12442 0.0110597 -0.216748 2.97589 0.285558 -0.520065 3.08856 0.347138 -0.317003 3.23501 0.408547 -0.173398 3.05945 0.113817 -0.0608183 3.14557 0.0178128 -0.0645012 3.11264 -0.000352239 0.23697 2.84967 -0.0932236 0.41265 3.15863 0.215214 -0.0651206 3.1844 0.251069 0.327506 3.02354 0.320904 0.747672 3.11804 
0.217892 -0.589054 2.83541 0.176736 -0.470328 3.0411 0.0183644 -0.470211 2.98667 -0.092594 -0.286925 3.15482 0.0403498 -0.196026 2.98661 0.31572 -0.479017 3.07871 0.39091 -0.276184 3.19953 0.414609 -0.117828 3.01717 0.146638 -0.00981534 3.13571 0.0368552 -0.00639391 3.09697 -0.0142584 0.25226 2.80397 -0.00879838 0.46086 3.1243 0.248059 -0.0124122 3.18729 0.259625 0.381856 3.02437 0.32056 0.754956 3.14537 
0.244777 -0.548663 2.83495 0.202485 -0.451652 3.04408 0.0476334 -0.454403 3.0068 -0.0587094 -0.256275 3.13767 0.0742874 -0.171571 2.96459 0.35094 -0.450013 3.07602 0.416609 -0.247225 3.18493 0.43031 -0.100011 3.0079 0.181751 0.00213909 3.1365 0.0721685 0.0034515 3.09139 0.0544833 0.241451 2.78559 0.0464121 0.3809 3.12162 0.278371 0.0029663 3.18653 0.283267 0.387892 3.0195 0.320549 0.756071 3.14918 
0.270935 -0.549715 2.83517 0.225185 -0.44464 3.04334 0.0737094 -0.444599 3.01559 -0.0336365 -0.256292 3.13562 0.0995066 -0.169471 2.94765 0.371436 -0.441368 3.07681 0.455571 -0.239107 3.16467 0.435315 -0.106475 2.98076 0.195327 0.00443629 3.1414 0.102083 0.00359587 3.1 0.116593 0.22883 2.80312 0.108872 0.410065 3.10889 0.301318 0.00845716 3.18734 0.31204 0.388048 3.02017 0.32075 0.756992 3.14489 
0.278896 -0.568838 2.83339 0.2472 -0.460633 3.04537 0.0883778 -0.458556 3.01511 -0.0232465 -0.281642 3.15342 0.106009 -0.181398 2.95957 0.400143 -0.461957 3.07353 0.47191 -0.256428 3.158 0.428387 -0.130115 2.94696 0.21939 -0.00567934 3.13707 0.117014 -0.00974102 3.09254 0.133401 0.238145 2.80705 0.128092 0.484875 3.0759 0.31879 -0.00647714 3.18826 0.311039 0.382004 3.02962 0.323995 0.756061 3.14465 
0.316177 -0.602932 2.82511 0.274149 -0.500778 3.03611 0.114521 -0.502271 3.0118 -0.00955603 -0.317215 3.13061 0.120298 -0.23178 2.95962 0.424843 -0.4977 3.06039 0.496393 -0.290948 3.16009 0.43454 -0.178158 2.97083 0.239988 -0.0259333 3.13808 0.125643 -0.0303769 3.11378 0.172784 0.288702 2.85412 0.177496 0.602319 3.06683 0.341246 -0.0281394 3.17527 0.330029 0.352761 3.04737 0.331316 0.736327 3.14517 
0.322661 -0.61313 2.81358 0.281943 -0.520106 3.03462 0.121343 -0.523031 3.01181 0.020038 -0.342574 3.14181 0.142234 -0.252461 2.95847 0.433193 -0.517438 3.05152 0.496149 -0.326506 3.18232 0.442793 -0.184822 2.9846 0.249284 -0.0588269 3.1381 0.146627 -0.0643504 3.13266 0.181239 0.309563 2.93648 0.1788 0.696311 3.04799 0.347407 -0.0603025 3.15686 0.3486 0.325635 2.99014 0.339739 0.715037 3.10923 
0.329097 -0.616567 2.8141 0.287472 -0.52257 3.01942 0.125732 -0.527423 2.98903 0.024412 -0.327045 3.10245 0.139238 -0.238831 2.91027 0.444958 -0.522412 3.05717 0.492482 -0.327103 3.20783 0.462846 -0.185541 3.01796 0.261259 -0.0599843 3.12942 0.168398 -0.0607575 3.1139 0.184124 0.317736 2.95452 0.17903 0.703989 3.05664 0.356016 -0.062162 3.16164 0.360883 0.314333 2.93079 0.3391 0.663681 3.10105 
0.341334 -0.58079 2.81185 0.290595 -0.498713 3.02186 0.149668 -0.495922 2.97558 0.0258212 -0.293519 3.09873 0.162829 -0.204739 2.91315 0.448595 -0.502272 3.06152 0.487746 -0.303673 3.21036 0.492174 -0.163688 3.03118 0.280914 -0.0437143 3.14523 0.184598 -0.0423662 3.11918 0.195336 0.323664 2.96112 0.179338 0.724236 3.07543 0.385841 -0.0477994 3.17839 0.413372 0.288936 2.89004 0.321461 0.582844 3.11398 
0.355086 -0.566361 2.81249 0.319305 -0.436687 3.01683 0.179402 -0.430931 2.95063 0.036223 -0.210402 3.0463 0.186967 -0.144074 2.87009 0.454504 -0.445517 3.07388 0.48904 -0.249622 3.21881 0.524397 -0.102876 3.01622 0.318011 0.0113268 3.1559 0.211166 0.0112247 3.12446 0.249729 0.386026 2.96637 0.191997 0.749413 3.09603 0.417042 0.00245939 3.18367 0.439857 0.214173 2.80714 0.331574 0.460921 3.05768 
0.373855 -0.546812 2.81555 0.32799 -0.409576 3.01492 0.181439 -0.396834 2.9276 0.0343013 -0.175799 2.95848 0.189021 -0.139965 2.80894 0.45353 -0.419363 3.08679 0.502745 -0.220728 3.21827 0.538993 -0.0854764 3.01281 0.332173 0.0319178 3.1405 0.242604 0.0499282 3.10351 0.254398 0.405321 2.95063 0.189928 0.764013 3.09389 0.424826 0.019419 3.18622 0.479348 0.142496 2.77999 0.387438 0.423805 2.99171 
0.393529 -0.541456 2.81976 0.347701 -0.410219 3.01416 0.201571 -0.395943 2.91763 0.0594367 -0.182569 2.94638 0.229709 -0.162 2.80521 0.483449 -0.422694 3.10036 0.539915 -0.23212 3.22247 0.612819 -0.109078 3.01274 0.344342 0.0240217 3.13753 0.252238 0.0434693 3.08836 0.278562 0.353127 2.84115 0.193246 0.726671 3.00713 0.429922 0.0121165 3.18484 0.533655 0.0744464 2.76998 0.475227 0.393749 2.99628 
0.425533 -0.563092 2.836 0.37855 -0.469128 3.02649 0.243822 -0.450743 2.9456 0.0987693 -0.243279 2.97821 0.278503 -0.237923 2.83256 0.516144 -0.478613 3.12611 0.565881 -0.292285 3.22879 0.647803 -0.180823 3.03311 0.385328 -0.0239183 3.13947 0.292195 -0.00899564 3.09889 0.285453 0.377652 2.97741 0.187386 0.752775 3.08789 0.482137 -0.0402187 3.18111 0.582374 0.061186 2.7897 0.577627 0.401137 2.91289 
0.472705 -0.633826 2.8493 0.426171 -0.524247 3.03936 0.282458 -0.50516 2.96779 0.125346 -0.318645 3.02632 0.291857 -0.276637 2.85572 0.57367 -0.545908 3.12627 0.615867 -0.342492 3.236 0.692709 -0.237824 3.01913 0.422502 -0.0818057 3.14104 0.337636 -0.0749164 3.11325 0.316467 0.319948 2.98389 0.198286 0.722437 3.06221 0.52386 -0.0992923 3.17791 0.663073 0.0927948 2.79778 0.683819 0.468643 2.90666 
0.508706 -0.66129 2.85099 0.46768 -0.569816 3.05639 0.324426 -0.55406 2.98936 0.171315 -0.358694 3.07159 0.3292 -0.297546 2.90119 0.615885 -0.581406 3.10988 0.66769 -0.383352 3.22099 0.721116 -0.285563 3.01934 0.468722 -0.114689 3.14605 0.369869 -0.111989 3.11505 0.370321 0.254838 2.93729 0.266112 0.617824 3.04937 0.576757 -0.122645 3.18422 0.691142 0.147803 2.81077 0.759188 0.500294 2.93013 
0.535313 -0.662912 2.85635 0.512714 -0.579532 3.06874 0.357967 -0.581261 3.04709 0.218013 -0.3829 3.15414 0.362323 -0.296826 2.95237 0.658195 -0.584794 3.095 0.728791 -0.374446 3.17098 0.714452 -0.270289 2.94656 0.521668 -0.120504 3.14791 0.421667 -0.119768 3.15185 0.419236 0.20666 2.85035 0.345818 0.565668 3.0079 0.635838 -0.125685 3.16765 0.721573 0.192221 2.89848 0.809708 0.535163 3.05369 
0.567794 -0.639477 2.85671 0.563945 -0.560843 3.08045 0.405814 -0.558765 3.08421 0.290748 -0.364634 3.21946 0.426618 -0.276406 3.0027 0.714143 -0.567431 3.07649 0.782408 -0.348938 3.14149 0.7462 -0.25415 2.93367 0.577467 -0.0988319 3.14498 0.468893 -0.101699 3.13476 0.443226 0.150352 2.7851 0.432104 0.393623 3.02524 0.678066 -0.101464 3.17215 0.738394 0.286583 2.96789 0.812026 0.66915 3.06255 
0.588685 -0.617965 2.86553 0.59098 -0.510454 3.07859 0.438168 -0.508196 3.09885 0.334776 -0.299971 3.23322 0.477139 -0.217556 3.02587 0.740038 -0.514242 3.04269 0.835656 -0.291933 3.13223 0.780225 -0.211137 2.91381 0.626974 -0.045347 3.14167 0.526103 -0.0491056 3.13807 0.490452 0.0647034 2.7593 0.519794 0.342723 3.0159 0.721921 -0.0414628 3.15189 0.752325 0.349271 3.01314 0.826463 0.741656 3.12669 
0.602919 -0.584191 2.86986 0.628374 -0.470495 3.07975 0.472447 -0.470929 3.12358 0.364679 -0.25631 3.22866 0.515171 -0.189975 3.03614 0.768542 -0.471343 3.02421 0.84486 -0.238515 3.13441 0.784262 -0.153628 2.89172 0.649906 -0.010443 3.13929 0.548025 -0.0195275 3.1986 0.534113 0.117188 2.91257 0.58433 0.468841 3.14345 0.755273 -0.00727639 3.08527 0.775766 0.303945 2.84468 0.823459 0.667646 3.02311 
0.647797 -0.55429 2.88511 0.652037 -0.448611 3.08437 0.497821 -0.438014 3.12245 0.405329 -0.235435 3.22917 0.547522 -0.172292 3.03154 0.805077 -0.451979 3.04257 0.879589 -0.228567 3.13095 0.819242 -0.137516 2.91216 0.674617 0.00023611 3.15 0.5821 -0.00921606 3.18869 0.595937 0.149856 2.8818 0.632768 0.439 3.01586 0.785046 0.00157528 3.14131 0.805815 0.383692 3.003 0.825635 0.759851 3.1404 
0.652452 -0.547312 2.88436 0.670787 -0.438895 3.08928 0.514809 -0.435918 3.13176 0.41743 -0.235361 3.23481 0.565134 -0.171105 3.03177 0.819931 -0.448866 3.05643 0.897508 -0.227106 3.1373 0.834907 -0.139557 2.92649 0.703334 0.00746822 3.17677 0.591904 0.00403751 3.16925 0.633862 0.18129 2.78811 0.705753 0.474538 2.93948 0.799686 0.0109137 3.1866 0.819307 0.385962 3.00565 0.834379 0.758054 3.15365 
0.672597 -0.548901 2.88566 0.703201 -0.452586 3.09118 0.542434 -0.447055 3.12808 0.442152 -0.241871 3.22241 0.585472 -0.171784 3.02658 0.85937 -0.4569 3.06685 0.92266 -0.232153 3.15258 0.869917 -0.13151 2.97119 0.717785 0.00810833 3.16731 0.621011 0.00694878 3.14879 0.671498 0.230205 2.80038 0.680965 0.554163 2.97645 0.811871 0.0109717 3.18486 0.842929 0.386088 3.02877 0.851507 0.759898 3.15802 
0.700734 -0.554757 2.88774 0.722654 -0.468443 3.10652 0.568287 -0.462736 3.1298 0.442166 -0.252456 3.21913 0.598899 -0.179528 3.01426 0.872989 -0.468994 3.08574 0.936072 -0.239786 3.17054 0.874889 -0.132967 2.97988 0.72731 -0.00194716 3.17849 0.638829 0.00299794 3.14428 0.696539 0.265535 2.84726 0.691735 0.621948 3.00702 0.820871 -0.00366817 3.2031 0.863847 0.377315 3.04524 0.861197 0.7531 3.15813 
0.713086 -0.568782 2.89123 0.736234 -0.475078 3.10996 0.573181 -0.472215 3.1051 0.450742 -0.26693 3.20677 0.593896 -0.175162 3.00141 0.882642 -0.479232 3.10234 0.942318 -0.244023 3.19266 0.88184 -0.121496 2.98744 0.738473 -0.00575685 3.18626 0.642137 0.000624242 3.13675 0.698549 0.298447 2.88766 0.701842 0.666894 3.03289 0.833928 -0.0114294 3.22787 0.864807 0.368877 3.06612 0.855183 0.753133 3.16443 
0.737447 -0.580001 2.8949 0.745364 -0.479601 3.10539 0.581552 -0.476162 3.09414 0.442537 -0.275834 3.19489 0.60579 -0.178934 2.98492 0.911045 -0.472966 3.11634 0.960865 -0.252797 3.21663 0.881406 -0.135121 3.02237 0.743605 -0.00684122 3.1869 0.65293 -0.00212278 3.16109 0.724528 0.330343 2.95288 0.717002 0.718399 3.08511 0.847005 -0.0103524 3.22268 0.866125 0.359885 3.06024 0.857436 0.752803 3.15958 
0.748457 -0.581783 2.89728 0.75366 -0.476505 3.1054 0.592675 -0.477636 3.08919 0.475522 -0.282666 3.18634 0.610713 -0.181875 2.97597 0.919303 -0.472279 3.1134 0.964874 -0.266402 3.22904 0.888054 -0.132571 3.0555 0.74725 -0.00528915 3.1853 0.652536 -0.00494531 3.17586 0.726185 0.35404 3.01071 0.721936 0.737012 3.09233 0.8504 -0.0106358 3.2139 0.869591 0.359232 3.05232 0.857745 0.753996 3.16251 
0.761731 -0.578786 2.88582 0.76599 -0.47864 3.10306 0.612929 -0.477753 3.08296 0.482941 -0.277005 3.17789 0.638359 -0.193802 2.97278 0.928043 -0.474162 3.12744 0.983217 -0.273731 3.24404 0.910072 -0.15523 3.10161 0.747305 -0.0101755 3.18734 0.648323 -0.00152909 3.1612 0.723532 0.355529 3.02495 0.722039 0.738382 3.09822 0.854756 -0.0124308 3.22012 0.869438 0.364033 3.065 0.859429 0.749357 3.1637 
0.767061 -0.579417 2.88895 0.770719 -0.478424 3.10281 0.613186 -0.477839 3.08303 0.486615 -0.27613 3.1768 0.638326 -0.191523 2.97619 0.932454 -0.473502 3.11896 0.983374 -0.272611 3.24387 0.909067 -0.14078 3.09572 0.751489 -0.0137483 3.18685 0.651131 -0.00378637 3.14701 0.719974 0.34553 2.97245 0.716719 0.722062 3.08544 0.858141 -0.0204359 3.22722 0.869378 0.361892 3.07865 0.85837 0.744933 3.16338 
0.767749 -0.573535 2.8951 0.775673 -0.47632 3.09821 0.618201 -0.479519 3.07988 0.487496 -0.277786 3.19412 0.639187 -0.18983 2.98667 0.932279 -0.475366 3.11701 0.991405 -0.267965 3.23845 0.904421 -0.139257 3.09146 0.751215 -0.0112072 3.18663 0.650359 -0.00225573 3.14176 0.714317 0.333621 2.94032 0.717289 0.707426 3.06941 0.858007 -0.0185293 3.23746 0.869258 0.35971 3.07828 0.860458 0.749319 3.16912 
0.741343 -0.555968 2.89087 0.759998 -0.47204 3.10381 0.600403 -0.473676 3.08607 0.487958 -0.278967 3.2011 0.630086 -0.179885 2.98109 0.9278 -0.465942 3.11887 0.991164 -0.260185 3.23549 0.897518 -0.127296 3.06718 0.746969 -0.00626642 3.18978 0.650411 -0.00210998 3.14697 0.715434 0.307957 2.92802 0.718382 0.662738 3.04742 0.842826 -0.00962368 3.24691 0.867898 0.357466 3.0663 0.862714 0.753843 3.16751 
0.733532 -0.548913 2.89817 0.752354 -0.446703 3.09988 0.60209 -0.455121 3.13151 0.484582 -0.257327 3.2355 0.609268 -0.160314 3.0025 0.920635 -0.43924 3.0833 0.97334 -0.211678 3.18701 0.897744 -0.0793645 2.99335 0.735834 0.00825346 3.18143 0.648307 0.00661106 3.16672 0.725232 0.274551 2.95448 0.721632 0.615066 3.08889 0.837424 0.0138572 3.1759 0.854116 0.344613 2.92421 0.847904 0.719221 3.06544 
0.716467 -0.539235 2.89142 0.741121 -0.420689 3.09314 0.581339 -0.433529 3.13895 0.477218 -0.241969 3.23557 0.601446 -0.137251 3.02347 0.902484 -0.421939 3.06011 0.972783 -0.182352 3.16207 0.892947 -0.0520062 2.97518 0.724669 0.0313864 3.18665 0.638623 0.0170995 3.20835 0.720756 0.236531 2.92978 0.725563 0.57057 3.07864 0.82968 0.0337002 3.15646 0.835264 0.339568 2.91027 0.842334 0.700174 3.04883 
0.715068 -0.531667 2.89431 0.737216 -0.41066 3.08868 0.57786 -0.413325 3.13724 0.454659 -0.213277 3.24161 0.578676 -0.131893 3.02691 0.890337 -0.398111 3.05171 0.963442 -0.168916 3.1466 0.88261 -0.0393379 2.93026 0.716961 0.0466122 3.19464 0.620664 0.0401846 3.20709 0.70068 0.141289 2.81352 0.697005 0.45989 2.93201 0.824195 0.0442082 3.19485 0.837439 0.402288 3.00416 0.836269 0.758838 3.15715 
0.699508 -0.519224 2.8981 0.734496 -0.387128 3.07394 0.57686 -0.396467 3.14005 0.450911 -0.189403 3.24129 0.58016 -0.130475 3.02277 0.881049 -0.376966 3.03661 0.954403 -0.134559 3.09996 0.881017 -0.0479418 2.9002 0.712345 0.0561497 3.19913 0.610821 0.0605301 3.23587 0.682728 0.163918 2.92728 0.677154 0.498524 3.05055 0.812224 0.0525844 3.1554 0.829677 0.305453 2.85927 0.832646 0.677564 3.01008 
0.676889 -0.507086 2.9044 0.717823 -0.374724 3.07682 0.568712 -0.389712 3.1448 0.427665 -0.182304 3.22881 0.572522 -0.136867 3.01434 0.857613 -0.372043 3.03077 0.940696 -0.128524 3.06486 0.852697 -0.061642 2.87236 0.7042 0.0605327 3.19356 0.599864 0.0642712 3.23303 0.627968 0.104594 2.92595 0.612812 0.450816 3.04627 0.803945 0.0619903 3.14261 0.828752 0.310182 2.84847 0.828586 0.670462 2.98984 
0.654187 -0.541954 2.91831 0.696 -0.390524 3.07709 0.542383 -0.395967 3.14459 0.423581 -0.183634 3.2251 0.551819 -0.170051 3.01254 0.835105 -0.3821 3.03046 0.92341 -0.134802 3.04207 0.840361 -0.0903066 2.86674 0.680971 0.057849 3.18648 0.575377 0.0528968 3.23378 0.56997 0.126623 2.93592 0.5342 0.461538 3.04207 0.782455 0.0563242 3.13749 0.806849 0.316887 2.8481 0.827008 0.678127 2.9986 
0.626947 -0.557934 2.92146 0.664734 -0.415963 3.08724 0.519885 -0.428781 3.15377 0.392761 -0.230952 3.22933 0.51108 -0.236241 3.03727 0.810668 -0.410903 3.02417 0.91207 -0.196661 3.00403 0.811862 -0.158335 2.85284 0.658686 0.0204613 3.17706 0.558401 0.0145523 3.23791 0.529871 0.117263 2.92465 0.455841 0.457617 3.08144 0.772886 0.0323095 3.11773 0.788131 0.327719 2.86604 0.823089 0.692263 3.00024 
0.599534 -0.609247 2.92428 0.632034 -0.486845 3.09297 0.483634 -0.49058 3.17559 0.350378 -0.307229 3.25258 0.464942 -0.312515 3.06352 0.774736 -0.486788 3.04752 0.885873 -0.283219 3.08276 0.755641 -0.253326 2.88767 0.641041 -0.0283266 3.1524 0.528781 -0.0370165 3.21301 0.437753 0.186953 2.93861 0.387671 0.49273 3.16601 0.736086 -0.0247543 3.12165 0.751294 0.293997 2.88141 0.818669 0.68719 3.0008 
0.553738 -0.661001 2.94383 0.584839 -0.536109 3.0978 0.437833 -0.542995 3.181 0.311454 -0.361861 3.26719 0.403213 -0.35667 3.07654 0.736335 -0.53285 3.04874 0.850321 -0.329845 3.12241 0.742619 -0.304831 2.92119 0.582978 -0.0672422 3.15454 0.485018 -0.0716663 3.17423 0.390596 0.181116 2.82477 0.300989 0.50739 3.02115 0.700663 -0.067184 3.14972 0.740599 0.325616 3.05915 0.813898 0.717237 3.12235 
0.518822 -0.674091 2.94069 0.56705 -0.573751 3.10249 0.417102 -0.580781 3.18107 0.291905 -0.403233 3.27616 0.392855 -0.360282 3.08636 0.703278 -0.567409 3.06137 0.801219 -0.355621 3.13597 0.69717 -0.31233 2.93193 0.552082 -0.0994319 3.15847 0.449462 -0.104944 3.18983 0.374417 0.222976 2.90189 0.263523 0.589279 3.03437 0.652318 -0.0988409 3.134 0.735837 0.259003 3.01786 0.801363 0.652919 3.11664 
0.490291 -0.671918 2.92819 0.507162 -0.581907 3.11788 0.368047 -0.593035 3.1653 0.25052 -0.394747 3.27236 0.352933 -0.350916 3.09363 0.657936 -0.581849 3.08781 0.759919 -0.354695 3.17211 0.669606 -0.270896 2.9657 0.505483 -0.125737 3.16138 0.391352 -0.121156 3.18348 0.34549 0.267609 2.97846 0.245113 0.694012 3.07824 0.605461 -0.128789 3.13686 0.695481 0.233618 2.93719 0.746722 0.553997 3.13365 
0.408482 -0.637765 2.9352 0.458834 -0.555154 3.11673 0.299694 -0.563061 3.16355 0.171537 -0.356297 3.25719 0.297783 -0.307466 3.0808 0.603345 -0.548193 3.08101 0.670535 -0.31614 3.15539 0.633571 -0.243175 2.97238 0.441544 -0.0958173 3.15671 0.333572 -0.0947875 3.1894 0.303715 0.275998 3.01862 0.22811 0.713201 3.10815 0.54697 -0.0940879 3.11998 0.669845 0.203486 2.90577 0.648294 0.525313 3.06922 
0.389212 -0.606847 2.90779 0.419964 -0.503932 3.11157 0.268096 -0.507202 3.11855 0.161635 -0.291908 3.21161 0.27258 -0.228454 3.00481 0.576535 -0.507463 3.12898 0.625814 -0.274332 3.16594 0.594355 -0.188846 2.96164 0.42192 -0.0401829 3.1661 0.322698 -0.0254264 3.18515 0.285872 0.369039 3.07042 0.236355 0.756244 3.1584 0.536392 -0.0511889 3.12688 0.653283 0.144062 2.82306 0.603619 0.405611 3.1071 
0.365238 -0.575113 2.89806 0.397084 -0.470311 3.10514 0.23479 -0.466761 3.09048 0.10823 -0.253411 3.15868 0.229338 -0.199561 2.96727 0.545714 -0.473037 3.14365 0.585366 -0.2406 3.19581 0.570084 -0.139189 2.97493 0.401346 -0.00966705 3.17429 0.2965 -0.00109165 3.18675 0.27296 0.393333 3.03512 0.228066 0.765913 3.16295 0.489505 -0.0191154 3.16483 0.592141 0.109379 2.82208 0.510408 0.375134 3.08795 
0.333666 -0.551776 2.89888 0.357771 -0.446515 3.10773 0.19852 -0.445184 3.07432 0.089306 -0.237738 3.14721 0.198955 -0.175817 2.96279 0.511781 -0.451807 3.1486 0.568627 -0.235896 3.2145 0.532075 -0.127956 2.99499 0.3701 -0.00104017 3.17865 0.257142 0.00510158 3.18818 0.251021 0.398805 3.02585 0.228307 0.765838 3.16291 0.469286 -0.00715356 3.18458 0.522324 0.121944 2.82404 0.427304 0.405307 3.05575 
0.326894 -0.550684 2.89813 0.344372 -0.446222 3.09929 0.184613 -0.440355 3.06055 0.0443622 -0.228523 3.14137 0.182589 -0.171863 2.95302 0.488576 -0.453867 3.14196 0.553659 -0.249167 3.2337 0.556776 -0.122807 3.02408 0.346296 -0.00135917 3.1831 0.251233 0.00342563 3.19058 0.24728 0.387589 3.04703 0.219816 0.764297 3.1632 0.459874 -0.00866366 3.18111 0.470008 0.167591 2.82536 0.384849 0.471414 3.00907 
0.299045 -0.553047 2.89007 0.331886 -0.460148 3.09773 0.175543 -0.454356 3.06266 0.0324861 -0.240409 3.14706 0.174527 -0.16897 2.96072 0.485019 -0.468421 3.13916 0.545974 -0.255587 3.23856 0.545555 -0.127892 3.02876 0.34602 -0.00170646 3.18753 0.247318 0.00662882 3.20626 0.241915 0.392429 3.05552 0.21966 0.767612 3.16757 0.450275 -0.00764949 3.18499 0.438064 0.229716 2.83434 0.358708 0.525037 2.99079 
0.28433 -0.576532 2.88078 0.313245 -0.472415 3.09452 0.164272 -0.46304 3.05722 0.0313258 -0.262399 3.16662 0.162885 -0.175323 2.97991 0.473095 -0.48338 3.13031 0.538388 -0.281745 3.24862 0.540731 -0.152435 3.05652 0.323431 -0.00392689 3.18816 0.233824 -0.000970292 3.19914 0.231343 0.381377 3.04689 0.212962 0.76167 3.1632 0.421613 -0.005445 3.20527 0.415823 0.298314 2.87688 0.355978 0.625919 3.01612 
0.276551 -0.582488 2.87173 0.299914 -0.479287 3.09033 0.14784 -0.468215 3.06836 0.0311546 -0.272958 3.18372 0.147557 -0.179187 2.99759 0.462631 -0.48721 3.11488 0.537259 -0.302022 3.22339 0.512734 -0.148394 3.04791 0.31141 -0.00563241 3.17954 0.204033 -0.00577845 3.19648 0.19617 0.357334 2.99422 0.2195 0.735106 3.13884 0.407992 -0.0124589 3.19939 0.397568 0.345853 2.94411 0.376438 0.714559 3.04649 
0.279388 -0.571822 2.88445 0.294086 -0.465413 3.10003 0.146085 -0.459165 3.0943 0.0302821 -0.275093 3.24156 0.148566 -0.189955 3.0715 0.444938 -0.476388 3.10175 0.542673 -0.272238 3.20557 0.500559 -0.108129 3.01952 0.298097 -0.00177407 3.19217 0.186413 -0.00176356 3.21226 0.185945 0.331835 2.95815 0.227002 0.675967 3.09579 0.406921 0.00101145 3.19812 0.358333 0.344654 2.95478 0.371173 0.732903 3.08619 
0.242578 -0.536046 2.85993 0.28342 -0.414337 3.06773 0.127915 -0.415406 3.10861 0.0195029 -0.229297 3.23053 0.13521 -0.131075 3.09242 0.434354 -0.417741 3.03833 0.532238 -0.216258 3.13193 0.4837 -0.065936 2.98286 0.276078 0.0321197 3.19982 0.182425 0.0299469 3.2301 0.170635 0.312946 2.91897 0.234234 0.594446 3.08881 0.384662 0.0334058 3.17189 0.352511 0.344601 2.9263 0.363348 0.740091 3.09411 
0.241035 -0.500507 2.86574 0.275588 -0.370041 3.06711 0.114585 -0.378941 3.0992 0.0146521 -0.190016 3.22467 0.137083 -0.107771 3.07633 0.424864 -0.366199 3.0309 0.518344 -0.145636 3.08632 0.449205 -0.0160201 2.8663 0.259828 0.0693569 3.21211 0.169716 0.0652975 3.24443 0.150801 0.258109 2.84214 0.238249 0.494065 3.08593 0.361793 0.0751018 3.18376 0.339929 0.403143 2.94414 0.355008 0.761465 3.10231 
0.234974 -0.488859 2.87846 0.263315 -0.351255 3.06218 0.105914 -0.358775 3.10318 0.00996317 -0.170886 3.22054 0.131678 -0.092902 3.05124 0.401523 -0.3471 3.02144 0.496948 -0.115565 3.05308 0.409351 -0.0294394 2.85977 0.25102 0.0765154 3.22452 0.16638 0.0685609 3.25402 0.115826 0.170173 2.84241 0.196835 0.454545 3.01719 0.354134 0.0854444 3.2068 0.337113 0.417612 2.95562 0.355714 0.765236 3.10384 
0.180444 -0.491271 2.89716 0.232221 -0.349554 3.06615 0.0755069 -0.351018 3.11623 -0.0376405 -0.163562 3.22029 0.0975392 -0.114527 3.06203 0.363625 -0.350508 3.01799 0.474151 -0.117174 3.01187 0.334711 -0.0709744 2.83884 0.240513 0.0730473 3.19831 0.137768 0.0646311 3.24442 0.0573277 0.13737 2.93159 0.0980478 0.501021 3.08145 0.328173 0.0780281 3.14712 0.31197 0.347733 2.85626 0.35439 0.688442 2.99341 
0.148189 -0.546141 2.91202 0.186099 -0.392749 3.08032 0.0347372 -0.391838 3.13127 -0.0558787 -0.201251 3.25013 0.04274 -0.125329 3.06924 0.341329 -0.397731 3.01945 0.453765 -0.183875 2.98263 0.321294 -0.15966 2.83656 0.196964 0.044083 3.19537 0.109351 0.0347756 3.23887 0.0207396 0.13787 2.93232 -0.00277539 0.478783 3.05567 0.306204 0.0515073 3.13157 0.284037 0.320319 2.84802 0.350841 0.685887 2.96894 
0.143509 -0.598693 2.95246 0.176981 -0.430117 3.08571 0.0200015 -0.424946 3.14245 -0.0650316 -0.241861 3.25596 0.0251861 -0.15866 3.08409 0.321733 -0.441263 3.02456 0.436416 -0.235192 3.01428 0.283835 -0.230364 2.89108 0.181701 -0.00224375 3.19359 0.0826196 -0.00547804 3.22024 -0.0300734 0.0911797 2.81649 -0.0753907 0.440941 2.94096 0.278306 0.00933551 3.16683 0.269803 0.38824 2.99748 0.352178 0.753931 3.10004 
0.087074 -0.668958 2.97822 0.133456 -0.51394 3.09333 -0.019852 -0.512346 3.16653 -0.105845 -0.32535 3.28463 -0.00646035 -0.242554 3.10592 0.26567 -0.511437 3.03869 0.400508 -0.313397 3.04804 0.253242 -0.291792 2.92061 0.142879 -0.0522328 3.15496 0.0267155 -0.0639162 3.18848 -0.0723498 0.178723 2.82024 -0.161785 0.539918 2.99555 0.246275 -0.0460462 3.14971 0.25573 0.334198 3.01804 0.348529 0.724335 3.08183 
0.0562226 -0.676853 2.95125 0.0864151 -0.560666 3.1129 -0.0618043 -0.554399 3.1774 -0.144038 -0.357333 3.2744 -0.0601512 -0.284827 3.11066 0.236162 -0.567974 3.06327 0.349997 -0.357205 3.10234 0.2251 -0.323312 2.9495 0.090342 -0.0964163 3.15699 -0.0168321 -0.0987809 3.19549 -0.0878508 0.229354 2.92023 -0.216393 0.591414 3.01559 0.188117 -0.0966295 3.12705 0.244129 0.235516 2.95189 0.317109 0.648956 3.08126 
0.0144054 -0.691513 2.94293 0.0400014 -0.573547 3.12087 -0.102505 -0.561663 3.17064 -0.211577 -0.362915 3.26376 -0.11313 -0.298084 3.1066 0.193216 -0.579788 3.08308 0.296129 -0.366154 3.13676 0.200668 -0.280475 2.92547 0.0418558 -0.111689 3.1537 -0.0606461 -0.10986 3.19261 -0.116149 0.252631 2.95414 -0.224253 0.654729 3.03276 0.15333 -0.111687 3.12672 0.207153 0.228346 2.89635 0.252653 0.549861 3.08532 
-0.00972309 -0.680658 2.9602 0.00565881 -0.546359 3.1347 -0.153187 -0.542484 3.15118 -0.278719 -0.33629 3.23446 -0.148313 -0.254334 3.07061 0.165392 -0.549658 3.12441 0.260969 -0.347583 3.1898 0.184175 -0.211673 2.93316 0.00929573 -0.0892697 3.15302 -0.112942 -0.0830676 3.18946 -0.143538 0.319281 3.01871 -0.224547 0.723278 3.11842 0.111338 -0.0925118 3.10976 0.184862 0.176526 2.83142 0.186736 0.44663 3.0631 
-0.033714 -0.648035 2.95576 -0.0275646 -0.513052 3.13434 -0.176313 -0.506328 3.12215 -0.287007 -0.300758 3.20386 -0.191957 -0.224703 2.99519 0.118333 -0.521602 3.15159 0.235014 -0.304875 3.25244 0.161234 -0.167667 3.00513 -0.0385899 -0.0357924 3.16297 -0.134443 -0.0333779 3.18871 -0.153013 0.357053 3.05977 -0.222038 0.760973 3.15722 0.0709652 -0.0475847 3.12331 0.157924 0.136368 2.78891 0.143318 0.397819 3.02831 
-0.0598294 -0.616747 2.94446 -0.0499767 -0.477535 3.1362 -0.211424 -0.473872 3.10995 -0.321128 -0.268064 3.22531 -0.202663 -0.187826 3.05046 0.0913035 -0.479728 3.15427 0.177377 -0.25861 3.25336 0.133736 -0.125447 3.02431 -0.0624871 -0.0068788 3.17509 -0.155697 0.00252683 3.18991 -0.180196 0.389952 3.05618 -0.217639 0.768852 3.15734 0.0316138 -0.0141326 3.1583 0.0980533 0.124134 2.78137 0.0815063 0.411867 2.99325 
-0.082335 -0.589987 2.93728 -0.0759299 -0.453205 3.13046 -0.231192 -0.456225 3.09876 -0.357209 -0.246542 3.19143 -0.239052 -0.173886 2.99501 0.0747549 -0.451038 3.15529 0.126394 -0.241517 3.26148 0.0806509 -0.0931691 3.04233 -0.0964927 0.00242844 3.18346 -0.20011 0.00942591 3.21031 -0.206514 0.385929 3.02898 -0.225651 0.766409 3.15746 0.00409173 -0.00538634 3.17017 0.0162563 0.151677 2.78963 -0.0180997 0.426377 2.96287 
-0.0887779 -0.581163 2.93353 -0.104502 -0.453502 3.12832 -0.251805 -0.458185 3.09975 -0.37291 -0.247743 3.17955 -0.240669 -0.171548 3.00061 0.055836 -0.451534 3.15457 0.113648 -0.246348 3.26801 0.0525738 -0.0875675 3.04139 -0.120138 0.00386045 3.17943 -0.215618 0.00771852 3.21191 -0.212977 0.383293 3.05203 -0.22561 0.766373 3.16254 -0.0135467 -0.00509876 3.17962 -0.0176685 0.175058 2.8121 -0.0748307 0.442119 2.95545 
-0.107852 -0.592849 2.93267 -0.120545 -0.475492 3.1335 -0.282642 -0.467978 3.10213 -0.385134 -0.260919 3.2 -0.256467 -0.17165 3.03039 0.0278733 -0.477218 3.15536 0.100726 -0.261211 3.26277 0.0237103 -0.106217 3.04733 -0.148404 -0.00558786 3.1897 -0.240219 -0.00456827 3.21599 -0.225235 0.369273 3.07851 -0.225876 0.764518 3.16666 -0.0624669 -0.00747944 3.18746 -0.11365 0.243971 2.8165 -0.156162 0.514386 2.9548 
-0.128973 -0.614825 2.93885 -0.129735 -0.490572 3.13332 -0.287753 -0.485335 3.10361 -0.401274 -0.281876 3.22106 -0.271329 -0.174732 3.05545 0.0162227 -0.494682 3.15672 0.0836327 -0.277678 3.26518 0.0181599 -0.138281 3.06836 -0.15919 -0.0199462 3.19335 -0.253632 -0.0242737 3.225 -0.237172 0.361731 3.11221 -0.230251 0.760834 3.16747 -0.0641951 -0.0261052 3.18866 -0.101757 0.262722 2.85208 -0.141632 0.579414 2.99481 
-0.145338 -0.620944 2.93466 -0.141444 -0.496621 3.1321 -0.293369 -0.499687 3.10596 -0.402373 -0.297505 3.24776 -0.267232 -0.198514 3.08593 0.0156772 -0.49695 3.14777 0.0803762 -0.294221 3.2625 0.0243538 -0.144263 3.07099 -0.159046 -0.0319726 3.19053 -0.270119 -0.0349389 3.22116 -0.251291 0.347209 3.14148 -0.233376 0.750114 3.16813 -0.0672473 -0.0300648 3.17417 -0.105496 0.275241 2.8785 -0.149438 0.627953 3.01937 
-0.151584 -0.644086 2.9326 -0.157147 -0.506512 3.12795 -0.316911 -0.505169 3.11047 -0.415423 -0.30749 3.25157 -0.281898 -0.220477 3.09487 0.00389602 -0.514649 3.14024 0.0769216 -0.315116 3.25044 0.021595 -0.151038 3.06437 -0.162831 -0.0319666 3.18158 -0.277551 -0.0383572 3.22132 -0.261438 0.347913 3.15762 -0.238431 0.747142 3.17268 -0.0763198 -0.0286077 3.15423 -0.138677 0.318346 2.94441 -0.152751 0.709376 3.0522 
-0.16391 -0.649877 2.92106 -0.167237 -0.502685 3.12766 -0.324716 -0.505349 3.11281 -0.421395 -0.305154 3.25018 -0.285385 -0.214757 3.0929 -0.0228751 -0.514217 3.13001 0.0758156 -0.307277 3.22995 0.0219489 -0.136357 3.047 -0.175457 -0.0254947 3.17721 -0.280539 -0.0283764 3.2004 -0.272315 0.353967 3.15384 -0.235496 0.744799 3.1773 -0.0869589 -0.0200913 3.1403 -0.152385 0.343329 3.01028 -0.161468 0.731789 3.09352 
-0.191552 -0.64463 2.91247 -0.176117 -0.498054 3.12345 -0.333147 -0.496837 3.10917 -0.432268 -0.290087 3.23729 -0.291935 -0.211251 3.07553 -0.0336044 -0.507677 3.12533 0.0765688 -0.301416 3.21899 0.00118561 -0.13522 3.02941 -0.194887 -0.0170958 3.16864 -0.291625 -0.0191014 3.17074 -0.280904 0.373379 3.16043 -0.245703 0.749321 3.16802 -0.0903801 -0.012942 3.14745 -0.156154 0.377004 3.08699 -0.171316 0.735724 3.11198 
-0.198137 -0.647498 2.90877 -0.19234 -0.501201 3.11822 -0.339628 -0.502726 3.11134 -0.439095 -0.287254 3.22043 -0.302925 -0.205331 3.04981 -0.0425237 -0.506303 3.10989 0.0694371 -0.307502 3.20758 -0.00948082 -0.130126 3.00103 -0.199614 -0.0213575 3.16357 -0.300018 -0.0250842 3.17464 -0.285958 0.370039 3.1737 -0.256244 0.753763 3.17773 -0.0941908 -0.0121607 3.13267 -0.155349 0.370788 3.08432 -0.165853 0.738534 3.10686 
-0.203312 -0.646822 2.90204 -0.204882 -0.504412 3.10475 -0.358393 -0.504381 3.11436 -0.447359 -0.28927 3.20495 -0.312426 -0.223682 3.04887 -0.0457741 -0.515681 3.09587 0.0547221 -0.305421 3.18343 -0.0271534 -0.139365 2.96562 -0.212513 -0.0290709 3.14762 -0.308338 -0.0305506 3.17371 -0.290189 0.365112 3.17425 -0.256396 0.745158 3.17793 -0.105593 -0.0231191 3.10769 -0.145758 0.366859 3.0721 -0.157472 0.742205 3.10149 
-0.205167 -0.645694 2.89901 -0.209538 -0.508695 3.10147 -0.35801 -0.506346 3.10661 -0.448 -0.289014 3.20682 -0.312071 -0.223027 3.04188 -0.0503582 -0.520709 3.09709 0.0498345 -0.306183 3.16738 -0.0387661 -0.140453 2.96205 -0.212456 -0.0290732 3.15174 -0.307667 -0.0305937 3.16576 -0.2858 0.368008 3.16769 -0.247556 0.7481 3.17257 -0.110473 -0.0235149 3.11803 -0.146714 0.370255 3.08015 -0.157254 0.739185 3.10179 
-0.218204 -0.645979 2.90003 -0.216655 -0.510704 3.10177 -0.376717 -0.508181 3.09947 -0.451343 -0.287415 3.20786 -0.328327 -0.224352 3.03834 -0.0578832 -0.522627 3.09636 0.0320551 -0.303504 3.14509 -0.0534127 -0.140442 2.94386 -0.216229 -0.0274653 3.14317 -0.31048 -0.0305167 3.16236 -0.286226 0.36426 3.16302 -0.251602 0.741807 3.16897 -0.109938 -0.0234052 3.12703 -0.151543 0.364945 3.088 -0.165544 0.738975 3.10194 
-0.224831 -0.645023 2.89576 -0.216535 -0.512443 3.09831 -0.376579 -0.509869 3.09063 -0.452299 -0.287572 3.18955 -0.320606 -0.226488 3.04801 -0.0612879 -0.521968 3.09307 0.0244728 -0.301046 3.14648 -0.0577873 -0.143603 2.94789 -0.218733 -0.0257645 3.13608 -0.31302 -0.0233936 3.15522 -0.290677 0.362729 3.15254 -0.255482 0.750224 3.16815 -0.112312 -0.0219231 3.12961 -0.151464 0.368021 3.09227 -0.16568 0.739925 3.10156 
-0.240314 -0.65125 2.89317 -0.216017 -0.510639 3.09513 -0.379702 -0.509701 3.08293 -0.449948 -0.289224 3.18983 -0.321319 -0.230998 3.04848 -0.0694285 -0.520088 3.08806 0.0214251 -0.301157 3.14778 -0.0598647 -0.147401 2.93482 -0.218495 -0.0286615 3.12773 -0.318721 -0.0238393 3.15288 -0.291005 0.36249 3.15513 -0.260588 0.746759 3.16816 -0.117352 -0.0257738 3.11965 -0.146883 0.367821 3.09192 -0.165205 0.74032 3.09702 
-0.247344 -0.649426 2.88253 -0.214964 -0.513049 3.09356 -0.378457 -0.508126 3.08606 -0.444097 -0.286368 3.18562 -0.325086 -0.227296 3.02089 -0.0728047 -0.517893 3.08905 0.0217618 -0.299531 3.14404 -0.0605033 -0.141648 2.93484 -0.218052 -0.0285598 3.12354 -0.316381 -0.0242959 3.14392 -0.289968 0.364611 3.14873 -0.260144 0.746669 3.16871 -0.117083 -0.0256486 3.12027 -0.146803 0.364797 3.09362 -0.159937 0.736275 3.10286 
-0.248166 -0.656193 2.89031 -0.222643 -0.51309 3.08625 -0.386434 -0.506016 3.08278 -0.44516 -0.289167 3.19442 -0.332312 -0.237893 3.01419 -0.0768005 -0.521887 3.08767 0.0157264 -0.299083 3.13352 -0.0609919 -0.149096 2.91832 -0.218398 -0.0291973 3.11766 -0.317445 -0.0284966 3.13717 -0.290122 0.36169 3.14462 -0.260345 0.741886 3.16477 -0.128032 -0.029463 3.12687 -0.147195 0.367429 3.08734 -0.159977 0.736651 3.09788 
-0.243589 -0.65666 2.89208 -0.22316 -0.512926 3.08481 -0.387298 -0.507856 3.08082 -0.452397 -0.288823 3.18983 -0.339715 -0.232086 2.98618 -0.0768661 -0.525386 3.07859 0.0104566 -0.298132 3.11869 -0.0683165 -0.155351 2.90909 -0.218633 -0.0292108 3.11705 -0.318905 -0.0279543 3.13912 -0.290424 0.35848 3.14391 -0.255863 0.747699 3.1678 -0.128227 -0.0294284 3.11739 -0.155417 0.369744 3.08254 -0.165162 0.735555 3.09769 
-0.246142 -0.654909 2.88328 -0.226684 -0.51287 3.07965 -0.387502 -0.505581 3.08039 -0.454393 -0.28696 3.18371 -0.345518 -0.229437 2.96597 -0.0771511 -0.525062 3.0736 0.00973204 -0.29761 3.11424 -0.0675488 -0.157329 2.90065 -0.218649 -0.0267828 3.11276 -0.318234 -0.0282058 3.14078 -0.289817 0.362448 3.14495 -0.259402 0.742663 3.16812 -0.128933 -0.0269045 3.10037 -0.155013 0.374533 3.07537 -0.165017 0.735494 3.09792 
-0.245988 -0.654156 2.88259 -0.226813 -0.512838 3.07967 -0.38759 -0.505562 3.08025 -0.458538 -0.285475 3.18276 -0.346163 -0.231636 2.9692 -0.0804704 -0.5223 3.06985 0.00769176 -0.29956 3.12052 -0.0677346 -0.155881 2.90143 -0.218672 -0.0291552 3.1131 -0.318878 -0.0279166 3.13524 -0.290263 0.364486 3.1438 -0.255806 0.745342 3.16793 -0.131988 -0.0264273 3.10958 -0.155634 0.372195 3.07825 -0.165262 0.735495 3.09763 
-0.245862 -0.652573 2.87298 -0.227292 -0.512271 3.0739 -0.387424 -0.507518 3.07181 -0.464826 -0.283606 3.17558 -0.351711 -0.22758 2.94378 -0.0805857 -0.524129 3.0654 0.0118785 -0.301088 3.12598 -0.0660423 -0.157287 2.88982 -0.2223 -0.0263013 3.11232 -0.319137 -0.0258388 3.13058 -0.290305 0.364585 3.14366 -0.255558 0.749616 3.16798 -0.131975 -0.0289864 3.10617 -0.155362 0.374826 3.07866 -0.164947 0.739588 3.09776 
-0.242296 -0.652616 2.88432 -0.227066 -0.510181 3.06945 -0.388101 -0.504984 3.07516 -0.456118 -0.285978 3.17541 -0.349159 -0.229745 2.95532 -0.0806589 -0.521983 3.06893 0.0150647 -0.297875 3.11891 -0.0666543 -0.158154 2.88801 -0.218969 -0.024242 3.11214 -0.31938 -0.025693 3.13007 -0.290442 0.36305 3.1433 -0.250971 0.753088 3.16763 -0.131688 -0.023611 3.10104 -0.155699 0.37509 3.08178 -0.165041 0.739635 3.0976 
-0.241617 -0.656051 2.8856 -0.227251 -0.510087 3.06876 -0.387628 -0.505254 3.0714 -0.454112 -0.287439 3.1793 -0.347338 -0.230047 2.96365 -0.0807362 -0.519144 3.06449 0.0115477 -0.294839 3.10049 -0.0689247 -0.1535 2.89083 -0.222273 -0.0262387 3.11234 -0.319024 -0.0258195 3.13077 -0.290142 0.364566 3.1439 -0.255662 0.747859 3.1678 -0.131702 -0.0236291 3.10102 -0.15544 0.375082 3.08249 -0.164923 0.739627 3.09781 
-0.240613 -0.655139 2.88123 -0.226907 -0.507923 3.06547 -0.387903 -0.505079 3.07026 -0.453982 -0.287792 3.18132 -0.346351 -0.223288 2.96088 -0.0775381 -0.517727 3.06818 0.00780333 -0.288658 3.08799 -0.0660296 -0.15535 2.88904 -0.222112 -0.0257766 3.11285 -0.318466 -0.0241726 3.12351 -0.293458 0.364949 3.14031 -0.255541 0.747393 3.16416 -0.131088 -0.0237271 3.10732 -0.155659 0.375319 3.08583 -0.165022 0.739645 3.09769 
-0.239497 -0.655711 2.88282 -0.22661 -0.509943 3.05709 -0.386693 -0.507499 3.06425 -0.453514 -0.285089 3.17832 -0.350664 -0.210546 2.96557 -0.0773313 -0.521957 3.06114 0.00833279 -0.287768 3.08741 -0.067407 -0.140804 2.86998 -0.222002 -0.0238808 3.11282 -0.316197 -0.0261175 3.11251 -0.293014 0.362613 3.14199 -0.255244 0.747328 3.16487 -0.131313 -0.0238312 3.10838 -0.155509 0.366506 3.08264 -0.164822 0.735264 3.10288 
-0.239726 -0.655845 2.88245 -0.227236 -0.509754 3.05497 -0.38767 -0.507195 3.06713 -0.441298 -0.288391 3.17444 -0.351457 -0.176659 2.99417 -0.0773027 -0.523771 3.06081 0.00316255 -0.27266 3.04832 -0.0683921 -0.109794 2.85724 -0.219122 -0.0267018 3.11152 -0.318228 -0.0260831 3.12388 -0.292931 0.363029 3.14114 -0.255576 0.747361 3.1642 -0.130732 -0.0262735 3.10051 -0.155582 0.369413 3.08604 -0.165072 0.739778 3.09753 
-0.240653 -0.656788 2.88668 -0.226717 -0.509528 3.04698 -0.386148 -0.507732 3.06059 -0.436904 -0.281673 3.17143 -0.34848 -0.142453 2.9604 -0.0772209 -0.52182 3.05689 -0.00181164 -0.270538 3.0414 -0.0603798 -0.100551 2.87722 -0.218666 -0.0286029 3.10886 -0.316114 -0.0264777 3.10845 -0.289698 0.363094 3.14154 -0.255376 0.749507 3.1684 -0.130873 -0.0272404 3.10585 -0.155114 0.372406 3.08329 -0.1647 0.737329 3.09805 
-0.233094 -0.667331 2.8872 -0.223565 -0.509515 3.04562 -0.386728 -0.507786 3.06788 -0.42771 -0.270151 3.16348 -0.392713 -0.0709265 2.97289 -0.0772109 -0.51685 3.05603 -0.0103229 -0.268186 3.02157 -0.0189541 -0.0764986 2.90494 -0.218621 -0.0261453 3.10859 -0.318181 -0.0261397 3.12386 -0.292866 0.362902 3.14144 -0.255563 0.747772 3.16797 -0.123118 -0.0245359 3.09585 -0.155191 0.371835 3.07359 -0.164795 0.737268 3.09795 
-0.22664 -0.671671 2.88608 -0.223445 -0.509032 3.04646 -0.387372 -0.508855 3.06718 -0.425757 -0.264316 3.15854 -0.400328 -0.0412043 3.07164 -0.0766937 -0.514752 3.04799 -0.0104776 -0.258648 3.02103 -0.00553387 -0.0533892 2.91656 -0.218858 -0.0285163 3.10775 -0.318453 -0.0261123 3.1196 -0.292842 0.360337 3.14146 -0.251841 0.748569 3.16812 -0.118087 -0.0264954 3.09245 -0.155173 0.370774 3.0734 -0.164683 0.737212 3.09804 
-0.214022 -0.675527 2.88301 -0.218715 -0.504066 3.04023 -0.382529 -0.506282 3.06666 -0.412605 -0.260909 3.16109 -0.438899 -0.0249295 3.12798 -0.0678799 -0.510019 3.03839 -0.00471439 -0.25846 3.01338 0.0346827 -0.0219858 2.9441 -0.219055 -0.0189099 3.10324 -0.318809 -0.0211007 3.1229 -0.292719 0.361172 3.13282 -0.246962 0.74512 3.16827 -0.12288 -0.0173144 3.09237 -0.155194 0.371115 3.06554 -0.164927 0.739159 3.10266 
-0.198397 -0.683582 2.88437 -0.215224 -0.505801 3.0363 -0.37856 -0.506427 3.05835 -0.417853 -0.265994 3.18504 -0.472295 -0.0213916 3.15263 -0.0637935 -0.508331 3.03477 -0.00102612 -0.259047 3.0141 0.0550581 -0.00901428 2.98365 -0.218688 -0.0213091 3.09874 -0.317846 -0.0193638 3.1191 -0.292613 0.370049 3.13232 -0.250764 0.751564 3.16385 -0.126423 -0.016671 3.08272 -0.15511 0.379961 3.06152 -0.160354 0.741455 3.09727 
-0.188558 -0.69176 2.88436 -0.214948 -0.501059 3.03612 -0.37763 -0.504418 3.05978 -0.426506 -0.275246 3.17797 -0.495489 -0.0540407 3.20454 -0.0601858 -0.508122 3.02902 0.0072764 -0.258693 3.03603 0.0690114 -0.0131461 3.02248 -0.218779 -0.0182031 3.08626 -0.316524 -0.0229114 3.10201 -0.294919 0.36975 3.10127 -0.255426 0.74781 3.1645 -0.123183 -0.016411 3.07805 -0.153964 0.375562 3.06086 -0.157138 0.739751 3.10109 
-0.19221 -0.674396 2.84934 -0.214666 -0.503414 3.03109 -0.373502 -0.505554 3.05739 -0.449046 -0.269268 3.16205 -0.519775 -0.0688979 3.19618 -0.0559427 -0.506711 3.02544 0.0294914 -0.274927 3.07482 0.0980871 -0.0454143 3.06506 -0.218129 -0.0207583 3.07412 -0.315505 -0.0256469 3.09068 -0.304061 0.371103 3.0716 -0.272978 0.745802 3.16185 -0.12441 -0.0177384 3.05247 -0.153231 0.374971 3.03384 -0.157216 0.749496 3.10638 
-0.188613 -0.66393 2.83815 -0.211238 -0.505585 3.03134 -0.372929 -0.506037 3.05836 -0.439028 -0.29182 3.18206 -0.533641 -0.0688081 3.22143 -0.0523348 -0.508888 3.02599 0.0345625 -0.272951 3.07911 0.106334 -0.0521093 3.07811 -0.218449 -0.0226366 3.07384 -0.316112 -0.0274742 3.08955 -0.307488 0.370122 3.06728 -0.282347 0.744269 3.16594 -0.131969 -0.0167831 3.06152 -0.152816 0.371896 3.02898 -0.152574 0.746762 3.09491 
-0.176528 -0.655718 2.82928 -0.210847 -0.505417 3.02808 -0.368919 -0.506534 3.05429 -0.438136 -0.295884 3.18509 -0.541999 -0.0741308 3.21757 -0.0490685 -0.502497 3.02117 0.0409904 -0.269816 3.07803 0.109437 -0.0405868 3.06782 -0.223611 -0.0182795 3.06869 -0.319524 -0.0271829 3.08972 -0.316319 0.375705 3.04216 -0.290132 0.740058 3.16647 -0.133573 -0.0129299 3.03973 -0.15428 0.375904 3.00974 -0.152673 0.744471 3.09968 
-0.176698 -0.658791 2.82873 -0.211331 -0.502715 3.02646 -0.369655 -0.506068 3.05769 -0.444482 -0.299255 3.18802 -0.54562 -0.0814877 3.23354 -0.0498899 -0.501002 3.01389 0.0320421 -0.26241 3.04703 0.0959505 -0.0235192 3.02924 -0.22723 -0.017995 3.07803 -0.324332 -0.0213624 3.0941 -0.31623 0.372774 3.03405 -0.323331 0.739598 3.16168 -0.136668 -0.01322 3.05921 -0.156899 0.374537 3.00967 -0.152224 0.744118 3.09616 
