15 218 4
0 0 0 0 0 0
0.126709 -1.60177 -0.124246 3.89049 0.231406 3.58272
-0.00192581 3.06012 0.0318007 -0.628713 0.14033 7.36518
0.113973 1.61967 0.116063 -3.58253 0.439694 3.68812
0.569115 -0.64257 2.75745 0.391989 -0.512238 2.64382 0.464447 -0.505362 2.4853 0.419687 -0.274951 2.40748 0.481429 -0.0479957 2.3758 0.337263 -0.516805 2.80191 0.263532 -0.264261 2.84418 0.324012 -0.0361016 2.90595 0.35435 -0.0149497 2.63784 0.420411 -0.0125187 2.51553 0.376551 0.386984 2.50657 0.360378 0.770448 2.47536 0.300376 -0.0119227 2.73497 0.315488 0.391266 2.7249 0.292552 0.750366 2.71683 
0.57048 -0.643593 2.75569 0.391982 -0.511756 2.63941 0.464322 -0.505452 2.48536 0.41951 -0.280221 2.40715 0.480058 -0.0478228 2.36709 0.337477 -0.519296 2.80206 0.263011 -0.26003 2.84406 0.314708 -0.0337159 2.91086 0.35417 -0.0173099 2.63774 0.417818 -0.0150093 2.51542 0.376573 0.384493 2.50653 0.360373 0.770346 2.47537 0.300069 -0.0143616 2.7305 0.318234 0.384485 2.72524 0.290279 0.751033 2.71682 
0.570071 -0.643321 2.75531 0.392151 -0.51224 2.64389 0.464312 -0.505488 2.48539 0.419545 -0.280225 2.40723 0.48002 -0.0478013 2.36682 0.340144 -0.519561 2.80204 0.268189 -0.260784 2.84466 0.315434 -0.0412197 2.91181 0.354332 -0.0155654 2.6378 0.417886 -0.0131612 2.51536 0.37646 0.384349 2.50195 0.360462 0.770354 2.47536 0.300519 -0.01258 2.73476 0.323834 0.387257 2.72505 0.29017 0.75107 2.7168 
0.567558 -0.642767 2.74806 0.392207 -0.512277 2.64386 0.464266 -0.507715 2.48545 0.41928 -0.278715 2.40299 0.483984 -0.0483814 2.35885 0.340095 -0.521445 2.80212 0.2683 -0.256352 2.84454 0.311175 -0.0375487 2.91191 0.353997 -0.0116369 2.63744 0.417689 -0.00922419 2.51518 0.376328 0.388818 2.50156 0.360508 0.770295 2.47529 0.300485 -0.00984145 2.73458 0.31817 0.387338 2.72115 0.284636 0.745101 2.71684 
0.561177 -0.632987 2.74539 0.386845 -0.512037 2.63938 0.459071 -0.5105 2.48556 0.419521 -0.278958 2.40379 0.485319 -0.0459498 2.36694 0.33787 -0.520968 2.80216 0.264143 -0.260367 2.84422 0.295579 -0.0467526 2.91172 0.353827 -0.013872 2.63306 0.418172 -0.0131753 2.51521 0.376374 0.38395 2.50655 0.360528 0.770234 2.47532 0.300619 -0.00988821 2.73028 0.318128 0.384711 2.72127 0.284632 0.745087 2.71684 
0.56221 -0.634476 2.7515 0.386903 -0.513843 2.63943 0.459108 -0.508312 2.48537 0.419131 -0.28294 2.4031 0.490737 -0.0533468 2.36798 0.337974 -0.521115 2.79847 0.265924 -0.260328 2.84421 0.315447 -0.0398603 2.9117 0.354196 -0.0133396 2.63307 0.417871 -0.0124604 2.5151 0.376428 0.381988 2.50659 0.36056 0.770225 2.47534 0.300461 -0.011707 2.73034 0.318145 0.382753 2.72128 0.284696 0.742379 2.71698 
0.560987 -0.632779 2.74688 0.386842 -0.511987 2.63918 0.459043 -0.50779 2.48069 0.419294 -0.275099 2.39998 0.490876 -0.0494847 2.36818 0.337897 -0.519099 2.7976 0.260797 -0.26356 2.84399 0.29916 -0.0473092 2.91142 0.354077 -0.0136096 2.63743 0.420469 -0.0129073 2.51516 0.376567 0.381851 2.5067 0.360537 0.770205 2.47535 0.300391 -0.0118105 2.73029 0.318218 0.382674 2.72126 0.284691 0.742376 2.71701 
0.560922 -0.628553 2.7466 0.384054 -0.5105 2.63523 0.459056 -0.507743 2.48068 0.42866 -0.258387 2.39527 0.501058 -0.0328347 2.38217 0.338098 -0.519073 2.7939 0.256317 -0.255731 2.83874 0.305676 -0.041874 2.91025 0.353908 -0.0136051 2.63372 0.41392 -0.0132902 2.5153 0.376429 0.381952 2.50675 0.360531 0.770213 2.47535 0.300017 -0.0100064 2.73454 0.315512 0.383442 2.72128 0.284731 0.742396 2.71706 
0.559985 -0.625989 2.73949 0.389297 -0.511104 2.63448 0.464746 -0.506139 2.48059 0.446107 -0.247409 2.40385 0.518721 -0.0338631 2.3917 0.338022 -0.519145 2.79374 0.257228 -0.253455 2.83893 0.31428 -0.0398039 2.91016 0.353864 -0.0130901 2.63359 0.414037 -0.013239 2.51532 0.376415 0.384381 2.50655 0.360403 0.770192 2.47535 0.294344 -0.013117 2.73042 0.315563 0.379233 2.72151 0.28466 0.742425 2.71703 
0.558498 -0.627681 2.73638 0.38948 -0.511159 2.6307 0.464851 -0.50754 2.4807 0.448355 -0.245472 2.40761 0.525108 -0.0335748 2.41765 0.338086 -0.52049 2.79372 0.257481 -0.253539 2.83891 0.313689 -0.0448889 2.90635 0.353753 -0.0129756 2.62915 0.414215 -0.0113438 2.51065 0.376313 0.384333 2.50656 0.360308 0.77019 2.47536 0.289069 -0.0108737 2.72629 0.321108 0.382024 2.72122 0.284652 0.744431 2.71697 
0.558037 -0.632449 2.7359 0.38945 -0.51115 2.63067 0.464899 -0.506114 2.48061 0.448016 -0.238667 2.40672 0.524866 -0.03733 2.4381 0.337994 -0.520598 2.79368 0.258992 -0.253295 2.84322 0.32047 -0.0393026 2.90629 0.353615 -0.0129729 2.62908 0.413926 -0.00884875 2.51044 0.376319 0.383021 2.50663 0.357574 0.771087 2.47524 0.289137 -0.0108209 2.72617 0.315711 0.382547 2.72151 0.284726 0.745652 2.71697 
0.557033 -0.629826 2.73186 0.392169 -0.511295 2.63072 0.464777 -0.506184 2.48068 0.447169 -0.24651 2.40767 0.524693 -0.0536675 2.43944 0.337891 -0.520262 2.78911 0.265052 -0.252989 2.8399 0.337502 -0.0485691 2.90714 0.353613 -0.0131584 2.62916 0.413776 -0.011706 2.51057 0.376481 0.38501 2.50652 0.357496 0.768163 2.4754 0.29184 -0.0143707 2.72653 0.321321 0.380722 2.7257 0.2848 0.742972 2.7171 
0.557665 -0.630882 2.73309 0.389331 -0.511172 2.63058 0.464796 -0.506184 2.48068 0.446888 -0.244555 2.40754 0.52465 -0.0538352 2.43957 0.338003 -0.518735 2.78901 0.262815 -0.256621 2.83956 0.330113 -0.05237 2.89839 0.353572 -0.0131915 2.6291 0.41393 -0.0117522 2.51056 0.376486 0.382962 2.50661 0.357703 0.76813 2.47539 0.291698 -0.0188208 2.72669 0.321125 0.377249 2.72582 0.285214 0.745505 2.71711 
0.557232 -0.631178 2.73253 0.392148 -0.51129 2.63065 0.464833 -0.506177 2.4807 0.446955 -0.24452 2.40756 0.524614 -0.0537776 2.4395 0.337994 -0.518425 2.78894 0.264513 -0.256477 2.83979 0.335339 -0.0527163 2.89858 0.353589 -0.0131702 2.62911 0.41381 -0.0117614 2.51057 0.376692 0.383072 2.50663 0.357732 0.768125 2.47539 0.291821 -0.0144366 2.72648 0.321331 0.378698 2.7258 0.28513 0.745549 2.71708 
0.558128 -0.632645 2.73423 0.38934 -0.511176 2.63056 0.464904 -0.507539 2.48077 0.446854 -0.242039 2.40721 0.524728 -0.0536873 2.4395 0.338132 -0.518309 2.78896 0.264172 -0.256499 2.83976 0.336127 -0.0520011 2.89862 0.353562 -0.0132231 2.62915 0.413808 -0.0117283 2.51056 0.376692 0.383093 2.50662 0.357719 0.768128 2.4754 0.291769 -0.0144195 2.72651 0.321464 0.379064 2.72178 0.285104 0.742857 2.71721 
0.558984 -0.633408 2.73041 0.392153 -0.511253 2.63059 0.464974 -0.507467 2.48076 0.451888 -0.241154 2.40713 0.524925 -0.0430852 2.43832 0.337911 -0.517991 2.78442 0.267501 -0.256487 2.84 0.333473 -0.0451678 2.89882 0.353379 -0.0132342 2.62907 0.413732 -0.00919712 2.5148 0.376517 0.384409 2.50647 0.352103 0.767239 2.47542 0.291514 -0.0143912 2.72637 0.321453 0.381076 2.72168 0.285088 0.742875 2.71717 
0.556662 -0.63388 2.73532 0.386962 -0.511418 2.63066 0.465152 -0.50516 2.48526 0.458682 -0.244451 2.4077 0.524883 -0.0349291 2.42012 0.340225 -0.518227 2.78444 0.264442 -0.2523 2.83973 0.331626 -0.0488918 2.90273 0.347989 -0.0136348 2.62903 0.413496 -0.0103603 2.51495 0.376445 0.384453 2.50645 0.352123 0.76724 2.47541 0.285484 -0.0147596 2.72626 0.321374 0.382483 2.7216 0.285098 0.742864 2.71714 
0.554122 -0.62994 2.73171 0.384025 -0.511365 2.63056 0.462464 -0.506377 2.48523 0.457357 -0.249308 2.40444 0.524387 -0.0334345 2.40011 0.337541 -0.518509 2.78881 0.267089 -0.252324 2.83992 0.336798 -0.0449053 2.90294 0.353202 -0.0132289 2.62903 0.41373 -0.011372 2.51129 0.376327 0.384435 2.50644 0.352148 0.767236 2.47541 0.285636 -0.0147322 2.72619 0.321286 0.382319 2.71718 0.285128 0.742849 2.71715 
0.560921 -0.637061 2.73416 0.389172 -0.51118 2.63055 0.462127 -0.505913 2.48049 0.449536 -0.244492 2.40343 0.515922 -0.025127 2.38661 0.337375 -0.518775 2.78887 0.267926 -0.252221 2.84011 0.340498 -0.0416062 2.90306 0.353481 -0.0131736 2.63347 0.414031 -0.00855668 2.51124 0.376568 0.384498 2.50636 0.357786 0.768037 2.47531 0.297643 -0.0106467 2.72614 0.324023 0.381253 2.72143 0.285447 0.746384 2.71266 
0.560904 -0.637032 2.73415 0.389241 -0.51116 2.6305 0.462024 -0.505934 2.48037 0.446156 -0.249998 2.39938 0.507065 -0.0274606 2.37795 0.34021 -0.518891 2.78891 0.267513 -0.252276 2.84004 0.337458 -0.0413546 2.90294 0.353505 -0.0117754 2.63338 0.413864 -0.013186 2.51526 0.376658 0.383224 2.5065 0.359974 0.767122 2.47539 0.297542 -0.0106577 2.72612 0.332404 0.382759 2.72125 0.284998 0.743613 2.7127 
0.559055 -0.632602 2.73183 0.38922 -0.511257 2.63061 0.461987 -0.506591 2.48508 0.444729 -0.250005 2.39217 0.507318 -0.0298967 2.38295 0.340383 -0.518874 2.78895 0.26416 -0.256107 2.84384 0.330602 -0.0422123 2.90265 0.354109 -0.0172722 2.63394 0.41137 -0.0129698 2.51525 0.37663 0.381702 2.50671 0.351645 0.766649 2.4707 0.294149 -0.0149877 2.73482 0.337908 0.382004 2.72144 0.288165 0.74238 2.71289 
0.55896 -0.632465 2.73574 0.392258 -0.511778 2.63541 0.465122 -0.506641 2.48531 0.446912 -0.25715 2.38844 0.516256 -0.038111 2.39691 0.337917 -0.51743 2.79363 0.262015 -0.255861 2.8434 0.32623 -0.0418718 2.9024 0.354074 -0.0132073 2.63768 0.413707 -0.0127633 2.51543 0.376571 0.383411 2.50649 0.351247 0.766598 2.47065 0.284941 -0.013675 2.73469 0.340788 0.384726 2.72122 0.293855 0.741742 2.71281 
0.555977 -0.620138 2.74313 0.387238 -0.513722 2.6487 0.459808 -0.510164 2.49519 0.422905 -0.266913 2.36919 0.51621 -0.0743755 2.44373 0.340607 -0.521725 2.80319 0.242399 -0.269312 2.84788 0.307907 -0.0528982 2.90168 0.349115 -0.0202753 2.64293 0.412931 -0.0211028 2.52036 0.376853 0.381424 2.51159 0.350664 0.766634 2.47064 0.279075 -0.0230694 2.73569 0.346615 0.384916 2.7172 0.293697 0.746579 2.70835 
0.564201 -0.629929 2.7572 0.394287 -0.51299 2.65657 0.465093 -0.508457 2.49905 0.412476 -0.27472 2.37407 0.520908 -0.0973339 2.4573 0.335539 -0.516853 2.81144 0.226948 -0.271896 2.85557 0.307094 -0.0607497 2.901 0.34876 -0.0203017 2.64322 0.406566 -0.0175499 2.52977 0.377159 0.382875 2.51647 0.356514 0.765397 2.47074 0.278929 -0.0245322 2.73998 0.343382 0.377194 2.72163 0.293883 0.743277 2.70843 
0.565195 -0.628362 2.78414 0.399852 -0.508837 2.66831 0.46513 -0.507598 2.50309 0.427703 -0.282921 2.39129 0.531061 -0.140067 2.50624 0.335132 -0.511986 2.81549 0.217013 -0.272818 2.88116 0.314799 -0.0829216 2.88583 0.348186 -0.0265416 2.64771 0.402868 -0.0231214 2.53819 0.385361 0.37728 2.51736 0.356691 0.763005 2.47552 0.269629 -0.028661 2.76071 0.348502 0.37456 2.72596 0.296721 0.742894 2.70873 
0.565232 -0.61801 2.78887 0.399906 -0.513491 2.67342 0.465279 -0.512177 2.512 0.405439 -0.292435 2.40787 0.529273 -0.177579 2.55047 0.334851 -0.514365 2.82469 0.204995 -0.281576 2.89042 0.337845 -0.0982318 2.87738 0.347527 -0.0220992 2.64759 0.401486 -0.0218097 2.54615 0.404154 0.382811 2.52586 0.356121 0.763911 2.47079 0.269221 -0.0263997 2.75626 0.345498 0.387775 2.73804 0.293309 0.745067 2.70831 
0.559972 -0.614981 2.82832 0.400673 -0.510686 2.68678 0.465219 -0.509726 2.53304 0.406019 -0.29185 2.41797 0.525115 -0.201029 2.56512 0.32775 -0.507455 2.84059 0.201659 -0.266131 2.90731 0.318145 -0.123414 2.84518 0.342759 -0.0181855 2.65584 0.390801 -0.0228755 2.55963 0.423903 0.376415 2.54074 0.364926 0.763226 2.50404 0.263597 -0.018262 2.76029 0.348833 0.387678 2.75218 0.297904 0.753392 2.71641 
0.555354 -0.59939 2.84122 0.405779 -0.506109 2.69988 0.465405 -0.509247 2.55029 0.398975 -0.288612 2.42576 0.510177 -0.234344 2.59645 0.3304 -0.508077 2.85734 0.198448 -0.268442 2.91234 0.330987 -0.147388 2.81782 0.333679 -0.0204706 2.66047 0.388358 -0.0217855 2.56778 0.441185 0.37291 2.58589 0.367022 0.754175 2.53551 0.263155 -0.0173557 2.76465 0.361222 0.382524 2.7619 0.309503 0.759542 2.71621 
0.548656 -0.583004 2.85673 0.403451 -0.506129 2.71262 0.465632 -0.509363 2.56359 0.404602 -0.26774 2.46409 0.514694 -0.219923 2.63077 0.34251 -0.504719 2.85739 0.202822 -0.264851 2.9249 0.340578 -0.176769 2.82359 0.324571 -0.0150752 2.67256 0.377415 -0.0215006 2.57259 0.444569 0.37681 2.59506 0.369533 0.756121 2.5586 0.260056 -0.0143866 2.7696 0.4077 0.380297 2.77107 0.323426 0.741505 2.72618 
0.561138 -0.57416 2.86152 0.399048 -0.49205 2.72431 0.478793 -0.487405 2.57107 0.405103 -0.254362 2.47113 0.529534 -0.205564 2.63928 0.32756 -0.499887 2.87049 0.217158 -0.252021 2.92876 0.368906 -0.196797 2.84098 0.30466 0.00272361 2.67612 0.364456 0.00124323 2.57545 0.447388 0.369034 2.59985 0.366225 0.75338 2.57267 0.252199 0.00376131 2.77345 0.476997 0.357861 2.79264 0.348109 0.716143 2.74732 
0.560496 -0.558046 2.86418 0.402759 -0.450302 2.73092 0.493082 -0.446561 2.57394 0.445662 -0.229774 2.48443 0.541979 -0.193579 2.67733 0.317878 -0.457986 2.86881 0.208046 -0.233869 2.93731 0.432114 -0.202447 2.87448 0.293838 0.0201214 2.68391 0.352307 0.023837 2.57844 0.477433 0.377064 2.6463 0.36693 0.748789 2.57779 0.238332 0.0200675 2.79481 0.54532 0.296476 2.86268 0.348841 0.631359 2.76558 
0.542907 -0.523394 2.89945 0.399153 -0.436205 2.73859 0.500031 -0.430669 2.60132 0.481385 -0.191065 2.49235 0.547783 -0.174179 2.6742 0.305441 -0.438495 2.89275 0.197862 -0.213958 2.94088 0.421946 -0.185498 2.904 0.281424 0.0334221 2.69593 0.349135 0.0361286 2.60702 0.513878 0.372685 2.66806 0.360317 0.732772 2.59119 0.227511 0.0301702 2.80648 0.57055 0.248233 2.89965 0.356341 0.535204 2.80341 
0.531389 -0.50692 2.91158 0.398925 -0.428297 2.75472 0.505461 -0.420923 2.62289 0.486621 -0.179935 2.51113 0.547997 -0.174529 2.71173 0.291577 -0.432114 2.90518 0.189426 -0.20701 2.94397 0.449921 -0.188924 2.91339 0.28083 0.0358376 2.71746 0.343099 0.0415663 2.61128 0.492351 0.385704 2.67666 0.341238 0.720336 2.59589 0.205151 0.029365 2.8159 0.58776 0.208395 2.9341 0.353727 0.525273 2.85885 
0.526886 -0.506995 2.94781 0.385822 -0.427636 2.79854 0.503187 -0.423595 2.65399 0.493634 -0.192201 2.54708 0.540891 -0.184983 2.74851 0.278029 -0.42915 2.91872 0.162874 -0.211944 2.97107 0.375743 -0.234216 2.967 0.272459 0.0369376 2.74427 0.345258 0.0452661 2.63853 0.464507 0.394641 2.71167 0.366858 0.764261 2.59868 0.208789 0.0275789 2.84235 0.580753 0.167271 2.98289 0.323404 0.438485 2.92529 
0.524193 -0.522294 2.969 0.388565 -0.439013 2.82814 0.507459 -0.432179 2.68392 0.502626 -0.225469 2.57649 0.552805 -0.236318 2.78465 0.279953 -0.447107 2.95715 0.145547 -0.241218 2.99955 0.371129 -0.233402 3.0401 0.273889 0.0160045 2.7712 0.344522 0.0226486 2.67405 0.45496 0.388181 2.71497 0.345097 0.732963 2.59838 0.209195 0.0129885 2.8607 0.573889 0.159851 3.04192 0.31248 0.462339 3.01989 
0.521419 -0.559645 3.01899 0.389533 -0.458604 2.8415 0.507298 -0.456831 2.7271 0.518364 -0.242653 2.60385 0.552162 -0.264371 2.83208 0.280159 -0.46265 2.97569 0.119207 -0.27564 3.01161 0.324075 -0.266403 3.0615 0.279901 0.00328273 2.79418 0.347552 0.0103239 2.68806 0.450249 0.37592 2.7157 0.333251 0.710217 2.60122 0.219402 0.00122339 2.89609 0.557474 0.168238 3.06295 0.320822 0.528449 3.06829 
0.503389 -0.611137 3.05488 0.367107 -0.5193 2.90603 0.49387 -0.517816 2.78125 0.479896 -0.305979 2.64969 0.540113 -0.326455 2.84048 0.258349 -0.515317 3.04317 0.0913799 -0.33859 3.04184 0.306045 -0.315599 3.11546 0.295081 -0.0398525 2.86878 0.357429 -0.0342541 2.77572 0.433756 0.329639 2.7368 0.378635 0.727927 2.60563 0.22784 -0.0491356 2.96974 0.452694 0.262611 3.10693 0.269732 0.600669 3.16295 
0.503711 -0.622785 3.08244 0.355236 -0.531671 2.94529 0.4725 -0.52401 2.80533 0.465447 -0.317409 2.67644 0.53048 -0.33311 2.83948 0.261144 -0.538774 3.06504 0.0776949 -0.365465 3.08262 0.269737 -0.320531 3.1508 0.282934 -0.0548527 2.89957 0.347315 -0.0487598 2.79553 0.438328 0.324882 2.77198 0.381997 0.714139 2.61177 0.220522 -0.0595871 3.01034 0.408589 0.301376 3.12499 0.252301 0.650765 3.16895 
0.494901 -0.623554 3.12568 0.347507 -0.545057 2.98325 0.442378 -0.540199 2.85509 0.436563 -0.325673 2.71712 0.530055 -0.332658 2.89571 0.249895 -0.544697 3.11658 0.0682161 -0.362639 3.14191 0.259881 -0.306149 3.23592 0.268657 -0.0607024 2.95664 0.339575 -0.056004 2.84207 0.476298 0.306693 2.84776 0.366984 0.652243 2.63718 0.209908 -0.0626703 3.05769 0.380303 0.329064 3.13004 0.240091 0.708924 3.17385 
0.491805 -0.577791 3.1504 0.347084 -0.53058 3.02153 0.429334 -0.525757 2.88111 0.408794 -0.29592 2.74977 0.534844 -0.300234 2.93207 0.253934 -0.52262 3.15363 0.078648 -0.340041 3.17389 0.288512 -0.258749 3.26019 0.258912 -0.0365895 2.97756 0.331331 -0.0383836 2.88902 0.532089 0.28763 2.91624 0.310907 0.552183 2.6908 0.190541 -0.035287 3.08247 0.329916 0.356668 3.14236 0.182178 0.743994 3.1637 
0.487679 -0.567286 3.18304 0.332551 -0.472777 3.05439 0.414011 -0.476479 2.92121 0.366982 -0.264751 2.79531 0.518139 -0.243073 2.94246 0.253413 -0.472222 3.19672 0.097426 -0.269341 3.2476 0.297282 -0.213655 3.33216 0.239085 0.00944733 3.02451 0.321981 0.00928564 2.91443 0.568771 0.246486 2.99991 0.308686 0.414682 2.80213 0.164712 0.0136371 3.12189 0.307526 0.39249 3.15539 0.178787 0.770175 3.15465 
0.475708 -0.550285 3.21883 0.331114 -0.449314 3.10894 0.410302 -0.451544 2.95932 0.342787 -0.240406 2.82632 0.492491 -0.229957 2.98223 0.255737 -0.451271 3.23849 0.111269 -0.251561 3.30031 0.315501 -0.210751 3.36681 0.233474 0.0253963 3.05882 0.304295 0.0229372 2.95715 0.576449 0.213633 3.06426 0.322486 0.342457 2.89184 0.158718 0.0319504 3.14748 0.300801 0.396198 3.16858 0.178695 0.765503 3.15968 
0.478685 -0.561563 3.25665 0.330366 -0.460614 3.13858 0.395136 -0.463408 2.98826 0.338084 -0.267516 2.85994 0.485051 -0.246909 2.99367 0.256225 -0.460935 3.28546 0.134141 -0.247307 3.36117 0.37226 -0.27246 3.40797 0.220514 0.0176731 3.07626 0.290303 0.0152582 2.98721 0.575489 0.157472 3.11843 0.329649 0.395006 2.98302 0.153598 0.0268992 3.18232 0.263681 0.387358 3.2039 0.169842 0.769069 3.16408 
0.47441 -0.594407 3.2849 0.323868 -0.496966 3.18416 0.387525 -0.500731 3.03738 0.334164 -0.324015 2.87589 0.478555 -0.300383 3.00919 0.260148 -0.494436 3.32156 0.148103 -0.297305 3.4016 0.378792 -0.324096 3.40949 0.217691 -0.0167527 3.10879 0.279479 -0.020176 3.00205 0.548741 0.168384 3.12859 0.348368 0.472167 3.06621 0.14815 -0.00871587 3.21019 0.247927 0.365862 3.1988 0.173693 0.754724 3.17454 
0.472871 -0.625778 3.31568 0.323185 -0.53302 3.20145 0.396639 -0.540927 3.05536 0.322691 -0.36282 2.90664 0.470131 -0.360514 3.0614 0.259595 -0.529853 3.35197 0.136626 -0.318551 3.42518 0.362215 -0.358371 3.42724 0.217152 -0.0589427 3.13596 0.284456 -0.0624928 3.03347 0.535147 0.18212 3.17707 0.369413 0.56936 3.1458 0.140029 -0.0555391 3.2207 0.241071 0.32135 3.22968 0.181258 0.70537 3.19695 
0.462616 -0.647742 3.32198 0.324049 -0.565076 3.21918 0.401938 -0.568508 3.06471 0.348342 -0.384003 2.92348 0.500489 -0.371339 3.07535 0.254857 -0.555019 3.36111 0.110264 -0.341634 3.42508 0.320079 -0.336913 3.46752 0.221039 -0.0878519 3.14606 0.281019 -0.0866333 3.06141 0.459399 0.225135 3.17677 0.395627 0.635651 3.15625 0.147819 -0.0847248 3.25176 0.331363 0.268206 3.27547 0.15863 0.615668 3.20152 
0.446577 -0.634722 3.35818 0.311185 -0.557635 3.2627 0.388011 -0.562212 3.12063 0.406279 -0.348053 2.9639 0.520701 -0.36757 3.14082 0.21518 -0.54857 3.39963 0.0811638 -0.321764 3.41611 0.301337 -0.305554 3.4903 0.229428 -0.0861763 3.20195 0.30223 -0.0841974 3.08324 0.395174 0.310837 3.18023 0.335603 0.712604 3.15916 0.160186 -0.0871518 3.28686 0.408013 0.236535 3.39282 0.149011 0.475262 3.21668 
0.444177 -0.624993 3.37606 0.310503 -0.526545 3.2705 0.398422 -0.535778 3.13281 0.433827 -0.318426 3.01125 0.531232 -0.34208 3.18519 0.209387 -0.515673 3.40379 0.0736512 -0.300892 3.42149 0.293576 -0.272819 3.49742 0.229633 -0.0488887 3.21069 0.301739 -0.0416483 3.12559 0.38682 0.341482 3.18731 0.229532 0.655709 3.1527 0.151578 -0.0538968 3.3045 0.439929 0.203355 3.43232 0.259862 0.498073 3.25486 
0.422926 -0.581665 3.40162 0.301478 -0.473553 3.28953 0.406904 -0.478479 3.18298 0.491574 -0.271612 3.06512 0.561568 -0.315678 3.24852 0.182036 -0.468001 3.42085 0.0535296 -0.261957 3.40195 0.240748 -0.206091 3.5095 0.222553 0.00297103 3.22672 0.298397 0.00989717 3.14181 0.372805 0.372187 3.23039 0.2503 0.6815 3.15036 0.145065 -0.00253903 3.3251 0.470898 0.151387 3.51438 0.227385 0.366785 3.31183 
0.431363 -0.568535 3.45278 0.302756 -0.443597 3.33427 0.419665 -0.436605 3.23449 0.508702 -0.247621 3.13363 0.577614 -0.302078 3.31309 0.169333 -0.444963 3.43797 0.0382383 -0.242536 3.42587 0.215046 -0.189054 3.53165 0.203935 0.0229413 3.27037 0.262335 0.0206958 3.19454 0.359634 0.386844 3.2615 0.307288 0.760317 3.14863 0.13246 0.014064 3.35067 0.459049 0.0972029 3.57549 0.245468 0.373543 3.45595 
0.404307 -0.602804 3.48715 0.279544 -0.464652 3.35471 0.410655 -0.466199 3.25207 0.498055 -0.273221 3.14597 0.507587 -0.316916 3.31633 0.155655 -0.466008 3.4728 0.0101641 -0.280189 3.43901 0.180071 -0.238731 3.54999 0.189976 -0.0077391 3.28885 0.26327 0.00397166 3.20869 0.362 0.366811 3.26182 0.28423 0.726687 3.14907 0.100557 -0.0166213 3.38236 0.436563 0.0929594 3.6115 0.27044 0.438493 3.53476 
0.402478 -0.627887 3.5258 0.266874 -0.506603 3.38672 0.394454 -0.500135 3.27035 0.45939 -0.311505 3.15856 0.467752 -0.339407 3.34264 0.147546 -0.505849 3.49961 -0.00166858 -0.316981 3.45806 0.168678 -0.259098 3.57017 0.18086 -0.0312837 3.33385 0.254579 -0.0184812 3.24052 0.326448 0.349546 3.26588 0.278828 0.705877 3.15517 0.0954177 -0.0394976 3.41886 0.402808 0.104415 3.65563 0.262694 0.473419 3.61866 
0.384282 -0.664476 3.56909 0.248636 -0.557787 3.43811 0.377861 -0.556297 3.32271 0.396195 -0.364296 3.18283 0.425372 -0.382542 3.36802 0.128941 -0.555548 3.56512 -0.0186889 -0.378396 3.56448 0.14643 -0.319247 3.64497 0.163065 -0.083821 3.4097 0.236311 -0.0720058 3.3034 0.31959 0.27388 3.32274 0.306538 0.692281 3.17445 0.089109 -0.0932761 3.49472 0.32449 0.178394 3.69946 0.21018 0.550239 3.73115 
0.35653 -0.658402 3.54171 0.232946 -0.574727 3.48731 0.31906 -0.567221 3.34522 0.345859 -0.378172 3.1915 0.454556 -0.380182 3.38115 0.128037 -0.580329 3.61217 -0.0235918 -0.385269 3.61233 0.160885 -0.315038 3.67442 0.145194 -0.102864 3.43237 0.214955 -0.097277 3.34754 0.390773 0.257202 3.3892 0.283202 0.614216 3.2163 0.0707609 -0.102315 3.53828 0.283233 0.223291 3.69986 0.147015 0.597399 3.76773 
0.36352 -0.657508 3.58452 0.226965 -0.574217 3.49909 0.305538 -0.566541 3.36092 0.28521 -0.368446 3.23196 0.439101 -0.353272 3.39501 0.140512 -0.576334 3.63357 -0.0188024 -0.368124 3.67937 0.158918 -0.30195 3.6738 0.131811 -0.0944084 3.47606 0.206356 -0.0942998 3.35715 0.437394 0.243369 3.45117 0.255075 0.549865 3.24115 0.0614189 -0.0938052 3.56531 0.22951 0.274874 3.70525 0.103649 0.656964 3.77305 
0.339891 -0.607646 3.59561 0.196698 -0.523519 3.5629 0.270955 -0.520481 3.4201 0.20724 -0.313212 3.27129 0.351582 -0.282453 3.43133 0.126827 -0.523733 3.70178 -0.0149281 -0.305499 3.77836 0.187245 -0.265439 3.68516 0.101614 -0.0374333 3.5462 0.172089 -0.0376492 3.4354 0.468935 0.184651 3.53134 0.249734 0.433234 3.3633 0.0306236 -0.0322445 3.63522 0.159484 0.342918 3.70968 0.0347134 0.749638 3.77387 
0.329394 -0.570881 3.61854 0.178321 -0.468326 3.5793 0.260834 -0.464945 3.43608 0.175379 -0.265792 3.30316 0.347882 -0.239766 3.45093 0.108044 -0.479508 3.72635 0.000223285 -0.268996 3.81193 0.23006 -0.228017 3.71951 0.0764227 0.00562882 3.57442 0.147444 0.00124891 3.48715 0.465766 0.161454 3.55382 0.24948 0.392619 3.41366 0.00515172 0.00720513 3.68038 0.145538 0.383835 3.71264 0.0215762 0.766654 3.76972 
0.305236 -0.526585 3.66476 0.165797 -0.434762 3.63592 0.226403 -0.423254 3.49222 0.128127 -0.213916 3.35842 0.284109 -0.192112 3.50552 0.107393 -0.444411 3.77922 0.0274452 -0.220648 3.86159 0.255829 -0.202499 3.73251 0.044015 0.0334546 3.62905 0.111025 0.0311479 3.51452 0.440331 0.143675 3.62884 0.239055 0.417273 3.54678 -0.0102049 0.0366361 3.70989 0.150271 0.399676 3.77726 0.00873579 0.772891 3.77397 
0.311743 -0.524799 3.70276 0.157125 -0.432947 3.64907 0.213766 -0.420294 3.50105 0.119646 -0.217892 3.37091 0.279325 -0.196651 3.51633 0.106609 -0.442545 3.80017 0.0198714 -0.217674 3.87933 0.251488 -0.18976 3.76832 0.039736 0.029628 3.63433 0.105266 0.0292908 3.53591 0.419477 0.169493 3.64261 0.222972 0.458604 3.56565 -0.0231841 0.0349516 3.72325 0.142233 0.400955 3.77882 0.00850991 0.777268 3.77429 
0.299553 -0.525079 3.68837 0.148554 -0.440025 3.67544 0.209094 -0.430234 3.52303 0.138716 -0.225879 3.3955 0.288402 -0.195083 3.53746 0.101775 -0.4455 3.82971 -0.000171792 -0.219022 3.88045 0.227359 -0.195637 3.75524 0.0346828 0.0248284 3.63925 0.100182 0.024139 3.54943 0.403468 0.189146 3.65496 0.196213 0.497146 3.60588 -0.0323683 0.0261882 3.73677 0.127236 0.391297 3.78573 0.00347589 0.776133 3.77411 
0.297873 -0.537047 3.70435 0.139347 -0.459251 3.70132 0.204742 -0.45857 3.55378 0.122773 -0.251028 3.43167 0.269759 -0.211308 3.58093 0.0809458 -0.461739 3.8443 -0.0318215 -0.249135 3.90726 0.175749 -0.194479 3.78021 0.0263643 0.00472759 3.66807 0.10205 0.00307782 3.57112 0.354425 0.251265 3.69257 0.148744 0.590559 3.633 -0.0440869 0.00926059 3.7625 0.104072 0.387407 3.78432 -0.000999245 0.765249 3.77881 
0.294016 -0.553923 3.69645 0.138599 -0.474594 3.70578 0.208751 -0.474087 3.56243 0.12855 -0.258461 3.44417 0.259901 -0.223843 3.59767 0.0722976 -0.47941 3.84475 -0.0444614 -0.258122 3.90782 0.149112 -0.213312 3.80368 0.0353338 -0.00906791 3.67784 0.10743 -0.00857662 3.5718 0.317142 0.284148 3.69853 0.121982 0.635896 3.63255 -0.0401589 -0.00343997 3.7719 0.0915792 0.380723 3.78299 0.0040414 0.759683 3.77897 
0.284231 -0.545428 3.6882 0.132921 -0.478776 3.70936 0.204411 -0.478889 3.56683 0.126433 -0.259379 3.44444 0.252067 -0.232738 3.61243 0.0590842 -0.483654 3.85738 -0.0700174 -0.261353 3.9081 0.138946 -0.225983 3.80126 0.035338 -0.0029389 3.68668 0.107094 -0.00638917 3.57631 0.240662 0.328778 3.69932 0.0998948 0.692188 3.64487 -0.0354621 -0.00118698 3.7723 0.0884799 0.364708 3.78541 -0.00075655 0.760995 3.77465 
0.279994 -0.541543 3.68792 0.128566 -0.476796 3.71367 0.199901 -0.478413 3.57091 0.135373 -0.261299 3.45974 0.265085 -0.230275 3.62241 0.0587132 -0.475368 3.86605 -0.066609 -0.236487 3.888 0.112884 -0.222114 3.84397 0.0440698 -0.000231414 3.69561 0.106214 -0.00323835 3.58045 0.207719 0.361995 3.68361 0.0410497 0.738479 3.64203 -0.0265827 -0.000438626 3.78071 0.0801079 0.379819 3.79505 0.00414448 0.759653 3.77901 
0.279764 -0.541449 3.68814 0.128518 -0.47039 3.71765 0.204155 -0.471564 3.56667 0.136918 -0.257606 3.4645 0.259826 -0.225898 3.6227 0.0546196 -0.473716 3.86604 -0.075159 -0.263467 3.91674 0.118258 -0.220578 3.82535 0.0440944 -0.00211428 3.69542 0.115203 -0.00129682 3.5848 0.191026 0.37461 3.68324 0.0287057 0.753525 3.63341 -0.0270763 -0.00220093 3.7806 0.0805984 0.37783 3.80888 0.00428838 0.757925 3.77912 
0.283317 -0.545166 3.68803 0.128682 -0.47034 3.71741 0.20486 -0.465441 3.5666 0.14174 -0.255871 3.46445 0.26003 -0.224562 3.6225 0.0541718 -0.475547 3.86586 -0.0707989 -0.264083 3.91295 0.119341 -0.224202 3.837 0.0436212 -0.00630532 3.69532 0.1148 -0.00337413 3.58472 0.2041 0.370043 3.68399 0.049731 0.742334 3.63321 -0.0311929 -0.00478383 3.78073 0.0760807 0.378767 3.79943 0.00453154 0.757468 3.77912 
0.287661 -0.541682 3.68023 0.132913 -0.476947 3.71346 0.208965 -0.474148 3.56668 0.13639 -0.260052 3.46025 0.261166 -0.224274 3.61733 0.0546103 -0.484463 3.86165 -0.0708677 -0.272903 3.91318 0.128604 -0.230746 3.83324 0.0312385 -0.00990916 3.68736 0.106289 -0.00852363 3.57622 0.232582 0.337479 3.69124 0.0759771 0.706085 3.65109 -0.0356386 -0.00876687 3.77679 0.0801717 0.368405 3.7853 -0.000571149 0.763082 3.77895 
0.287988 -0.545984 3.67228 0.133024 -0.476864 3.70941 0.204426 -0.474446 3.56253 0.123909 -0.259162 3.4503 0.249513 -0.219706 3.60719 0.0628486 -0.483588 3.85734 -0.0660908 -0.265488 3.90805 0.134237 -0.225668 3.82622 0.0303659 -0.00747228 3.6824 0.106349 -0.00638765 3.57171 0.274896 0.305361 3.69908 0.0966619 0.657026 3.65105 -0.0446802 -0.00581799 3.77192 0.0794521 0.365418 3.78449 0.00858866 0.763445 3.77456 
0.301673 -0.538099 3.66492 0.138343 -0.468318 3.70572 0.195875 -0.468068 3.56236 0.121851 -0.262251 3.4448 0.245057 -0.212744 3.59069 0.0722611 -0.474666 3.85255 -0.0571323 -0.263037 3.90702 0.150638 -0.18772 3.79497 0.0253058 -0.00823561 3.67726 0.101769 -0.00983344 3.57133 0.329089 0.265574 3.69794 0.132897 0.592718 3.65791 -0.0452074 -0.00136008 3.77139 0.0841439 0.38066 3.78486 0.00492993 0.765586 3.77519 
0.302998 -0.529989 3.66447 0.138798 -0.465973 3.70547 0.195518 -0.463165 3.55383 0.112087 -0.259003 3.43631 0.238058 -0.200226 3.56959 0.0891362 -0.468833 3.84429 -0.0519281 -0.251975 3.90724 0.166236 -0.178504 3.8047 0.025946 -0.00388994 3.655 0.0974818 -0.0072964 3.56655 0.345904 0.205753 3.7023 0.142026 0.528468 3.64485 -0.0491718 0.00167644 3.76153 0.110936 0.377097 3.77744 0.0115898 0.765468 3.77833 
0.320044 -0.521093 3.60995 0.164803 -0.440568 3.67565 0.196117 -0.433885 3.51892 0.104471 -0.218039 3.40495 0.243903 -0.156313 3.53548 0.125652 -0.45003 3.83613 -0.007125 -0.225089 3.87636 0.222447 -0.169718 3.75843 0.0126322 0.0122239 3.63925 0.0746654 0.00447196 3.54595 0.38825 0.0994784 3.67924 0.192362 0.403963 3.5893 -0.0480168 0.0229979 3.7274 0.133216 0.3963 3.77309 0.0129453 0.769309 3.77398 
0.325225 -0.509511 3.59454 0.169559 -0.411048 3.6624 0.199163 -0.407435 3.5086 0.115523 -0.203945 3.39239 0.255415 -0.139254 3.51365 0.132424 -0.420068 3.8137 0.0140118 -0.195538 3.86629 0.223351 -0.128055 3.75138 0.0174875 0.0303961 3.63035 0.071258 0.0228714 3.52818 0.405553 0.0773763 3.63066 0.244248 0.364037 3.5322 -0.0400551 0.0408067 3.71825 0.158663 0.41232 3.77313 0.0130025 0.771533 3.76975 
0.329235 -0.505924 3.58645 0.173917 -0.399326 3.63569 0.195595 -0.392488 3.49175 0.113988 -0.190849 3.36425 0.265175 -0.135685 3.5062 0.149321 -0.405165 3.78281 0.0245838 -0.193589 3.85231 0.234406 -0.130173 3.73876 0.0167405 0.0439377 3.62132 0.0796178 0.0308078 3.50165 0.4178 0.0859472 3.57621 0.2613 0.365361 3.46309 -0.0319403 0.0602512 3.71043 0.163071 0.415991 3.77292 0.0172829 0.772423 3.7697 
0.33507 -0.527873 3.53948 0.179273 -0.422107 3.59737 0.204556 -0.412853 3.43565 0.141344 -0.216313 3.33056 0.299402 -0.185829 3.45845 0.16184 -0.433141 3.75753 0.0355551 -0.214554 3.83657 0.244417 -0.148229 3.71643 0.0363334 0.0205766 3.57769 0.0950692 0.0089548 3.48831 0.446001 0.130193 3.49325 0.297155 0.408921 3.36861 -0.00920786 0.0292067 3.69685 0.161128 0.396583 3.76072 0.0215652 0.769537 3.77383 
0.343656 -0.559078 3.51686 0.205637 -0.463393 3.57114 0.213648 -0.456929 3.42778 0.126042 -0.256705 3.29574 0.296196 -0.205575 3.42994 0.171456 -0.46922 3.72217 0.0679606 -0.263264 3.8066 0.282716 -0.207245 3.67484 0.0626042 -0.00290818 3.56376 0.115472 -0.00980331 3.45968 0.446087 0.176103 3.47965 0.293904 0.473559 3.30975 0.00463525 0.00221448 3.65578 0.13208 0.388587 3.71736 0.0173081 0.765712 3.77399 
0.346142 -0.589798 3.48569 0.210987 -0.495857 3.55831 0.227531 -0.48743 3.39384 0.130617 -0.300337 3.27065 0.294184 -0.261145 3.38291 0.171042 -0.506117 3.70585 0.0665572 -0.311387 3.78061 0.292506 -0.260789 3.67245 0.07502 -0.0252329 3.5455 0.139152 -0.0249125 3.42702 0.442991 0.21028 3.4514 0.266694 0.54123 3.25797 0.0220042 -0.0225869 3.63543 0.116343 0.361224 3.70122 0.0299393 0.755291 3.77384 
0.356155 -0.609291 3.43997 0.212032 -0.538839 3.49032 0.255499 -0.534695 3.33481 0.146784 -0.348419 3.19323 0.31308 -0.292176 3.31993 0.174369 -0.553196 3.63298 0.0451371 -0.339093 3.71097 0.263412 -0.266904 3.64604 0.121588 -0.0661648 3.48466 0.175149 -0.0634987 3.36106 0.380108 0.289744 3.35618 0.248707 0.662 3.21781 0.065397 -0.0660837 3.57339 0.139353 0.310447 3.68419 0.039041 0.702525 3.75555 
0.366338 -0.609511 3.42517 0.221294 -0.541351 3.44679 0.277562 -0.534366 3.29563 0.190177 -0.333857 3.16734 0.362841 -0.284149 3.29635 0.171157 -0.547255 3.59353 0.0412074 -0.336832 3.68508 0.262069 -0.259402 3.63215 0.153799 -0.0756113 3.42777 0.215283 -0.0679485 3.34277 0.314288 0.316484 3.3167 0.207784 0.70329 3.18277 0.104939 -0.0788664 3.55093 0.249937 0.29137 3.66984 0.0312806 0.604462 3.70221 
0.384089 -0.602069 3.41115 0.226099 -0.512907 3.4253 0.288234 -0.506475 3.2701 0.213413 -0.300652 3.13374 0.381117 -0.259636 3.26332 0.171555 -0.523123 3.56812 0.0378464 -0.307707 3.63746 0.253781 -0.223238 3.60757 0.158456 -0.0493149 3.41313 0.21479 -0.0419899 3.28917 0.271181 0.349372 3.28995 0.181494 0.740816 3.16816 0.115234 -0.0527377 3.50257 0.307836 0.287002 3.67402 0.0370744 0.523587 3.65292 
0.411864 -0.568723 3.36004 0.250377 -0.467668 3.36309 0.319671 -0.464367 3.21669 0.279948 -0.249046 3.07176 0.426296 -0.195848 3.22032 0.182176 -0.468116 3.50693 0.0389542 -0.271679 3.56305 0.251818 -0.190358 3.6211 0.156094 0.0013355 3.35148 0.215743 0.012287 3.25332 0.276159 0.381404 3.24849 0.163051 0.772961 3.15365 0.100457 -0.0102927 3.44945 0.411627 0.224977 3.6187 0.0781302 0.421245 3.5457 
0.427693 -0.543584 3.34661 0.273964 -0.447911 3.34697 0.361807 -0.434175 3.19094 0.315789 -0.218337 3.04883 0.47456 -0.184632 3.21146 0.189977 -0.454746 3.48941 0.0489039 -0.261238 3.51182 0.265396 -0.179429 3.58632 0.156936 0.0221684 3.33736 0.218385 0.0352726 3.22163 0.297525 0.393209 3.23948 0.166901 0.774867 3.15807 0.0971399 0.00714493 3.42707 0.446609 0.18295 3.5852 0.151838 0.380739 3.49111 
0.437503 -0.545179 3.31739 0.27866 -0.442896 3.32551 0.372965 -0.428799 3.1822 0.345952 -0.214284 3.04015 0.511607 -0.187936 3.20204 0.204378 -0.456352 3.46354 0.0575572 -0.263442 3.49742 0.253787 -0.169535 3.57023 0.157509 0.0162209 3.29805 0.217868 0.0270462 3.20853 0.292502 0.39158 3.2351 0.163294 0.776246 3.15828 0.0976392 0.00400423 3.41382 0.46332 0.164941 3.53992 0.214118 0.398968 3.42776 
0.459658 -0.557037 3.29784 0.310328 -0.466422 3.30279 0.393018 -0.45642 3.15887 0.360682 -0.235421 3.02254 0.527296 -0.201493 3.19421 0.218593 -0.469938 3.43328 0.0662282 -0.289468 3.47937 0.267612 -0.180246 3.53587 0.177798 0.00339793 3.28021 0.235653 0.0111942 3.1832 0.277177 0.385434 3.2221 0.167046 0.774019 3.15374 0.126987 -0.00517227 3.37828 0.494137 0.163319 3.49936 0.306735 0.479478 3.34378 
0.498949 -0.602008 3.29712 0.319152 -0.50828 3.27817 0.406996 -0.499321 3.12373 0.349981 -0.2913 3.00439 0.49179 -0.257168 3.15289 0.245293 -0.529366 3.42528 0.0920655 -0.340748 3.44669 0.289841 -0.23622 3.51251 0.212428 -0.0511975 3.28104 0.253982 -0.0405002 3.17104 0.323566 0.326291 3.19696 0.190952 0.718633 3.15529 0.149455 -0.0631374 3.37006 0.471071 0.211942 3.4132 0.382911 0.580804 3.29572 
0.515852 -0.62069 3.25575 0.339065 -0.542893 3.25833 0.409732 -0.526443 3.11528 0.346213 -0.323496 2.98236 0.482392 -0.277197 3.12588 0.271685 -0.552719 3.40488 0.108922 -0.36752 3.43333 0.297986 -0.247552 3.49719 0.222893 -0.072947 3.25211 0.278716 -0.0655486 3.15341 0.419244 0.292659 3.18493 0.31416 0.688106 3.15471 0.162809 -0.0773878 3.35682 0.445666 0.262751 3.36681 0.306859 0.636716 3.30193 
0.516187 -0.61624 3.24802 0.342848 -0.536764 3.25764 0.40118 -0.529356 3.11113 0.308122 -0.327395 2.97617 0.473147 -0.271245 3.11963 0.29363 -0.54344 3.40036 0.126287 -0.343404 3.44096 0.334062 -0.233445 3.48407 0.23901 -0.0736481 3.2379 0.291602 -0.0657825 3.13187 0.460479 0.279511 3.16752 0.307027 0.642659 3.14726 0.19189 -0.0751756 3.34404 0.446256 0.295723 3.31772 0.296836 0.645283 3.30639 
0.52169 -0.581113 3.20328 0.360708 -0.487007 3.23969 0.386415 -0.481315 3.06763 0.293112 -0.273076 2.9586 0.460694 -0.218298 3.06638 0.315221 -0.4881 3.39078 0.177362 -0.276262 3.46195 0.372685 -0.176375 3.40315 0.254927 -0.00738309 3.20171 0.289783 -0.00964091 3.10004 0.508122 0.294886 3.12819 0.314781 0.577525 3.1192 0.224241 -0.00366627 3.31625 0.493359 0.342655 3.29852 0.30505 0.661706 3.29595 
0.522538 -0.559598 3.19494 0.368558 -0.451476 3.2046 0.386511 -0.445788 3.05312 0.288366 -0.239732 2.95249 0.456406 -0.176284 3.06001 0.339155 -0.456814 3.36847 0.234412 -0.233165 3.44854 0.454315 -0.168636 3.38886 0.274021 0.0237033 3.18755 0.322373 0.0193975 3.09519 0.645185 0.181718 3.09375 0.331751 0.373821 3.11065 0.237312 0.0273411 3.29675 0.413929 0.393198 3.28173 0.284691 0.781831 3.29412 
0.526531 -0.555164 3.188 0.364366 -0.434095 3.19536 0.371792 -0.429365 3.04372 0.292156 -0.221193 2.93928 0.465305 -0.179772 3.03612 0.369397 -0.435686 3.33867 0.291825 -0.206275 3.44045 0.492694 -0.164631 3.34555 0.272873 0.0399749 3.16953 0.30252 0.0321294 3.06718 0.675524 0.146879 3.05405 0.40238 0.348416 3.08912 0.243816 0.0494472 3.26258 0.429524 0.408051 3.26873 0.299812 0.777845 3.29426 
0.527356 -0.578855 3.12906 0.405898 -0.461185 3.16306 0.400459 -0.46273 3.01111 0.284064 -0.261858 2.882 0.4823 -0.200315 2.99446 0.403017 -0.463849 3.31824 0.353346 -0.239688 3.40716 0.554297 -0.221112 3.2835 0.298261 0.00289813 3.12714 0.32408 -0.00298165 3.02988 0.687542 0.0956531 2.99518 0.527792 0.390652 2.98449 0.25467 0.0124192 3.24156 0.426351 0.378835 3.24002 0.283716 0.779415 3.29369 
0.542943 -0.618553 3.11107 0.409167 -0.50264 3.12902 0.39462 -0.498579 2.97721 0.280693 -0.308485 2.84337 0.504818 -0.257067 2.98713 0.418965 -0.502316 3.28035 0.363284 -0.285838 3.39432 0.558351 -0.260664 3.25403 0.307287 -0.0274538 3.10549 0.323664 -0.0421236 3.00076 0.697661 0.112361 2.95605 0.574148 0.441626 2.89792 0.265653 -0.0150471 3.20253 0.410347 0.360884 3.2324 0.306076 0.751455 3.29465 
0.554827 -0.641797 3.07776 0.410375 -0.551146 3.10569 0.40355 -0.54857 2.95017 0.290636 -0.357605 2.81293 0.503737 -0.311127 2.93292 0.412851 -0.553985 3.26061 0.350407 -0.325356 3.35075 0.558586 -0.320383 3.2375 0.316492 -0.067334 3.08208 0.35107 -0.0735251 2.98462 0.697437 0.119718 2.92242 0.599276 0.485896 2.83932 0.271808 -0.0627551 3.18187 0.391044 0.316144 3.22026 0.319409 0.724903 3.29087 
0.568113 -0.700663 3.03108 0.422077 -0.600091 3.03849 0.447616 -0.59792 2.88425 0.334835 -0.413392 2.73702 0.537453 -0.361541 2.88327 0.406037 -0.601948 3.19703 0.34043 -0.38087 3.27067 0.524877 -0.327696 3.17693 0.328708 -0.127504 3.02241 0.372195 -0.129427 2.92547 0.635934 0.175624 2.88639 0.590041 0.565549 2.73236 0.280894 -0.126975 3.11802 0.476156 0.230573 3.1963 0.342313 0.615875 3.23447 
0.583868 -0.693402 3.02717 0.423234 -0.604297 3.02217 0.474406 -0.602624 2.87608 0.3841 -0.410153 2.71002 0.562714 -0.36046 2.84352 0.40653 -0.611706 3.16859 0.314996 -0.371878 3.2481 0.505387 -0.31725 3.16952 0.350969 -0.139652 2.98676 0.396732 -0.134674 2.87766 0.563826 0.22702 2.84811 0.551819 0.639954 2.70104 0.312098 -0.142231 3.10466 0.56925 0.192874 3.19959 0.360836 0.515862 3.19703 
0.589799 -0.666776 3.00586 0.435926 -0.584388 2.99458 0.500552 -0.587202 2.83875 0.443422 -0.374429 2.68865 0.625414 -0.342642 2.81784 0.38377 -0.582107 3.13169 0.289785 -0.337552 3.19666 0.507756 -0.288691 3.14925 0.357938 -0.112313 2.95532 0.410444 -0.105806 2.85478 0.522318 0.296283 2.81615 0.472692 0.705474 2.67509 0.322214 -0.114891 3.0521 0.646182 0.139677 3.19192 0.399513 0.41997 3.15005 
0.597811 -0.604195 2.96877 0.453062 -0.511584 2.94229 0.526835 -0.522599 2.78713 0.51917 -0.312596 2.63335 0.664285 -0.268918 2.78984 0.371667 -0.501223 3.08214 0.262582 -0.274894 3.10925 0.432956 -0.169068 3.15488 0.372951 -0.0357406 2.88496 0.427587 -0.0289517 2.77652 0.49524 0.363962 2.7578 0.440732 0.773597 2.65726 0.320798 -0.039441 2.97362 0.683388 0.0678304 3.14388 0.483337 0.353357 3.06233 
0.616596 -0.575968 2.94377 0.460548 -0.485744 2.90223 0.545235 -0.495921 2.76821 0.530101 -0.28921 2.60842 0.666507 -0.251822 2.77716 0.376728 -0.484553 3.05484 0.264151 -0.242935 3.064 0.483671 -0.146375 3.13793 0.381015 -0.00344066 2.84971 0.432135 0.000579065 2.74392 0.530117 0.371842 2.74596 0.443501 0.774846 2.65632 0.319672 -0.010019 2.95901 0.691287 0.0560817 3.11161 0.509145 0.348717 3.01382 
0.630134 -0.56217 2.91835 0.477201 -0.461755 2.87532 0.564447 -0.464156 2.71532 0.535725 -0.267705 2.58972 0.677556 -0.230816 2.74106 0.394183 -0.45519 3.01683 0.263554 -0.23165 3.01469 0.486981 -0.112192 3.07631 0.381101 0.00630341 2.79602 0.426444 0.0111904 2.70783 0.539871 0.388292 2.74149 0.440759 0.779089 2.65212 0.325241 0.00297336 2.89665 0.708026 0.0630234 3.04286 0.535193 0.372603 2.92539 
0.640994 -0.561747 2.91292 0.484635 -0.472301 2.84723 0.567754 -0.476475 2.69972 0.519505 -0.279877 2.54575 0.636139 -0.224665 2.72178 0.402339 -0.470575 2.98993 0.252007 -0.255221 2.98972 0.418693 -0.113445 3.01714 0.368603 -0.00955015 2.77899 0.424872 -0.00198718 2.66541 0.528491 0.368296 2.70739 0.438871 0.769003 2.64742 0.321717 -0.0133037 2.88807 0.717989 0.112517 2.98439 0.54306 0.421579 2.87506 
0.652547 -0.578649 2.9009 0.48862 -0.489889 2.82619 0.568494 -0.494362 2.68071 0.50969 -0.291493 2.53309 0.616383 -0.22685 2.70182 0.407988 -0.488687 2.97428 0.252081 -0.271138 2.98198 0.472317 -0.151798 3.01154 0.378289 -0.0277446 2.77133 0.426738 -0.0226754 2.65785 0.520035 0.363541 2.68397 0.44224 0.770171 2.64732 0.327664 -0.032553 2.87279 0.697854 0.131083 2.95037 0.534787 0.454388 2.84638 
0.659884 -0.579714 2.89058 0.499158 -0.501188 2.81683 0.574023 -0.502945 2.66293 0.503276 -0.298742 2.5275 0.617055 -0.241887 2.68118 0.412681 -0.500427 2.96254 0.251158 -0.284059 2.97786 0.462533 -0.165606 3.00794 0.378463 -0.0355492 2.77223 0.43483 -0.028756 2.65789 0.491146 0.360904 2.6684 0.412306 0.776874 2.63743 0.327802 -0.0364814 2.8653 0.684247 0.168957 2.9354 0.528301 0.503876 2.81546 
0.674825 -0.587483 2.87666 0.499923 -0.506214 2.79317 0.565409 -0.514185 2.64491 0.496307 -0.311328 2.51464 0.612874 -0.252305 2.66414 0.419691 -0.51093 2.94995 0.263659 -0.308964 2.9789 0.477506 -0.184424 2.979 0.379444 -0.0427304 2.75254 0.431878 -0.0381743 2.64586 0.510403 0.357643 2.66989 0.4396 0.755753 2.64366 0.331128 -0.043843 2.85721 0.661187 0.244921 2.8817 0.482693 0.604973 2.79833 
0.679719 -0.595468 2.87742 0.499812 -0.508414 2.78115 0.559763 -0.514696 2.63728 0.480845 -0.307244 2.49971 0.611198 -0.252315 2.65901 0.428418 -0.510747 2.94601 0.267117 -0.299979 2.97889 0.472574 -0.180536 2.95691 0.393233 -0.0363108 2.74738 0.436542 -0.0353341 2.64168 0.513352 0.358692 2.66146 0.434638 0.757985 2.64374 0.340288 -0.0362658 2.85701 0.626766 0.284385 2.85796 0.462548 0.670736 2.79025 
0.675876 -0.586516 2.86904 0.499811 -0.508351 2.78069 0.551759 -0.514043 2.62557 0.464279 -0.305326 2.48968 0.604914 -0.250799 2.64891 0.42879 -0.510642 2.93028 0.270433 -0.291488 2.97817 0.47781 -0.181476 2.93882 0.410569 -0.0369281 2.74366 0.445168 -0.03501 2.63784 0.504912 0.362609 2.6611 0.438199 0.756388 2.64402 0.346552 -0.0344885 2.85705 0.599518 0.317653 2.82164 0.444844 0.701052 2.77846 
0.680813 -0.580191 2.86222 0.49332 -0.501928 2.77154 0.5481 -0.503279 2.61623 0.462222 -0.285813 2.48938 0.610373 -0.239341 2.64979 0.428615 -0.501937 2.91646 0.289884 -0.273709 2.97303 0.496135 -0.172184 2.91895 0.409481 -0.00986416 2.73705 0.447043 -0.0139527 2.63243 0.52028 0.36732 2.64386 0.437242 0.763701 2.63871 0.35846 -0.0105167 2.85526 0.506557 0.367514 2.81206 0.412711 0.747616 2.75618 
0.679754 -0.580455 2.87048 0.498433 -0.501901 2.77157 0.542526 -0.503023 2.61587 0.46199 -0.28302 2.48939 0.609516 -0.239165 2.64532 0.433939 -0.505677 2.913 0.290208 -0.273779 2.97314 0.506428 -0.170465 2.91574 0.40916 -0.0119183 2.73683 0.446826 -0.0159784 2.62838 0.515125 0.366831 2.63077 0.43724 0.758108 2.63381 0.358183 -0.0110425 2.85123 0.49457 0.372167 2.80667 0.404224 0.746165 2.75619 
0.68328 -0.576142 2.87201 0.498108 -0.502488 2.776 0.53716 -0.503432 2.61578 0.457326 -0.284103 2.49735 0.615578 -0.243652 2.64633 0.436935 -0.504023 2.91777 0.298254 -0.273412 2.97304 0.49566 -0.170566 2.9101 0.409071 -0.0171812 2.73694 0.444289 -0.0205882 2.62849 0.512263 0.373103 2.63036 0.432195 0.75504 2.6339 0.355095 -0.0108596 2.85124 0.48631 0.375515 2.80646 0.40401 0.747649 2.75595 
0.677249 -0.568222 2.871 0.498522 -0.502299 2.77616 0.542461 -0.503077 2.61591 0.459259 -0.284265 2.49775 0.617666 -0.245331 2.65106 0.43396 -0.502116 2.92171 0.298251 -0.268961 2.97289 0.485638 -0.166916 2.90841 0.403455 -0.0202342 2.73715 0.443813 -0.0266269 2.62883 0.489881 0.36486 2.62936 0.437165 0.754488 2.634 0.346668 -0.0197972 2.84708 0.503454 0.363391 2.81199 0.413527 0.743146 2.75642 
0.681079 -0.572066 2.88818 0.498579 -0.499688 2.78035 0.542339 -0.50037 2.63107 0.456828 -0.283481 2.49813 0.614601 -0.245241 2.65519 0.428119 -0.500596 2.94204 0.285228 -0.265012 2.98145 0.494379 -0.156721 2.91233 0.38999 -0.0173217 2.74688 0.4381 -0.0200914 2.63682 0.509811 0.358869 2.65609 0.436929 0.756876 2.6389 0.344546 -0.0166446 2.85571 0.531938 0.355356 2.81356 0.436817 0.720303 2.77162 
0.668826 -0.562149 2.8927 0.493236 -0.496211 2.78391 0.542104 -0.493679 2.63471 0.458458 -0.273064 2.50183 0.603121 -0.231851 2.66178 0.425351 -0.49456 2.94221 0.282372 -0.259727 2.98182 0.488795 -0.15306 2.92936 0.381907 -0.0133756 2.75056 0.430085 -0.0156493 2.64441 0.526033 0.364898 2.66459 0.434307 0.756341 2.6391 0.343494 -0.0135209 2.85572 0.61444 0.318114 2.82176 0.451406 0.699751 2.78779 
0.664881 -0.548586 2.90847 0.491179 -0.477841 2.78785 0.545277 -0.472212 2.63828 0.487246 -0.25381 2.51544 0.608517 -0.209332 2.66598 0.415293 -0.480341 2.945 0.266741 -0.241929 2.98503 0.442445 -0.104998 2.93371 0.36782 -0.000806157 2.75426 0.417764 0.00158266 2.64755 0.536102 0.364968 2.67005 0.438956 0.744779 2.64833 0.330533 -0.00148275 2.8556 0.648641 0.282023 2.86335 0.470932 0.623932 2.80651 
0.652687 -0.520457 2.94533 0.489029 -0.436215 2.80566 0.571091 -0.42943 2.65389 0.518486 -0.208658 2.52893 0.642849 -0.167306 2.67759 0.400891 -0.434076 2.9471 0.258537 -0.212089 2.98871 0.430978 -0.0736397 2.96928 0.356216 0.0233605 2.76932 0.414692 0.0282053 2.65525 0.545122 0.375249 2.70923 0.440899 0.770734 2.6479 0.30548 0.0220673 2.86279 0.691595 0.176247 2.92805 0.504508 0.483448 2.83524 
0.632748 -0.500845 2.963 0.485536 -0.412531 2.81329 0.578497 -0.406295 2.67666 0.538662 -0.18609 2.52968 0.672537 -0.151927 2.71541 0.393534 -0.424242 2.95891 0.251199 -0.190656 2.99197 0.427928 -0.0610066 2.99814 0.352684 0.0433178 2.77233 0.410577 0.0492894 2.66677 0.55721 0.381331 2.71358 0.440695 0.776762 2.65216 0.306646 0.0417959 2.87397 0.714579 0.122781 2.95135 0.523898 0.420434 2.87826 
0.627839 -0.498509 2.98433 0.490458 -0.404822 2.83599 0.593632 -0.393132 2.70452 0.562133 -0.179354 2.54982 0.692252 -0.135321 2.72667 0.381402 -0.409421 2.97452 0.252241 -0.171174 2.99185 0.425301 -0.0386789 3.02394 0.354819 0.0588599 2.78097 0.416044 0.0690019 2.68268 0.570934 0.393608 2.72997 0.440834 0.779254 2.65203 0.29928 0.0543022 2.88593 0.716623 0.10623 2.9975 0.528034 0.388717 2.92401 
0.60051 -0.50226 2.99962 0.475876 -0.406673 2.86873 0.59144 -0.401005 2.73622 0.581469 -0.203453 2.57053 0.675821 -0.149342 2.74378 0.357219 -0.411803 2.98354 0.239406 -0.183968 3.01365 0.395234 -0.0696843 3.13306 0.36645 0.0494199 2.81938 0.428712 0.0512964 2.7152 0.666327 0.304678 2.75067 0.510605 0.698664 2.6559 0.298133 0.0388119 2.90912 0.614475 0.0597444 3.07211 0.463216 0.459013 3.03558 
0.594797 -0.535791 3.03691 0.461456 -0.424887 2.88189 0.585413 -0.420592 2.77022 0.583068 -0.250476 2.59688 0.652325 -0.16826 2.75112 0.348579 -0.426642 3.00989 0.222078 -0.214441 3.04556 0.364359 -0.0890858 3.17087 0.349102 0.0268541 2.82959 0.416078 0.0377268 2.7329 0.55869 0.385271 2.75589 0.443859 0.7769 2.65632 0.284876 0.0139517 2.93982 0.676334 0.016821 3.1174 0.5448 0.36453 3.10938 
0.598291 -0.564742 3.04549 0.461129 -0.458077 2.91003 0.582065 -0.45303 2.78418 0.571336 -0.290183 2.60643 0.651573 -0.21151 2.78269 0.347421 -0.469075 3.04523 0.198848 -0.252991 3.0727 0.337325 -0.144751 3.19743 0.350575 -0.000161366 2.85712 0.420806 0.00580832 2.75995 0.629039 0.311652 2.7928 0.502076 0.70575 2.65998 0.279779 -0.00238127 2.9537 0.571469 0.10411 3.14628 0.446967 0.467667 3.16607 
0.597749 -0.613794 3.0722 0.429927 -0.512951 2.94581 0.53991 -0.509527 2.80766 0.512495 -0.343316 2.62265 0.597339 -0.258161 2.79099 0.324085 -0.518076 3.06034 0.186794 -0.315622 3.08764 0.33761 -0.206428 3.23033 0.344964 -0.0503738 2.89454 0.414639 -0.0429806 2.79448 0.51309 0.326737 2.80484 0.463583 0.728925 2.6593 0.275821 -0.0601306 2.98725 0.619478 0.116175 3.19405 0.434395 0.477031 3.21596 
0.589234 -0.64831 3.11533 0.418257 -0.553595 3.00184 0.514249 -0.550171 2.85973 0.469879 -0.372019 2.68601 0.5908 -0.292055 2.84262 0.320579 -0.564072 3.12623 0.185342 -0.355448 3.15822 0.334529 -0.242498 3.29319 0.340463 -0.091227 2.96204 0.405067 -0.0872411 2.85806 0.541406 0.267765 2.8743 0.449993 0.662984 2.71198 0.282173 -0.0930628 3.0631 0.54976 0.208335 3.21712 0.409619 0.573435 3.28975 
0.578586 -0.645006 3.14815 0.413761 -0.567522 3.02452 0.506502 -0.557867 2.88377 0.432221 -0.36128 2.71059 0.555238 -0.297418 2.87486 0.320562 -0.568915 3.15987 0.184745 -0.350595 3.2153 0.371594 -0.253611 3.3321 0.328738 -0.0960301 2.98395 0.393943 -0.0953771 2.89189 0.589053 0.246326 2.90455 0.433603 0.601217 2.74094 0.271351 -0.0976465 3.10193 0.517218 0.254004 3.21122 0.367932 0.643224 3.29657 
0.55962 -0.611122 3.16338 0.408563 -0.547154 3.05608 0.468546 -0.529834 2.9138 0.393919 -0.340636 2.7643 0.548959 -0.27127 2.92933 0.324638 -0.55603 3.2068 0.191983 -0.327021 3.28267 0.393817 -0.237661 3.38759 0.321456 -0.0745743 3.04025 0.387909 -0.0736079 2.93764 0.613091 0.225886 2.96709 0.39845 0.47364 2.82387 0.256439 -0.0699562 3.14488 0.457635 0.301444 3.22902 0.311596 0.706814 3.29134 
0.540223 -0.553024 3.1986 0.377148 -0.467518 3.11799 0.421001 -0.465612 2.97952 0.341131 -0.250062 2.83681 0.50126 -0.189574 2.97574 0.323368 -0.476248 3.26942 0.228887 -0.246574 3.35202 0.437941 -0.184784 3.45836 0.295451 0.00922194 3.10353 0.354474 0.00494717 2.99281 0.669757 0.161927 3.03383 0.376361 0.336448 2.94957 0.225513 0.0116857 3.20482 0.382575 0.387751 3.23154 0.243686 0.763547 3.25369 
0.535937 -0.543551 3.22744 0.38029 -0.453272 3.14309 0.415888 -0.444687 2.99227 0.352263 -0.23102 2.87373 0.487605 -0.17751 2.99706 0.323193 -0.459415 3.29375 0.244001 -0.23209 3.36121 0.462635 -0.181481 3.45055 0.276213 0.0213815 3.1166 0.332228 0.014337 3.02388 0.652302 0.159124 3.06201 0.371621 0.339709 3.0034 0.216645 0.0293685 3.2177 0.378726 0.37993 3.24037 0.248701 0.762348 3.25393 
0.528079 -0.53176 3.24814 0.377067 -0.433704 3.18649 0.417963 -0.429916 3.03205 0.352599 -0.227232 2.89946 0.477092 -0.17347 3.03088 0.323031 -0.441018 3.32987 0.24116 -0.215604 3.40116 0.463511 -0.178681 3.45915 0.266607 0.0220806 3.14717 0.322916 0.0148817 3.03756 0.643522 0.151256 3.10547 0.369477 0.384009 3.07127 0.210533 0.0360983 3.24008 0.380272 0.384224 3.26425 0.240066 0.763853 3.2625 
0.519385 -0.544961 3.2919 0.373229 -0.456771 3.22255 0.413012 -0.465342 3.072 0.331617 -0.277235 2.93097 0.463621 -0.199347 3.06377 0.322478 -0.459065 3.37311 0.237677 -0.233016 3.44739 0.451284 -0.17178 3.48537 0.248877 0.0093484 3.17469 0.313839 0.00693431 3.0678 0.605379 0.197577 3.14155 0.353313 0.487217 3.1262 0.191888 0.0175537 3.27598 0.323397 0.385514 3.29361 0.235368 0.771674 3.27565 
0.519868 -0.556922 3.30733 0.377313 -0.478683 3.24825 0.413607 -0.483191 3.0901 0.320609 -0.298777 2.93619 0.467106 -0.231101 3.07368 0.318673 -0.472632 3.39101 0.220976 -0.249558 3.44389 0.44086 -0.178021 3.51121 0.237174 0.00290637 3.17927 0.306488 0.00148174 3.08065 0.574897 0.223491 3.14917 0.347318 0.516093 3.13868 0.176392 0.0060486 3.28064 0.319076 0.386996 3.30228 0.234758 0.770004 3.27144 
0.527502 -0.5853 3.33079 0.369337 -0.492182 3.25729 0.413796 -0.4956 3.09884 0.307378 -0.328651 2.94177 0.468777 -0.243136 3.07862 0.310773 -0.488514 3.40339 0.200099 -0.265595 3.44728 0.419055 -0.187885 3.52141 0.241755 -0.0120034 3.19259 0.307049 -0.0140212 3.09053 0.548365 0.247391 3.15672 0.324493 0.565196 3.15024 0.172765 -0.0107474 3.28533 0.31058 0.370082 3.30164 0.234868 0.763365 3.28515 
0.517955 -0.606207 3.3698 0.351241 -0.530424 3.26649 0.413278 -0.533781 3.1202 0.329957 -0.368979 2.95709 0.468923 -0.286923 3.09785 0.285481 -0.521002 3.4251 0.165559 -0.303942 3.45277 0.384259 -0.208012 3.5273 0.24246 -0.0507179 3.21098 0.311358 -0.0502265 3.10579 0.461197 0.303212 3.17055 0.316296 0.681982 3.15161 0.171057 -0.0478611 3.30846 0.354243 0.313759 3.3169 0.248157 0.714492 3.29646 
0.499068 -0.601583 3.36476 0.350803 -0.535068 3.27498 0.417922 -0.533803 3.125 0.338187 -0.353588 2.9779 0.478104 -0.277551 3.12002 0.275525 -0.528897 3.42933 0.144553 -0.310744 3.44857 0.368511 -0.209775 3.53115 0.238835 -0.0588004 3.21528 0.301213 -0.0606321 3.11044 0.413798 0.312437 3.17065 0.301832 0.702081 3.14625 0.179473 -0.0574481 3.32209 0.382258 0.305225 3.36288 0.256177 0.669797 3.30137 
0.488139 -0.585644 3.36319 0.339012 -0.513023 3.28777 0.423281 -0.516571 3.13798 0.348245 -0.328659 2.996 0.488541 -0.249656 3.14778 0.253676 -0.507999 3.42919 0.121829 -0.30272 3.44 0.333928 -0.19411 3.52706 0.227965 -0.0519512 3.21933 0.289115 -0.0477933 3.12249 0.405462 0.316199 3.17459 0.279047 0.705864 3.14585 0.162398 -0.0507042 3.33046 0.420105 0.28395 3.38498 0.271469 0.62138 3.29866 
0.467029 -0.549388 3.36747 0.323191 -0.473427 3.29926 0.427809 -0.480913 3.15873 0.398566 -0.272231 3.0086 0.526892 -0.207918 3.15613 0.241463 -0.465973 3.42878 0.101325 -0.260684 3.43249 0.296925 -0.14261 3.52309 0.200417 -0.0109559 3.23606 0.258361 -0.00892631 3.13861 0.373515 0.367547 3.17796 0.249128 0.76644 3.14835 0.141548 -0.0142208 3.34653 0.493501 0.203074 3.43502 0.302563 0.508381 3.30029 
0.466636 -0.523767 3.41251 0.319221 -0.424405 3.32059 0.438024 -0.421276 3.18638 0.419501 -0.231269 3.02133 0.535427 -0.171293 3.19579 0.225421 -0.427631 3.44131 0.0893793 -0.22623 3.43133 0.260853 -0.102503 3.53528 0.191615 0.0239526 3.26199 0.247186 0.0340788 3.15545 0.372813 0.396995 3.23001 0.25056 0.773778 3.15317 0.133878 0.0214375 3.34725 0.492999 0.130567 3.48008 0.319892 0.431865 3.32452 
0.474297 -0.539895 3.45321 0.31854 -0.422367 3.34142 0.440925 -0.417813 3.20665 0.42762 -0.232039 3.05956 0.532449 -0.176145 3.22644 0.220312 -0.418829 3.46652 0.0720746 -0.215959 3.44486 0.242767 -0.102769 3.56544 0.165919 0.0347837 3.27524 0.230591 0.0434997 3.18531 0.373152 0.395179 3.23517 0.250863 0.776921 3.14891 0.102223 0.0237863 3.36473 0.483829 0.101791 3.53054 0.337822 0.398297 3.40373 
0.437472 -0.583214 3.46315 0.304665 -0.449394 3.3581 0.414046 -0.445733 3.23245 0.436653 -0.286513 3.07918 0.510672 -0.226004 3.23839 0.1801 -0.453637 3.48463 0.027365 -0.267665 3.46842 0.173718 -0.184855 3.57468 0.158285 0.0025426 3.28488 0.227798 0.0148265 3.19952 0.427813 0.325722 3.23537 0.277266 0.716584 3.14463 0.0880502 -0.00763748 3.37885 0.445774 0.0540753 3.56206 0.290855 0.396054 3.4578 
0.422551 -0.620474 3.51741 0.286916 -0.521172 3.42061 0.397598 -0.525479 3.30029 0.417056 -0.358052 3.0934 0.491747 -0.2839 3.25623 0.17095 -0.518432 3.55497 0.00982892 -0.347546 3.52256 0.160343 -0.269474 3.63564 0.156626 -0.0591727 3.34762 0.226184 -0.0437341 3.25838 0.31244 0.329786 3.24015 0.253303 0.740742 3.14949 0.0822758 -0.0764117 3.43303 0.432108 0.0376406 3.65613 0.267818 0.406165 3.61176 
0.39903 -0.669981 3.57927 0.245184 -0.562349 3.44319 0.350377 -0.56349 3.32293 0.348454 -0.438838 3.11567 0.444272 -0.353303 3.27677 0.146224 -0.55364 3.57316 -0.0229712 -0.409036 3.57261 0.138194 -0.319104 3.65393 0.152518 -0.103445 3.36662 0.217961 -0.0955707 3.27796 0.299334 0.275131 3.28197 0.280072 0.681321 3.15956 0.082537 -0.108704 3.46841 0.377332 0.0723363 3.68231 0.246011 0.462456 3.6554 
0.354163 -0.675869 3.55001 0.215376 -0.607996 3.50006 0.296596 -0.619132 3.36613 0.233941 -0.464554 3.16697 0.370823 -0.392332 3.31838 0.140777 -0.600513 3.63794 -0.0544465 -0.439747 3.65634 0.141646 -0.364127 3.71794 0.128235 -0.137611 3.4288 0.175833 -0.137322 3.34017 0.350757 0.200968 3.38109 0.238766 0.568303 3.20776 0.0667652 -0.138274 3.53065 0.304482 0.177033 3.69916 0.188522 0.554364 3.73064 
0.335259 -0.674387 3.57168 0.198011 -0.606393 3.5169 0.258569 -0.624123 3.37967 0.195296 -0.457218 3.18437 0.339583 -0.388484 3.338 0.136048 -0.599943 3.65499 -0.0531168 -0.421862 3.70915 0.160322 -0.354771 3.74213 0.105335 -0.120495 3.45869 0.167229 -0.132731 3.35356 0.408309 0.178696 3.41237 0.222466 0.478316 3.24681 0.0447457 -0.117964 3.56443 0.237209 0.220605 3.69625 0.124815 0.626404 3.75914 
0.282266 -0.646115 3.59239 0.162993 -0.541279 3.56836 0.215645 -0.543442 3.42528 0.128525 -0.378103 3.26103 0.285651 -0.325995 3.37956 0.113108 -0.5464 3.70671 -0.0504609 -0.35493 3.77892 0.138187 -0.304364 3.73178 0.0741735 -0.0668866 3.53654 0.144104 -0.074089 3.4262 0.459233 0.12731 3.46803 0.234224 0.367464 3.37506 0.012858 -0.0595389 3.63553 0.138912 0.329105 3.69732 0.0217046 0.73284 3.72725 
0.275589 -0.607199 3.5999 0.145556 -0.515229 3.58134 0.200598 -0.509012 3.43344 0.106239 -0.316581 3.28508 0.2473 -0.268564 3.43247 0.104452 -0.51916 3.73126 -0.0421137 -0.311316 3.79897 0.159073 -0.250582 3.73472 0.0664783 -0.0300006 3.56388 0.129242 -0.0359939 3.46617 0.458405 0.116883 3.48895 0.232698 0.347409 3.4231 -0.000766036 -0.0206765 3.65673 0.130032 0.356494 3.70154 -0.00772514 0.763627 3.71038 
0.268461 -0.581501 3.61568 0.131275 -0.466751 3.61079 0.16385 -0.465176 3.45052 0.0736783 -0.274691 3.31405 0.247458 -0.222699 3.45025 0.0910384 -0.475626 3.76237 -0.0555795 -0.27296 3.83446 0.156345 -0.209305 3.76244 0.057066 -0.0026442 3.57633 0.115801 -0.00902173 3.48818 0.446575 0.112043 3.53632 0.232385 0.360853 3.48178 -0.00158998 0.00512899 3.69161 0.137857 0.3845 3.70556 -0.00902243 0.773601 3.70937 
0.246274 -0.532463 3.63873 0.0977337 -0.439063 3.63709 0.141586 -0.434729 3.48918 0.0516111 -0.238345 3.35317 0.198004 -0.18674 3.48098 0.060912 -0.442548 3.77983 -0.064329 -0.235963 3.85149 0.132959 -0.179621 3.78518 0.0248778 0.0370013 3.61569 0.0863913 0.0298174 3.5018 0.408781 0.139482 3.61566 0.230838 0.441712 3.548 -0.0402558 0.0412383 3.70598 0.142846 0.401438 3.75172 -0.0132912 0.776605 3.70968 
0.228015 -0.530798 3.6538 0.0932289 -0.441117 3.64608 0.137385 -0.437232 3.49809 0.0438179 -0.23859 3.36609 0.187199 -0.182107 3.50374 0.0562913 -0.441733 3.80481 -0.073129 -0.238322 3.85915 0.109954 -0.166772 3.78165 0.012598 0.0341718 3.63031 0.0776647 0.0255644 3.51916 0.393308 0.160686 3.63024 0.217855 0.468143 3.5744 -0.0575446 0.0392983 3.71447 0.133902 0.408126 3.75611 -0.0208611 0.781012 3.71029 
0.21922 -0.534956 3.65385 0.0806195 -0.445893 3.66343 0.12473 -0.445659 3.50705 0.03589 -0.250778 3.38392 0.177842 -0.181101 3.50961 0.0471485 -0.446573 3.82703 -0.085856 -0.2409 3.86378 0.103824 -0.162805 3.79074 0.00448893 0.0300975 3.63498 0.0674934 0.0228535 3.5456 0.372364 0.193083 3.63693 0.196486 0.517895 3.58545 -0.0629255 0.032623 3.72686 0.107109 0.398094 3.76342 -0.0252929 0.7736 3.71462 
0.213571 -0.583069 3.70266 0.0746948 -0.469644 3.70232 0.128427 -0.47105 3.55066 0.0403345 -0.275663 3.41634 0.189298 -0.201202 3.53665 0.0377867 -0.477268 3.84914 -0.112461 -0.262651 3.89471 0.0866981 -0.176084 3.80434 -0.000298358 0.00258861 3.63979 0.0649849 -0.000179345 3.55413 0.305766 0.232706 3.68669 0.159696 0.606486 3.62681 -0.0721069 0.00644575 3.7361 0.0550931 0.379243 3.7631 -0.034567 0.755621 3.71729 
0.209054 -0.58697 3.71039 0.0744224 -0.481018 3.70684 0.128379 -0.484396 3.55947 0.0438986 -0.27828 3.42187 0.179968 -0.211303 3.54219 0.0294783 -0.486248 3.85371 -0.125967 -0.278422 3.90043 0.0572235 -0.178289 3.81439 -0.00443583 -0.00536964 3.63939 0.0601807 -0.00575361 3.54847 0.272855 0.282158 3.67266 0.12149 0.645604 3.62051 -0.0727384 -0.00212618 3.73971 0.0372223 0.371073 3.75416 -0.0357853 0.755716 3.71199 
0.20067 -0.582451 3.71835 0.0653464 -0.487325 3.71922 0.124087 -0.489072 3.56835 0.0486498 -0.290454 3.42681 0.179733 -0.219933 3.57772 0.0208468 -0.493318 3.87492 -0.13868 -0.281613 3.91358 0.0599562 -0.181272 3.83316 -0.000659335 -0.00582593 3.64423 0.0617873 -0.0100878 3.55894 0.241858 0.315483 3.6744 0.111376 0.705677 3.63272 -0.0726786 -0.00200767 3.74912 0.0398498 0.370445 3.77108 -0.0390817 0.75643 3.72217 
0.195257 -0.577433 3.71863 0.0571976 -0.474798 3.72855 0.11941 -0.487217 3.57669 0.0594387 -0.279883 3.42912 0.180209 -0.205126 3.59128 -0.00982054 -0.47214 3.88476 -0.158672 -0.264556 3.91554 0.0206407 -0.162266 3.83557 0.00168909 0.000616758 3.6516 0.064191 -0.0027598 3.5624 0.156789 0.357801 3.64783 0.0671193 0.745998 3.63749 -0.0701184 0.000394308 3.75357 0.0475983 0.382458 3.77048 -0.0220083 0.757145 3.7144 
0.191155 -0.572694 3.7189 0.0573038 -0.467363 3.75006 0.12368 -0.476637 3.5939 0.0628537 -0.269114 3.44654 0.185529 -0.196743 3.59717 -0.00987723 -0.466289 3.89717 -0.15797 -0.24924 3.91215 0.0219111 -0.150556 3.84403 0.00134912 0.0053069 3.65976 0.0725607 0.00160414 3.56288 0.140612 0.382751 3.63861 0.0586513 0.766185 3.62821 -0.0686986 0.00803478 3.76791 0.0501408 0.387645 3.77855 -0.0265881 0.761153 3.72242 
0.190982 -0.572275 3.7264 0.0567323 -0.46699 3.75423 0.127559 -0.476584 3.59783 0.0624407 -0.272289 3.45529 0.185532 -0.195027 3.60589 -0.0143509 -0.459842 3.90176 -0.161569 -0.245234 3.91238 0.0272134 -0.148092 3.85462 0.00199965 0.00697694 3.66016 0.0692463 0.00416856 3.56316 0.139917 0.38249 3.63885 0.0543325 0.765257 3.6285 -0.0685067 0.00796048 3.76778 0.0425762 0.388375 3.77877 -0.0259012 0.761234 3.71822 
0.195223 -0.564744 3.71892 0.056921 -0.469157 3.75452 0.127557 -0.478515 3.59791 0.059398 -0.272082 3.45968 0.180639 -0.193583 3.60899 -0.0102832 -0.463865 3.90601 -0.153166 -0.249645 3.91291 0.0314623 -0.156508 3.8375 -0.00626271 0.00307716 3.66037 0.0653541 -0.000615986 3.56368 0.160601 0.362489 3.65104 0.079183 0.748198 3.6313 -0.0767236 0.00589623 3.76813 0.0550874 0.379869 3.77425 -0.0268848 0.752382 3.7132 
0.196159 -0.560733 3.71028 0.0573891 -0.468896 3.75056 0.123679 -0.478112 3.58933 0.0512199 -0.265591 3.45527 0.18048 -0.190773 3.60081 -0.00599965 -0.463859 3.90585 -0.147845 -0.248643 3.91787 0.0559775 -0.149128 3.83369 -0.0094559 -0.0036871 3.66132 0.0578546 -0.00376072 3.56405 0.203662 0.333975 3.67452 0.0967462 0.70865 3.64089 -0.0766036 -0.000884143 3.76824 0.0555616 0.377585 3.77433 -0.0344132 0.760087 3.71791 
0.197528 -0.557204 3.68581 0.0615624 -0.468716 3.74559 0.118618 -0.478043 3.58047 0.0345179 -0.274366 3.45168 0.17079 -0.189169 3.58534 0.00268557 -0.464168 3.90164 -0.126033 -0.245072 3.9212 0.0698936 -0.147941 3.82874 -0.0137134 0.00129524 3.65695 0.0484883 -0.00298885 3.56376 0.233319 0.297822 3.68752 0.0966007 0.663056 3.63743 -0.080536 0.00419981 3.75982 0.0435627 0.37567 3.77051 -0.0341269 0.759854 3.71864 
0.20219 -0.545693 3.67804 0.0705453 -0.468611 3.74127 0.0884439 -0.477578 3.58073 0.00911773 -0.274172 3.4458 0.171163 -0.187722 3.57234 0.0348428 -0.467571 3.90122 -0.105061 -0.243429 3.92153 0.107331 -0.132493 3.83302 -0.0259181 0.00539601 3.65231 0.039851 -0.0019374 3.56335 0.297145 0.247648 3.67867 0.105415 0.593794 3.63402 -0.0835625 0.00874696 3.7593 0.0424981 0.38838 3.76936 -0.0329512 0.763536 3.72468 
0.209901 -0.546577 3.66217 0.0830993 -0.469042 3.73666 0.083977 -0.475282 3.5768 -0.00587493 -0.280763 3.43822 0.157351 -0.19227 3.54944 0.0701037 -0.466122 3.89138 -0.066557 -0.242755 3.9245 0.125453 -0.126139 3.83523 -0.0265907 0.00522086 3.64902 0.0305717 -0.00173823 3.55948 0.319867 0.190411 3.67431 0.127452 0.542404 3.62956 -0.079191 0.0107187 3.74958 0.0549202 0.380822 3.76924 -0.0335313 0.763861 3.72406 
0.213591 -0.534273 3.65354 0.0876974 -0.46006 3.71073 0.0847254 -0.461341 3.55969 -0.0119243 -0.274396 3.43367 0.161758 -0.171576 3.51497 0.0878392 -0.453758 3.86867 -0.0583509 -0.225808 3.91573 0.141622 -0.108133 3.80469 -0.030445 0.00288843 3.63597 0.0227047 -0.00607061 3.53786 0.335255 0.111761 3.63664 0.154485 0.427855 3.58939 -0.0787199 0.0124223 3.72759 0.0669947 0.393904 3.76877 -0.0297927 0.773478 3.71862 
0.223518 -0.534896 3.62148 0.0959381 -0.445805 3.70194 0.0899326 -0.45073 3.54665 -0.0069924 -0.258514 3.42969 0.159083 -0.160997 3.50657 0.0953484 -0.432568 3.85142 -0.0486934 -0.213641 3.90704 0.149947 -0.102023 3.80111 -0.0336017 0.0141945 3.63556 0.0188518 -0.000764328 3.51999 0.358021 0.0830613 3.62556 0.187871 0.378913 3.58019 -0.0738082 0.0273113 3.71816 0.0900173 0.383171 3.77347 -0.02966 0.767915 3.71444 
0.236985 -0.528149 3.59804 0.10099 -0.4343 3.6886 0.0906355 -0.439839 3.52498 -0.00941252 -0.251305 3.41979 0.154731 -0.165899 3.48416 0.104893 -0.42232 3.83958 0.00995826 -0.191252 3.89768 0.209095 -0.0880611 3.78163 -0.0387351 0.0240253 3.6226 -0.00148261 0.00645011 3.50286 0.372371 0.0504666 3.58552 0.248137 0.334128 3.51619 -0.0649499 0.0409165 3.71113 0.103285 0.38198 3.77789 -0.0208358 0.769262 3.71474 
0.240615 -0.537406 3.5815 0.105792 -0.435608 3.64563 0.103608 -0.437083 3.49457 -0.00689459 -0.250617 3.37041 0.15621 -0.16935 3.43463 0.106196 -0.424505 3.80019 0.0117668 -0.203624 3.88439 0.21608 -0.137141 3.74885 -0.0183118 0.0227144 3.58729 0.0274217 0.00171399 3.49384 0.379606 0.0570605 3.51599 0.254614 0.353124 3.41333 -0.0604997 0.0355485 3.70122 0.104168 0.387832 3.77777 -0.0215162 0.774982 3.71404 
0.241685 -0.576549 3.54938 0.110222 -0.454391 3.63275 0.119966 -0.453547 3.48542 -0.00254799 -0.270961 3.34535 0.168832 -0.224913 3.41315 0.113879 -0.454517 3.775 0.0297499 -0.242773 3.87746 0.233697 -0.182318 3.7497 -0.0132486 0.00189441 3.57461 0.0384723 -0.0142766 3.48958 0.389479 0.076214 3.47654 0.254668 0.371663 3.36448 -0.0643522 0.0202408 3.69363 0.100279 0.37682 3.76557 -0.0215485 0.773202 3.71828 
0.242539 -0.611192 3.52515 0.119598 -0.515107 3.60728 0.132914 -0.517189 3.45178 0.00144914 -0.336829 3.30176 0.184393 -0.268474 3.44373 0.123397 -0.510654 3.75401 0.0284961 -0.330274 3.85744 0.264108 -0.321777 3.7107 0.0231765 -0.0343961 3.56499 0.0665566 -0.051339 3.47231 0.393605 0.142605 3.44049 0.249847 0.450466 3.30313 -0.0332177 -0.0223971 3.66174 0.0647371 0.349137 3.71093 -0.012446 0.754238 3.72417 
0.259222 -0.661964 3.47835 0.116043 -0.571889 3.55634 0.133733 -0.568615 3.38795 0.00455082 -0.403794 3.23422 0.207694 -0.342608 3.35885 0.11145 -0.569178 3.70304 0.0313254 -0.382517 3.80283 0.248476 -0.381077 3.67832 0.0381414 -0.0792819 3.51117 0.0913123 -0.0804906 3.41969 0.388336 0.192644 3.39377 0.246641 0.540883 3.22542 -0.00983424 -0.0738193 3.63072 0.0532608 0.315127 3.69871 -0.00398446 0.723086 3.75105 
0.263602 -0.671349 3.46252 0.121195 -0.599947 3.50987 0.138736 -0.596236 3.36676 0.0473577 -0.427271 3.1969 0.244441 -0.381046 3.30267 0.118323 -0.602347 3.65983 0.0267413 -0.394368 3.77351 0.244583 -0.373283 3.64062 0.0722253 -0.108004 3.49544 0.12661 -0.107439 3.39843 0.317212 0.226156 3.36614 0.239652 0.621378 3.21144 0.0186329 -0.108258 3.6095 0.0830511 0.282298 3.69386 -0.0155612 0.690697 3.75305 
0.275069 -0.6693 3.4318 0.134205 -0.594083 3.49607 0.152076 -0.591533 3.34514 0.0716992 -0.423757 3.16245 0.289023 -0.356353 3.29595 0.0956303 -0.592525 3.63478 -0.000959078 -0.376159 3.72035 0.216515 -0.318247 3.644 0.117422 -0.112411 3.4681 0.147235 -0.108086 3.3538 0.242171 0.284766 3.33995 0.187776 0.687491 3.199 0.0790456 -0.112862 3.56965 0.152114 0.268486 3.67966 -0.0331401 0.642253 3.73947 
0.283252 -0.649375 3.39244 0.145247 -0.553415 3.43145 0.183449 -0.56648 3.28844 0.129522 -0.375468 3.11643 0.305757 -0.326062 3.22807 0.120489 -0.554518 3.56986 0.00486174 -0.329686 3.63347 0.205039 -0.264773 3.57119 0.118417 -0.0831762 3.41892 0.153274 -0.0758191 3.29134 0.24028 0.327996 3.28607 0.15405 0.737179 3.19555 0.0843018 -0.0867686 3.50799 0.204192 0.281515 3.6705 -0.0374557 0.576362 3.69814 
0.293219 -0.61623 3.36927 0.158043 -0.52319 3.41337 0.213221 -0.52485 3.25296 0.135629 -0.356055 3.0807 0.322245 -0.286859 3.20205 0.116825 -0.526549 3.56044 0.00896194 -0.28579 3.59906 0.222346 -0.236632 3.52961 0.116981 -0.0376488 3.3662 0.15373 -0.0304111 3.27699 0.237958 0.3553 3.27136 0.12915 0.768691 3.19376 0.0739075 -0.0392526 3.48524 0.264337 0.272543 3.63479 -0.0276044 0.529486 3.6547 
0.336532 -0.575785 3.35839 0.199247 -0.463273 3.37677 0.251511 -0.476724 3.23042 0.233628 -0.292547 3.04665 0.41185 -0.231131 3.19804 0.143712 -0.459201 3.52419 0.0104569 -0.246112 3.57262 0.24447 -0.178641 3.5054 0.0840433 0.0147362 3.35226 0.139762 0.0267144 3.25361 0.260358 0.394331 3.27427 0.130972 0.77994 3.19316 0.033228 0.0120866 3.45471 0.381604 0.238033 3.59927 0.0540674 0.449732 3.62627 
0.34728 -0.534201 3.34335 0.205218 -0.422144 3.35064 0.27037 -0.425603 3.19506 0.272335 -0.249158 3.03267 0.442515 -0.203219 3.16396 0.144506 -0.416266 3.49828 0.00713064 -0.212421 3.51646 0.246295 -0.12879 3.52344 0.0848601 0.0451787 3.32013 0.146348 0.053625 3.20898 0.275853 0.396443 3.2747 0.124636 0.780373 3.19368 0.0344251 0.040558 3.419 0.397336 0.198994 3.50643 0.102025 0.417565 3.50744 
0.356352 -0.530986 3.3286 0.224242 -0.411639 3.32861 0.30048 -0.416942 3.18576 0.320021 -0.233786 3.01697 0.476799 -0.193097 3.17131 0.149518 -0.406215 3.46865 0.00956378 -0.220644 3.49386 0.221024 -0.11966 3.53006 0.0858312 0.049703 3.28981 0.141486 0.0553409 3.20421 0.276647 0.410017 3.24402 0.121455 0.782679 3.19397 0.0345285 0.0470429 3.40118 0.418991 0.190588 3.45428 0.150286 0.443021 3.4341 
0.388595 -0.543748 3.30995 0.24694 -0.436448 3.32072 0.325623 -0.425378 3.17748 0.342809 -0.243996 3.01266 0.480663 -0.194801 3.17019 0.161924 -0.443684 3.46008 0.0135474 -0.252129 3.45654 0.235575 -0.142885 3.53139 0.0996396 0.0235204 3.28573 0.147246 0.0295931 3.19634 0.252915 0.404716 3.23585 0.118128 0.776808 3.1907 0.0549818 0.0194038 3.38792 0.449611 0.183487 3.43 0.262028 0.485827 3.37884 
0.405702 -0.569787 3.30501 0.255186 -0.469209 3.29836 0.349483 -0.469968 3.16912 0.342406 -0.272976 3.01341 0.475751 -0.220626 3.17076 0.166352 -0.468178 3.43393 0.0125606 -0.285536 3.44241 0.216964 -0.172193 3.5087 0.121411 -0.00402227 3.28167 0.160006 0.00110891 3.17485 0.244477 0.38721 3.22698 0.128107 0.760882 3.18953 0.0672714 -0.0117823 3.37446 0.449184 0.19818 3.39651 0.311744 0.531416 3.31346 
0.420561 -0.604527 3.29247 0.268855 -0.503397 3.2868 0.362416 -0.501889 3.1321 0.304485 -0.301529 2.99555 0.462396 -0.238239 3.14578 0.19518 -0.512957 3.43001 0.0297286 -0.331875 3.44015 0.21852 -0.218404 3.49655 0.147189 -0.0460738 3.25988 0.18021 -0.0394551 3.14926 0.24892 0.339036 3.17996 0.14234 0.734701 3.17524 0.0875713 -0.0504349 3.3575 0.44746 0.235798 3.37464 0.323377 0.599532 3.30237 
0.452922 -0.620691 3.29001 0.301629 -0.535321 3.28286 0.36451 -0.520477 3.12782 0.284215 -0.314816 2.98723 0.429512 -0.242338 3.14119 0.229813 -0.538521 3.43012 0.0634793 -0.349439 3.44758 0.25093 -0.230486 3.48823 0.168175 -0.0691023 3.24775 0.219778 -0.0635619 3.14507 0.349938 0.301391 3.1707 0.169777 0.673185 3.16141 0.123781 -0.0748756 3.35365 0.385985 0.287118 3.34899 0.319963 0.670774 3.30725 
0.453505 -0.617426 3.2672 0.310216 -0.527451 3.27446 0.351409 -0.52303 3.12361 0.257572 -0.309065 2.98636 0.405923 -0.22601 3.12228 0.253926 -0.534745 3.42942 0.0841145 -0.334307 3.4681 0.293356 -0.201945 3.48757 0.183442 -0.063004 3.23407 0.222851 -0.057135 3.13189 0.406019 0.289587 3.15469 0.174125 0.58666 3.15415 0.145898 -0.0656818 3.34422 0.380042 0.306706 3.31744 0.297623 0.721618 3.29974 
0.460613 -0.58873 3.23741 0.319497 -0.475244 3.2611 0.352419 -0.475154 3.11361 0.241773 -0.272958 2.97852 0.401988 -0.173632 3.09498 0.291981 -0.477708 3.41321 0.141468 -0.262086 3.49252 0.35261 -0.156745 3.40004 0.185901 -0.0154277 3.21087 0.206401 -0.0197471 3.10474 0.429668 0.270899 3.12482 0.213385 0.547456 3.14833 0.155299 -0.0149436 3.31232 0.413927 0.325348 3.30312 0.250442 0.671799 3.2913 
0.482618 -0.550255 3.233 0.33179 -0.424614 3.25231 0.334385 -0.428153 3.10397 0.23388 -0.22958 2.97233 0.420498 -0.145588 3.07814 0.336554 -0.418984 3.40337 0.26279 -0.174854 3.49203 0.4726 -0.104316 3.39121 0.181501 0.0374162 3.2053 0.19051 0.0258455 3.10354 0.57362 0.166085 3.0967 0.311956 0.4053 3.14977 0.156767 0.0467758 3.31064 0.383238 0.402918 3.29852 0.252353 0.76945 3.28562 
0.4832 -0.542669 3.22523 0.342241 -0.403675 3.2508 0.345915 -0.409899 3.08607 0.265018 -0.20211 2.96708 0.467195 -0.149986 3.06735 0.364554 -0.393242 3.40201 0.324072 -0.146862 3.4814 0.520097 -0.094753 3.3798 0.186734 0.0527628 3.18282 0.207178 0.0429596 3.0934 0.58401 0.125526 3.08654 0.431697 0.403279 3.13297 0.162201 0.0665424 3.29281 0.387688 0.407547 3.28139 0.247875 0.77413 3.28491 
0.48669 -0.540805 3.18029 0.346095 -0.403198 3.21262 0.337163 -0.413681 3.05585 0.258562 -0.212866 2.91422 0.46584 -0.177284 3.02608 0.371175 -0.389417 3.36511 0.386646 -0.139953 3.45027 0.573912 -0.149615 3.32328 0.206561 0.0503734 3.16487 0.224777 0.0345133 3.04553 0.601001 0.0982235 3.03716 0.495888 0.402987 3.05463 0.178 0.0628422 3.25914 0.406763 0.396725 3.26847 0.247554 0.773719 3.28439 
0.482026 -0.567305 3.15703 0.354771 -0.449061 3.18774 0.341907 -0.448811 3.04448 0.235806 -0.266211 2.89463 0.459163 -0.222229 3.01041 0.390068 -0.437448 3.33009 0.44675 -0.201827 3.43663 0.585812 -0.23005 3.27833 0.225848 0.00953391 3.13933 0.208131 -0.00426184 3.0385 0.523145 0.194263 3.00035 0.401944 0.526889 2.98371 0.232161 0.0191981 3.24569 0.490963 0.32245 3.24973 0.366085 0.700392 3.28396 
0.482721 -0.61225 3.12783 0.35503 -0.480092 3.17558 0.345576 -0.491871 3.01616 0.219851 -0.313518 2.86488 0.435067 -0.275838 2.98536 0.39 -0.478611 3.32189 0.411933 -0.243652 3.40293 0.56606 -0.287622 3.26208 0.25193 -0.0269785 3.1144 0.283521 -0.0331972 3.02586 0.634626 0.131164 2.96522 0.520495 0.463471 2.93293 0.221615 -0.0098112 3.22811 0.374398 0.363017 3.2365 0.260564 0.751597 3.28495 
0.492368 -0.699241 3.05658 0.35475 -0.567486 3.0941 0.346981 -0.570613 2.94325 0.21526 -0.387124 2.8333 0.409256 -0.352886 2.92449 0.386934 -0.567939 3.24533 0.411806 -0.337613 3.34965 0.546569 -0.340383 3.20518 0.25893 -0.0801029 3.06887 0.300053 -0.0865153 2.95868 0.625725 0.158228 2.90436 0.509614 0.528199 2.80657 0.228583 -0.0735926 3.17871 0.369095 0.302904 3.20331 0.297143 0.701071 3.27393 
0.497382 -0.710505 3.01286 0.361519 -0.606826 3.06062 0.364948 -0.602022 2.89249 0.241824 -0.408768 2.79235 0.45394 -0.350516 2.91049 0.368544 -0.60763 3.22445 0.313382 -0.386716 3.32337 0.49894 -0.352983 3.1784 0.285179 -0.123549 3.03885 0.289256 -0.128072 2.93397 0.525179 0.215601 2.89074 0.459791 0.615271 2.77059 0.27492 -0.119241 3.14542 0.485806 0.235476 3.19725 0.30232 0.594958 3.23567 
0.498154 -0.705062 2.95231 0.368242 -0.595565 2.98963 0.392847 -0.592243 2.82716 0.27554 -0.380798 2.709 0.462663 -0.341231 2.84489 0.349919 -0.604494 3.13303 0.282152 -0.37766 3.2494 0.494021 -0.345314 3.13726 0.304443 -0.119096 2.96765 0.314016 -0.110518 2.86209 0.501378 0.253412 2.84516 0.440477 0.695812 2.72324 0.290283 -0.12937 3.07816 0.540224 0.177103 3.19461 0.316326 0.473905 3.15705 
0.502131 -0.668616 2.94416 0.359916 -0.556719 2.95106 0.401713 -0.552189 2.80417 0.321067 -0.333233 2.6682 0.517285 -0.299232 2.81467 0.337543 -0.561936 3.11366 0.243767 -0.327661 3.2122 0.437886 -0.274447 3.11494 0.312351 -0.0780147 2.93076 0.324711 -0.0691957 2.82467 0.41148 0.343826 2.81858 0.37276 0.743894 2.7105 0.30067 -0.0835673 3.03734 0.633282 0.0975495 3.17965 0.356729 0.375291 3.12206 
0.51276 -0.638313 2.90118 0.374524 -0.511491 2.92165 0.421068 -0.505203 2.75565 0.350771 -0.299121 2.64976 0.521297 -0.267118 2.76919 0.337798 -0.519438 3.06447 0.246363 -0.30526 3.18436 0.404769 -0.21486 3.0956 0.333054 -0.0390319 2.90326 0.361327 -0.0287952 2.80588 0.569113 0.317986 2.78762 0.391679 0.684736 2.69823 0.282821 -0.0527139 3.02676 0.529058 0.116945 3.1492 0.357149 0.468574 3.08316 
0.524285 -0.617951 2.87334 0.370366 -0.485833 2.87899 0.427579 -0.479596 2.72824 0.36135 -0.260904 2.5998 0.531478 -0.234075 2.74528 0.335049 -0.487852 3.03448 0.236747 -0.249299 3.12574 0.444896 -0.192002 3.06151 0.328417 0.00191202 2.86697 0.338762 0.00517749 2.76449 0.44049 0.377872 2.76918 0.361157 0.783252 2.68988 0.309728 -0.00117179 2.96856 0.650521 0.0861351 3.08756 0.426553 0.363911 2.99524 
0.536194 -0.604046 2.84642 0.385887 -0.475193 2.86958 0.434964 -0.466352 2.70696 0.368765 -0.249386 2.59101 0.528835 -0.216552 2.71736 0.332757 -0.483446 3.0215 0.227981 -0.248945 3.1081 0.430945 -0.179371 3.02625 0.331854 0.0067275 2.84857 0.379178 0.0112656 2.74583 0.600649 0.325284 2.75787 0.440438 0.702107 2.68825 0.277538 0.0022217 2.95958 0.54567 0.155594 3.04077 0.419846 0.480202 2.95785 
0.541117 -0.605243 2.8401 0.385642 -0.478075 2.85601 0.435414 -0.473573 2.69401 0.359499 -0.262236 2.57949 0.521335 -0.223195 2.69997 0.33214 -0.484289 3.00322 0.223968 -0.250716 3.09002 0.396757 -0.170955 3.00161 0.332069 0.0070017 2.83491 0.374297 0.00883625 2.72958 0.599605 0.337936 2.741 0.449726 0.708082 2.6879 0.268663 0.000614911 2.95135 0.559122 0.166869 3.01343 0.428267 0.494002 2.91393 
0.536 -0.618585 2.82414 0.381285 -0.490348 2.81855 0.434708 -0.487431 2.66799 0.345693 -0.272956 2.54806 0.508815 -0.232562 2.68903 0.332836 -0.492646 2.97783 0.222609 -0.260663 3.05597 0.391603 -0.190761 2.97537 0.332188 -0.00372603 2.81814 0.348346 0.0014299 2.71693 0.447953 0.37973 2.73938 0.360999 0.778282 2.68534 0.305883 -0.00898947 2.91232 0.667537 0.166641 2.97013 0.514181 0.495229 2.86899 
0.544055 -0.629321 2.8121 0.384887 -0.511043 2.8155 0.429282 -0.506231 2.66482 0.332156 -0.294411 2.53627 0.511206 -0.252317 2.68764 0.348979 -0.515337 2.9746 0.24844 -0.302454 3.05325 0.359149 -0.197796 2.95711 0.334873 -0.0345356 2.80298 0.342628 -0.030411 2.71411 0.428062 0.361257 2.72619 0.366793 0.749782 2.68295 0.319336 -0.0369723 2.90911 0.610699 0.239628 2.93699 0.449969 0.588272 2.84156 
0.54815 -0.633735 2.80604 0.388264 -0.517076 2.81557 0.425652 -0.509831 2.65247 0.324477 -0.299906 2.52729 0.508534 -0.257105 2.68177 0.355824 -0.52301 2.96715 0.249946 -0.315242 3.05413 0.374428 -0.207217 2.95411 0.341208 -0.0367757 2.799 0.332326 -0.029152 2.70987 0.393452 0.355245 2.71139 0.361226 0.744538 2.68688 0.344974 -0.0349299 2.91355 0.589819 0.277973 2.89952 0.438143 0.650154 2.84294 
0.553298 -0.634521 2.78528 0.398585 -0.516071 2.81169 0.422348 -0.509538 2.64436 0.323514 -0.306033 2.52273 0.506206 -0.260339 2.66126 0.359372 -0.52417 2.95994 0.262549 -0.304304 3.05164 0.431566 -0.210452 2.94403 0.355996 -0.0335919 2.79063 0.358093 -0.027951 2.67974 0.404047 0.363012 2.69671 0.354588 0.752217 2.68606 0.3625 -0.0334704 2.90012 0.536624 0.328964 2.87211 0.417186 0.714587 2.8354 
0.55509 -0.630237 2.78534 0.389255 -0.513465 2.8074 0.408947 -0.506811 2.63542 0.313698 -0.303034 2.52294 0.504218 -0.263595 2.64819 0.372612 -0.520951 2.96067 0.303449 -0.285383 3.05735 0.518301 -0.229199 2.93925 0.372782 -0.0341115 2.78617 0.368784 -0.0267204 2.6708 0.375664 0.36477 2.68336 0.351217 0.754765 2.68115 0.379668 -0.0314062 2.88686 0.447373 0.355232 2.84612 0.361963 0.727795 2.82537 
0.562896 -0.630594 2.78076 0.392381 -0.510307 2.80731 0.407408 -0.504996 2.63511 0.312859 -0.298685 2.52291 0.50409 -0.259773 2.65074 0.382796 -0.513182 2.9603 0.321688 -0.287137 3.05752 0.518082 -0.219671 2.9434 0.37559 -0.0201439 2.78527 0.37969 -0.0157228 2.66531 0.406236 0.38039 2.66953 0.359257 0.753789 2.68111 0.376292 -0.0223323 2.87432 0.405868 0.368345 2.84484 0.356144 0.744484 2.82421 
0.576455 -0.635986 2.77092 0.411773 -0.510039 2.79543 0.411696 -0.505165 2.63484 0.315331 -0.296234 2.52341 0.510122 -0.267522 2.65107 0.39787 -0.515098 2.9476 0.332302 -0.287982 3.05301 0.526517 -0.235548 2.93113 0.372507 -0.0245074 2.78127 0.356575 -0.0168197 2.65648 0.376599 0.382709 2.65449 0.353756 0.755409 2.68074 0.377327 -0.0247346 2.86955 0.414664 0.365588 2.84002 0.356808 0.738497 2.81941 
0.585102 -0.631319 2.76628 0.42942 -0.514793 2.79184 0.427178 -0.509662 2.63169 0.318042 -0.298935 2.51993 0.514044 -0.266736 2.64959 0.430787 -0.51816 2.9474 0.350134 -0.296449 3.04844 0.529204 -0.244403 2.91674 0.350024 -0.0337852 2.77689 0.348408 -0.0334131 2.6573 0.377587 0.37557 2.66867 0.360413 0.748748 2.6814 0.346747 -0.0324807 2.86993 0.379149 0.370045 2.841 0.351947 0.744976 2.81971 
0.583877 -0.622002 2.7506 0.428872 -0.516401 2.77942 0.424176 -0.514265 2.62228 0.316654 -0.298879 2.51926 0.512345 -0.270413 2.64046 0.425881 -0.520375 2.94364 0.351224 -0.297475 3.04822 0.533088 -0.250434 2.90631 0.349814 -0.0388223 2.7774 0.342643 -0.0363959 2.65747 0.375009 0.377495 2.66465 0.357723 0.752458 2.68129 0.346927 -0.0353985 2.87007 0.365451 0.370761 2.84094 0.35144 0.753404 2.82436 
0.589064 -0.6218 2.75156 0.420866 -0.517953 2.77922 0.422823 -0.513787 2.61388 0.322251 -0.292008 2.51818 0.513198 -0.267502 2.64066 0.420808 -0.520294 2.93993 0.352593 -0.293969 3.04776 0.535108 -0.254586 2.90092 0.341252 -0.0348983 2.77711 0.335115 -0.0356199 2.6575 0.364621 0.381943 2.66847 0.361287 0.752834 2.68143 0.33912 -0.0327129 2.8698 0.353956 0.373817 2.84461 0.351603 0.760647 2.8279 
0.587539 -0.627777 2.73743 0.423738 -0.516202 2.77073 0.426982 -0.509307 2.60881 0.332017 -0.296254 2.51065 0.515585 -0.262638 2.63127 0.41833 -0.518715 2.93116 0.351287 -0.292664 3.04426 0.534595 -0.253486 2.89355 0.341033 -0.0350504 2.78092 0.345963 -0.0346579 2.65749 0.362081 0.38404 2.66855 0.360891 0.753981 2.68133 0.332711 -0.0336636 2.8738 0.351645 0.375648 2.84939 0.351677 0.756461 2.82882 
0.592267 -0.627602 2.73893 0.42905 -0.518781 2.76628 0.431888 -0.50746 2.60486 0.3471 -0.291387 2.51437 0.511072 -0.254714 2.62903 0.415492 -0.52144 2.92649 0.351737 -0.295725 3.03681 0.529011 -0.22975 2.893 0.346649 -0.0380944 2.78087 0.352413 -0.034161 2.65756 0.357954 0.377306 2.67275 0.355073 0.754741 2.68122 0.325828 -0.0384074 2.87419 0.346959 0.373841 2.85288 0.342613 0.745653 2.82902 
0.592146 -0.627616 2.7389 0.428698 -0.517059 2.76612 0.426867 -0.505748 2.60846 0.352596 -0.288263 2.51063 0.517942 -0.245611 2.62955 0.414757 -0.520907 2.92615 0.34981 -0.293777 3.03342 0.535053 -0.22182 2.88555 0.346474 -0.035496 2.78076 0.352363 -0.0341807 2.65765 0.357775 0.379913 2.67262 0.355466 0.752515 2.68148 0.331008 -0.0349209 2.87385 0.347248 0.373808 2.85321 0.347219 0.751678 2.82871 
0.593478 -0.638417 2.74716 0.426516 -0.514479 2.77072 0.435991 -0.505095 2.60873 0.358227 -0.280322 2.5107 0.539569 -0.176401 2.63255 0.406017 -0.522954 2.93439 0.348419 -0.285598 3.02458 0.522155 -0.175477 2.91262 0.344109 -0.0322734 2.78507 0.361829 -0.02935 2.6577 0.358033 0.380064 2.67267 0.352626 0.752018 2.68144 0.321673 -0.0345848 2.86991 0.347287 0.373855 2.85311 0.341143 0.747547 2.82894 
0.584125 -0.642752 2.75893 0.42644 -0.512261 2.76607 0.436605 -0.502736 2.60417 0.384341 -0.263014 2.51795 0.547299 -0.120386 2.62193 0.394205 -0.522035 2.93816 0.356944 -0.266994 3.02256 0.507432 -0.108701 2.92528 0.346982 -0.0302874 2.78517 0.370091 -0.0243496 2.65746 0.361739 0.379429 2.67286 0.356165 0.747942 2.68177 0.315622 -0.0286083 2.87417 0.341685 0.375898 2.85303 0.33693 0.746891 2.82908 
0.58074 -0.645383 2.77999 0.429088 -0.511969 2.76135 0.448673 -0.496881 2.60407 0.406507 -0.248358 2.53085 0.531737 -0.0656486 2.60224 0.391284 -0.520167 2.93334 0.357816 -0.261939 3.01886 0.485415 -0.0905948 2.96458 0.343841 -0.0237135 2.78037 0.381104 -0.0219462 2.65742 0.367846 0.38124 2.67761 0.356618 0.75402 2.68157 0.311622 -0.0248538 2.87375 0.341148 0.374894 2.85284 0.343261 0.750338 2.8289 
0.58305 -0.65168 2.78682 0.42891 -0.512366 2.7697 0.450545 -0.501719 2.60929 0.409641 -0.237859 2.54772 0.50388 -0.0377091 2.57881 0.385623 -0.520161 2.93334 0.35821 -0.265569 3.01415 0.462921 -0.0682582 2.98602 0.346533 -0.017539 2.77617 0.375977 -0.0129016 2.65691 0.364924 0.389624 2.67713 0.358491 0.755083 2.68138 0.312102 -0.0165466 2.86894 0.340933 0.379437 2.85257 0.337405 0.756107 2.82819 
0.591766 -0.672225 2.8189 0.428194 -0.510673 2.76108 0.455938 -0.496102 2.60891 0.407824 -0.237562 2.5489 0.458466 -0.0175612 2.53353 0.388237 -0.517207 2.93301 0.359016 -0.257485 3.00908 0.436309 -0.0431441 3.04823 0.342404 -0.0132353 2.77969 0.366629 -0.0101287 2.6567 0.367105 0.387229 2.67311 0.357562 0.75069 2.68141 0.308158 -0.0134778 2.87686 0.346364 0.38002 2.85257 0.339703 0.755104 2.82826 
0.589998 -0.680249 2.82158 0.431742 -0.511835 2.77048 0.458435 -0.499089 2.60856 0.394783 -0.241939 2.54309 0.409522 -0.00436538 2.49357 0.388057 -0.520202 2.93146 0.348244 -0.262707 3.01201 0.374006 -0.034301 3.07824 0.347391 -0.0127592 2.77963 0.389006 -0.00333319 2.65361 0.369499 0.386055 2.66876 0.360818 0.750379 2.68631 0.318161 -0.0072295 2.86671 0.344562 0.380274 2.84138 0.347176 0.749917 2.82101 
0.592927 -0.682265 2.82219 0.428965 -0.509429 2.76578 0.46498 -0.498961 2.61409 0.399189 -0.249582 2.53928 0.38798 -0.0173485 2.46942 0.376639 -0.514538 2.93273 0.338572 -0.265451 3.0172 0.362431 -0.041439 3.09463 0.356193 -0.0131399 2.77977 0.406911 -0.00826401 2.65691 0.379116 0.383335 2.67769 0.365834 0.753636 2.68581 0.320805 -0.0152478 2.88098 0.345942 0.37894 2.85249 0.345199 0.755776 2.82808 
0.594159 -0.684703 2.8292 0.436908 -0.509429 2.76961 0.465238 -0.5026 2.61446 0.395736 -0.267946 2.52735 0.386387 -0.039526 2.45734 0.387932 -0.516523 2.93213 0.330152 -0.274934 3.02977 0.341073 -0.0492129 3.11977 0.359615 -0.0200482 2.78013 0.410257 -0.0151033 2.65727 0.378898 0.380901 2.67795 0.365743 0.753121 2.68145 0.324497 -0.017916 2.87711 0.345966 0.384662 2.85224 0.348252 0.758215 2.82799 
0.592171 -0.683395 2.82623 0.437246 -0.509784 2.77453 0.470372 -0.503281 2.62394 0.391893 -0.271354 2.50218 0.375726 -0.0418749 2.40901 0.379601 -0.518627 2.93699 0.293613 -0.285423 3.04322 0.327538 -0.0614392 3.15997 0.364959 -0.0172689 2.78443 0.416404 -0.011754 2.65716 0.378941 0.381135 2.68247 0.365509 0.756484 2.68568 0.326919 -0.0198636 2.8772 0.345962 0.383194 2.85243 0.348501 0.758345 2.82822 
0.590259 -0.681497 2.82217 0.437392 -0.510115 2.77919 0.47876 -0.503642 2.6324 0.391306 -0.281637 2.49434 0.386442 -0.0491986 2.40609 0.373243 -0.514743 2.94124 0.290438 -0.286502 3.04175 0.279001 -0.0779585 3.16405 0.376299 -0.0146843 2.78454 0.4191 -0.00938915 2.66174 0.381385 0.381617 2.68652 0.366047 0.754332 2.68589 0.329589 -0.0175542 2.88125 0.349072 0.382439 2.85263 0.347749 0.758104 2.82807 
0.586053 -0.674001 2.80964 0.434398 -0.509968 2.77919 0.473912 -0.50393 2.63245 0.397531 -0.28277 2.49909 0.386919 -0.0574275 2.40644 0.370077 -0.514648 2.94123 0.288534 -0.28271 3.0413 0.278606 -0.0753473 3.16376 0.375512 -0.0200572 2.78466 0.418012 -0.0152614 2.66196 0.381299 0.380133 2.68656 0.36291 0.752948 2.68593 0.332499 -0.0208485 2.88139 0.349049 0.378234 2.85269 0.347885 0.754919 2.82815 
0.590043 -0.681619 2.82222 0.434293 -0.508543 2.77908 0.473811 -0.504023 2.62885 0.397772 -0.278545 2.50248 0.42005 -0.0473256 2.4111 0.370182 -0.514683 2.9412 0.289426 -0.27831 3.04128 0.26733 -0.0690272 3.16314 0.380779 -0.0186405 2.78468 0.417637 -0.0130183 2.66649 0.381408 0.377162 2.68678 0.363133 0.752778 2.68599 0.332735 -0.0223948 2.88549 0.349206 0.3782 2.85268 0.347805 0.750672 2.82826 
0.58832 -0.680079 2.82335 0.434057 -0.510064 2.78301 0.473648 -0.505637 2.63264 0.410695 -0.265737 2.51484 0.441316 -0.0461476 2.43916 0.375551 -0.512813 2.94503 0.289262 -0.283891 3.04168 0.267977 -0.0587997 3.14587 0.375643 -0.0127279 2.78456 0.418485 -0.00931785 2.67027 0.381212 0.37874 2.68669 0.366645 0.750106 2.68623 0.325909 -0.0151678 2.88519 0.348685 0.381271 2.85246 0.347813 0.750771 2.82821 
0.585853 -0.677638 2.81728 0.434457 -0.509885 2.78708 0.473885 -0.507188 2.6329 0.428786 -0.263972 2.52016 0.487207 -0.0426694 2.45022 0.373555 -0.514392 2.94545 0.295583 -0.27563 3.03785 0.32941 -0.0413633 3.13768 0.377112 -0.0165756 2.78488 0.41948 -0.0126525 2.66592 0.386417 0.379816 2.68667 0.367225 0.751165 2.68627 0.329646 -0.0183738 2.88936 0.348828 0.379931 2.85251 0.347894 0.75063 2.82819 
0.587505 -0.676304 2.83388 0.437596 -0.510315 2.79559 0.471477 -0.509537 2.63757 0.450149 -0.259634 2.53548 0.533386 -0.0491837 2.5032 0.368192 -0.514931 2.94998 0.320714 -0.266118 3.03824 0.350575 -0.0388537 3.12478 0.368651 -0.0207645 2.78511 0.425326 -0.0180128 2.66641 0.386582 0.380325 2.68665 0.367168 0.749824 2.68633 0.324453 -0.023271 2.88955 0.348826 0.379933 2.85248 0.347878 0.752018 2.8282 
0.579019 -0.670061 2.82156 0.434185 -0.510275 2.80353 0.470952 -0.508221 2.64144 0.444933 -0.26182 2.54718 0.544031 -0.0548972 2.55603 0.367921 -0.514955 2.95426 0.329709 -0.268239 3.04172 0.389401 -0.0461147 3.10642 0.361887 -0.0191487 2.78481 0.413297 -0.0167322 2.67048 0.38062 0.386277 2.68621 0.368834 0.752489 2.68593 0.324674 -0.0207323 2.88958 0.34903 0.379812 2.85243 0.347599 0.755079 2.82814 
0.577266 -0.667845 2.82469 0.437803 -0.511647 2.80776 0.471555 -0.511354 2.642 0.458498 -0.26619 2.55024 0.590883 -0.0860163 2.58787 0.393898 -0.515975 2.95934 0.343637 -0.259712 3.04153 0.446353 -0.0483431 3.08983 0.353907 -0.0190884 2.78475 0.393518 -0.0178344 2.66567 0.380714 0.383318 2.68631 0.366353 0.75325 2.6859 0.324982 -0.0165551 2.8855 0.354097 0.381964 2.85242 0.350994 0.754803 2.82845 
