15 218 4
-0.00582878 0.0722765 0.00329213 -0.20641 -0.0431167 -0.0323473
0.13548 -1.55324 -0.135592 3.81979 0.234716 3.36585
-0.00562237 3.04524 0.022503 -0.694432 0.163705 7.35626
0.099977 1.58133 0.0935256 -3.63751 0.475845 3.61144
0.572112 -0.631398 2.7571 0.393916 -0.506099 2.64307 0.460465 -0.498432 2.4907 0.444388 -0.258593 2.41949 0.50443 -0.0334454 2.38371 0.338944 -0.514016 2.80027 0.257576 -0.260905 2.844 0.299973 -0.0449962 2.90831 0.35121 -0.0212776 2.6413 0.405766 -0.0208551 2.52288 0.376706 0.375807 2.51138 0.357509 0.756114 2.48172 0.296185 -0.0187032 2.73568 0.319219 0.382999 2.72749 0.292181 0.739846 2.71952 
0.571852 -0.631497 2.7562 0.393716 -0.506059 2.6423 0.460356 -0.498577 2.49071 0.444147 -0.258887 2.41922 0.505069 -0.0342619 2.38224 0.339309 -0.514722 2.80027 0.257319 -0.259887 2.84397 0.298749 -0.044883 2.90911 0.351302 -0.0214182 2.64115 0.405085 -0.0210858 2.52284 0.376808 0.375249 2.51094 0.357511 0.75608 2.48172 0.296218 -0.018949 2.73503 0.320344 0.381702 2.72713 0.29112 0.739602 2.71948 
0.571518 -0.631182 2.75496 0.393545 -0.506112 2.64284 0.460116 -0.498953 2.49068 0.444147 -0.258507 2.41836 0.50603 -0.0341409 2.38135 0.340174 -0.515356 2.80013 0.257462 -0.259364 2.8439 0.297275 -0.0471686 2.90947 0.351415 -0.0203552 2.64083 0.404893 -0.0201614 2.52276 0.376787 0.37529 2.50988 0.357527 0.756055 2.48171 0.296467 -0.0180963 2.73538 0.321544 0.381704 2.72642 0.290023 0.738827 2.71937 
0.570878 -0.630383 2.75282 0.392857 -0.506151 2.64242 0.459582 -0.499895 2.49054 0.444577 -0.258388 2.41676 0.507958 -0.0340594 2.38076 0.340114 -0.516264 2.79981 0.257036 -0.258391 2.84378 0.295508 -0.0484867 2.90961 0.351243 -0.0188784 2.64015 0.404717 -0.0190336 2.52269 0.377002 0.376046 2.50987 0.357531 0.75602 2.48169 0.296345 -0.017129 2.73506 0.320825 0.381188 2.72497 0.288245 0.736864 2.71917 
0.569452 -0.62815 2.75165 0.391142 -0.506234 2.64084 0.45827 -0.500585 2.49018 0.444848 -0.258274 2.41544 0.509772 -0.0338215 2.38278 0.339248 -0.516311 2.79905 0.256121 -0.258437 2.84356 0.293827 -0.0494549 2.90962 0.351028 -0.0189211 2.63889 0.404695 -0.0198538 2.52259 0.377474 0.374737 2.51103 0.357534 0.755986 2.48169 0.295996 -0.0170103 2.73396 0.320487 0.37992 2.72428 0.287535 0.735723 2.71906 
0.568291 -0.62749 2.75151 0.39023 -0.506589 2.6398 0.457638 -0.500143 2.48938 0.445034 -0.257196 2.41404 0.512224 -0.0348492 2.38543 0.338876 -0.516061 2.79735 0.255277 -0.258358 2.84311 0.294551 -0.0486262 2.90957 0.350808 -0.0190248 2.63845 0.404508 -0.0202573 2.52245 0.377502 0.373503 2.51159 0.357521 0.755968 2.48169 0.295501 -0.0175518 2.73344 0.319996 0.37861 2.72395 0.287429 0.734533 2.71903 
0.56775 -0.626655 2.75037 0.389656 -0.505743 2.63861 0.45736 -0.499916 2.48777 0.44597 -0.255048 2.41221 0.514834 -0.0346071 2.38951 0.338426 -0.515228 2.79602 0.254044 -0.258028 2.84234 0.29443 -0.0481715 2.90936 0.350892 -0.0191014 2.63858 0.404693 -0.0204216 2.52221 0.377514 0.373065 2.51188 0.357468 0.755954 2.48168 0.294993 -0.0176217 2.73325 0.319496 0.377884 2.72383 0.28741 0.734074 2.71903 
0.567511 -0.625406 2.74898 0.388938 -0.504886 2.6367 0.457718 -0.4999 2.48698 0.446709 -0.251327 2.41078 0.517657 -0.0330653 2.39603 0.338368 -0.51494 2.7942 0.252979 -0.255881 2.84095 0.295894 -0.0475213 2.90895 0.351087 -0.01913 2.63732 0.403677 -0.0203347 2.5218 0.377427 0.373149 2.51203 0.357344 0.755946 2.48167 0.29423 -0.0172187 2.73332 0.31864 0.377232 2.72388 0.287451 0.734004 2.71905 
0.567621 -0.624416 2.74697 0.389544 -0.505129 2.63519 0.458996 -0.500174 2.48647 0.447059 -0.247785 2.41165 0.522666 -0.0334101 2.40522 0.338313 -0.515058 2.79312 0.252623 -0.254526 2.84035 0.298853 -0.0466061 2.90811 0.351218 -0.0190687 2.63616 0.403177 -0.0199166 2.52105 0.37726 0.37376 2.51208 0.357077 0.755933 2.48164 0.292423 -0.0175803 2.73184 0.318752 0.375915 2.72406 0.287551 0.734265 2.7191 
0.567756 -0.62468 2.74564 0.390141 -0.505209 2.63332 0.459574 -0.500747 2.48621 0.447315 -0.24513 2.41299 0.526683 -0.03407 2.41917 0.338274 -0.515645 2.79224 0.252777 -0.254023 2.8403 0.301639 -0.047376 2.90647 0.351097 -0.0190335 2.63455 0.402896 -0.0188925 2.51961 0.377209 0.373795 2.51215 0.356523 0.755885 2.48159 0.290807 -0.0172705 2.73 0.319872 0.375917 2.72438 0.287809 0.735032 2.71921 
0.567863 -0.625625 2.74461 0.390686 -0.505224 2.63246 0.459812 -0.500238 2.48623 0.447313 -0.242684 2.41359 0.528567 -0.0368044 2.43148 0.338176 -0.515785 2.79125 0.25345 -0.253954 2.8408 0.305643 -0.0465464 2.90505 0.350989 -0.0190451 2.63374 0.402643 -0.0181073 2.51886 0.377257 0.373302 2.51227 0.355322 0.755734 2.48152 0.290386 -0.0175658 2.72905 0.319953 0.375405 2.72502 0.287804 0.735191 2.71942 
0.567793 -0.625423 2.74386 0.391605 -0.50524 2.63204 0.459906 -0.500097 2.48626 0.447164 -0.243134 2.41401 0.529435 -0.0417253 2.4378 0.337983 -0.515518 2.7896 0.254836 -0.254359 2.84014 0.309545 -0.048885 2.90344 0.350911 -0.019114 2.63336 0.402597 -0.0184694 2.51855 0.377429 0.373544 2.51232 0.354762 0.75502 2.4814 0.290932 -0.0187234 2.7286 0.321073 0.374222 2.72638 0.287954 0.734775 2.71953 
0.567688 -0.625618 2.74314 0.391261 -0.505223 2.63186 0.459949 -0.500141 2.48631 0.447234 -0.242869 2.41416 0.529878 -0.0435935 2.44055 0.337927 -0.51466 2.78874 0.255666 -0.255263 2.8398 0.311406 -0.0512875 2.90103 0.35084 -0.0191625 2.63317 0.402604 -0.0186059 2.51851 0.377301 0.372954 2.51234 0.354464 0.754702 2.48133 0.29113 -0.0199778 2.72837 0.321464 0.372705 2.72682 0.287899 0.735113 2.71959 
0.56762 -0.626213 2.74227 0.391777 -0.505221 2.63175 0.459969 -0.500408 2.48639 0.447644 -0.242515 2.41411 0.529999 -0.0437037 2.4408 0.338015 -0.514178 2.78801 0.256317 -0.255617 2.83966 0.31312 -0.0519221 2.89982 0.350748 -0.0191772 2.6331 0.402619 -0.018589 2.51868 0.377265 0.372865 2.51234 0.35415 0.754562 2.48126 0.291187 -0.0192073 2.72824 0.321834 0.372888 2.72639 0.287966 0.734993 2.71957 
0.567362 -0.626348 2.7414 0.39116 -0.505212 2.63171 0.45996 -0.501155 2.48653 0.44865 -0.241795 2.41383 0.52985 -0.0421913 2.43868 0.338107 -0.513932 2.78727 0.256743 -0.255586 2.83964 0.314061 -0.0511819 2.8994 0.350573 -0.019187 2.63313 0.402678 -0.0183997 2.51915 0.377235 0.373122 2.51228 0.353587 0.75448 2.48119 0.291005 -0.0188565 2.7282 0.322355 0.373406 2.72502 0.288196 0.734277 2.7195 
0.567007 -0.625917 2.74016 0.391328 -0.505217 2.63167 0.459874 -0.501196 2.48706 0.450637 -0.241908 2.41327 0.529439 -0.0379999 2.43336 0.338251 -0.513892 2.78606 0.257126 -0.255163 2.83971 0.313976 -0.0500369 2.89959 0.350229 -0.0191917 2.63327 0.402794 -0.0179023 2.52019 0.377199 0.373923 2.51216 0.352387 0.754364 2.48108 0.290534 -0.0186661 2.72822 0.322987 0.374606 2.72417 0.288303 0.734044 2.7193 
0.566147 -0.625691 2.73977 0.390047 -0.505238 2.63172 0.459589 -0.500584 2.48833 0.452273 -0.243713 2.41229 0.528425 -0.0344157 2.42291 0.338889 -0.514003 2.78606 0.256808 -0.254024 2.83994 0.313763 -0.0493295 2.90048 0.349556 -0.0192094 2.63363 0.402916 -0.0182761 2.52043 0.377197 0.37426 2.51212 0.352058 0.754316 2.48097 0.289626 -0.0185221 2.72837 0.32368 0.375749 2.72342 0.288352 0.734104 2.71889 
0.566356 -0.625603 2.73984 0.388979 -0.505271 2.63194 0.458415 -0.500228 2.48874 0.452462 -0.245803 2.41021 0.525951 -0.0323636 2.41134 0.338606 -0.514128 2.78737 0.256615 -0.253696 2.84037 0.313627 -0.0490328 2.90094 0.35033 -0.0191702 2.63447 0.40316 -0.0184417 2.51994 0.377269 0.374368 2.51215 0.352364 0.754282 2.48082 0.290004 -0.0182373 2.72881 0.324882 0.376233 2.72254 0.288375 0.734515 2.71807 
0.567015 -0.626752 2.74046 0.389777 -0.505308 2.63247 0.457804 -0.500073 2.48814 0.450903 -0.246339 2.40786 0.52187 -0.0302587 2.40296 0.338855 -0.514305 2.78833 0.25579 -0.25389 2.8412 0.312588 -0.0501533 2.90112 0.350857 -0.0191428 2.63618 0.403013 -0.0184576 2.52044 0.377502 0.374331 2.51229 0.353508 0.754256 2.48054 0.291784 -0.0176498 2.72977 0.327616 0.376534 2.72319 0.288399 0.735606 2.71639 
0.567406 -0.626503 2.74201 0.390409 -0.505398 2.63357 0.457849 -0.500118 2.48879 0.449279 -0.248645 2.4042 0.519111 -0.0323448 2.40038 0.339791 -0.514324 2.78952 0.25407 -0.254623 2.84273 0.310641 -0.0514711 2.90105 0.35101 -0.0192355 2.63753 0.402454 -0.0199485 2.52218 0.377949 0.374081 2.51263 0.353975 0.75408 2.47992 0.291529 -0.0180588 2.73155 0.33195 0.377201 2.72346 0.289075 0.735472 2.7153 
0.567596 -0.624604 2.7451 0.391256 -0.505597 2.63598 0.458577 -0.500349 2.49122 0.446842 -0.251352 2.39963 0.519808 -0.0379181 2.4064 0.339957 -0.514129 2.79168 0.250991 -0.2563 2.84558 0.307805 -0.0537411 2.90067 0.350844 -0.0209535 2.63922 0.401688 -0.0209062 2.52389 0.378504 0.373421 2.51353 0.352104 0.753875 2.47869 0.289122 -0.0196916 2.735 0.336209 0.3773 2.72366 0.290921 0.735382 2.71446 
0.567321 -0.623144 2.75009 0.392824 -0.505894 2.64117 0.46001 -0.500611 2.49431 0.441503 -0.256882 2.39575 0.523893 -0.0499023 2.42197 0.339367 -0.513529 2.79607 0.246601 -0.258764 2.84918 0.304813 -0.0567962 2.89974 0.350149 -0.0210389 2.64192 0.40193 -0.0220095 2.5263 0.379502 0.373637 2.5152 0.351449 0.753654 2.47849 0.285272 -0.0206889 2.73768 0.340433 0.378289 2.72396 0.293236 0.735852 2.71332 
0.566902 -0.619061 2.75723 0.393259 -0.506148 2.64981 0.460493 -0.500866 2.50004 0.432176 -0.264175 2.39271 0.528295 -0.073534 2.44917 0.339181 -0.513732 2.80252 0.239372 -0.263304 2.85512 0.301709 -0.0625271 2.89785 0.348724 -0.022675 2.64487 0.401215 -0.0241874 2.53067 0.381416 0.372984 2.51874 0.351689 0.753271 2.47924 0.281968 -0.0232021 2.74099 0.343863 0.377724 2.72468 0.294723 0.737431 2.71159 
0.567185 -0.618312 2.76776 0.394745 -0.505896 2.65904 0.461701 -0.501079 2.50594 0.42514 -0.271297 2.39592 0.531107 -0.100995 2.47723 0.336801 -0.510901 2.81009 0.230845 -0.266271 2.8646 0.301922 -0.0709764 2.89404 0.347396 -0.02364 2.64742 0.398999 -0.0243757 2.5371 0.385429 0.372699 2.52359 0.35313 0.752336 2.4814 0.279336 -0.024327 2.74634 0.346144 0.375238 2.72855 0.295794 0.73674 2.71151 
0.566368 -0.614757 2.7836 0.396388 -0.504628 2.66917 0.46231 -0.500996 2.51333 0.4215 -0.278218 2.40497 0.530198 -0.133313 2.51232 0.334388 -0.507752 2.81801 0.22221 -0.267788 2.8788 0.305682 -0.0844784 2.88644 0.345458 -0.0245614 2.65076 0.395439 -0.0253372 2.54478 0.39363 0.370891 2.53002 0.354882 0.751557 2.48618 0.275092 -0.0245324 2.75419 0.349663 0.374275 2.73521 0.297634 0.73644 2.71272 
0.564769 -0.607553 2.79863 0.397772 -0.504825 2.67828 0.46309 -0.501847 2.52355 0.417808 -0.281629 2.41738 0.528913 -0.162843 2.54711 0.332394 -0.506078 2.82767 0.214161 -0.269295 2.89093 0.309938 -0.0993557 2.87921 0.34231 -0.0228884 2.65433 0.391651 -0.0246799 2.55314 0.406742 0.371212 2.54082 0.357599 0.751552 2.49407 0.271628 -0.0225472 2.75838 0.354568 0.37735 2.74544 0.299008 0.736492 2.71546 
0.559471 -0.596622 2.81735 0.399289 -0.502123 2.68933 0.464107 -0.500143 2.53798 0.418231 -0.279128 2.43026 0.528296 -0.186009 2.57661 0.329859 -0.502072 2.83966 0.208675 -0.26448 2.90312 0.310173 -0.115282 2.87199 0.336195 -0.0205086 2.66008 0.386084 -0.0232817 2.56221 0.421835 0.36914 2.55731 0.363401 0.750463 2.5124 0.267219 -0.0185401 2.76298 0.365365 0.376409 2.75786 0.304098 0.737418 2.72081 
0.5533 -0.583561 2.83457 0.400992 -0.497499 2.70112 0.46601 -0.497178 2.55239 0.421554 -0.2708 2.44551 0.527752 -0.20241 2.60713 0.330082 -0.498883 2.85098 0.205164 -0.261757 2.91256 0.315444 -0.132667 2.86962 0.327912 -0.0176797 2.66674 0.380054 -0.0199456 2.57041 0.433765 0.367485 2.58094 0.366755 0.748126 2.53404 0.26337 -0.014408 2.7684 0.385849 0.370623 2.77207 0.312864 0.732344 2.72793 
0.547745 -0.570163 2.85009 0.401107 -0.491232 2.71284 0.469753 -0.490974 2.56508 0.428714 -0.256911 2.46474 0.532012 -0.204385 2.63626 0.331209 -0.493333 2.85872 0.20452 -0.256894 2.92209 0.325339 -0.152728 2.87321 0.318325 -0.0109049 2.67532 0.371911 -0.0141068 2.57762 0.443121 0.367742 2.59918 0.369233 0.747807 2.55251 0.257974 -0.00855544 2.77513 0.421353 0.359249 2.79062 0.323958 0.711962 2.74132 
0.543958 -0.557532 2.86442 0.399963 -0.477201 2.72463 0.476928 -0.474824 2.57684 0.440261 -0.240706 2.48086 0.539274 -0.199337 2.6623 0.325677 -0.482356 2.86817 0.204755 -0.247063 2.92984 0.340274 -0.170143 2.88349 0.307266 0.000360702 2.68385 0.362458 -0.00157595 2.58546 0.453286 0.366733 2.61729 0.369107 0.746164 2.56612 0.250023 0.00180911 2.78434 0.469118 0.334749 2.81866 0.336459 0.676136 2.76194 
0.538416 -0.542585 2.88088 0.399831 -0.45453 2.73625 0.48457 -0.451042 2.59067 0.458422 -0.218783 2.49649 0.545162 -0.19415 2.68916 0.316957 -0.46058 2.87801 0.199027 -0.234003 2.9383 0.35538 -0.185428 2.89995 0.297455 0.0138158 2.69487 0.353667 0.0140684 2.59607 0.46833 0.370975 2.64236 0.368181 0.743949 2.57532 0.239118 0.0132267 2.79829 0.518078 0.296004 2.85936 0.342173 0.617454 2.79004 
0.529846 -0.530206 2.90326 0.397658 -0.439824 2.75032 0.489315 -0.434631 2.61248 0.477053 -0.200039 2.51253 0.54616 -0.193345 2.71361 0.306583 -0.444757 2.89396 0.191286 -0.221951 2.94694 0.360394 -0.199025 2.9229 0.28934 0.0237346 2.71 0.347265 0.02489 2.61342 0.478631 0.373631 2.66427 0.365785 0.739837 2.58404 0.229188 0.0212004 2.81316 0.547547 0.255878 2.89922 0.342552 0.554537 2.83015 
0.522058 -0.524251 2.92607 0.394787 -0.432832 2.77077 0.492831 -0.426975 2.63676 0.489509 -0.193165 2.53198 0.543985 -0.201973 2.74017 0.296317 -0.437209 2.91095 0.180314 -0.2181 2.9584 0.358369 -0.214479 2.95014 0.283982 0.0270647 2.73038 0.343405 0.0294245 2.63078 0.475127 0.379341 2.68255 0.362937 0.737896 2.59051 0.220031 0.0224997 2.83 0.56253 0.221491 2.93913 0.33695 0.517512 2.88155 
0.515043 -0.526269 2.95319 0.389976 -0.433536 2.80043 0.493719 -0.428744 2.66569 0.496767 -0.201213 2.55739 0.541907 -0.219153 2.76743 0.28764 -0.43816 2.93147 0.162553 -0.226177 2.97751 0.348077 -0.233872 2.98513 0.279335 0.0235452 2.75512 0.342015 0.027037 2.65479 0.464382 0.381469 2.70334 0.364848 0.74159 2.59667 0.215823 0.017591 2.85293 0.560731 0.194783 2.98192 0.323273 0.4848 2.94027 
0.508908 -0.53784 2.9829 0.386584 -0.445022 2.83035 0.493508 -0.439995 2.69843 0.498995 -0.222067 2.5847 0.540617 -0.245471 2.79462 0.28228 -0.451408 2.96027 0.14351 -0.248351 3.00021 0.333643 -0.251864 3.02972 0.277579 0.0102517 2.78397 0.341151 0.0143388 2.68464 0.45492 0.374188 2.71909 0.363641 0.73259 2.60068 0.214518 0.00581153 2.88038 0.54643 0.189202 3.02459 0.311774 0.495641 3.00664 
0.504248 -0.554775 3.01691 0.381446 -0.46642 2.86067 0.489783 -0.462162 2.73622 0.496587 -0.246156 2.61446 0.539394 -0.270182 2.82138 0.277326 -0.470485 2.99109 0.123231 -0.279358 3.02328 0.317292 -0.271895 3.07064 0.279172 -0.00608441 2.81763 0.34218 -0.00203372 2.71738 0.449453 0.357763 2.73608 0.36297 0.719474 2.60661 0.216367 -0.0103778 2.91677 0.516627 0.204923 3.05791 0.299381 0.533952 3.06536 
0.499098 -0.570234 3.05062 0.371124 -0.497033 2.90197 0.480223 -0.492653 2.77586 0.481346 -0.27747 2.64834 0.537611 -0.294845 2.84429 0.268752 -0.497952 3.03256 0.104981 -0.315687 3.054 0.302378 -0.292644 3.11566 0.281723 -0.0282739 2.8618 0.344095 -0.0242875 2.76291 0.448927 0.330908 2.7634 0.372284 0.704159 2.61959 0.21806 -0.0334636 2.96268 0.462002 0.249302 3.08929 0.274503 0.587349 3.11857 
0.494099 -0.579829 3.08538 0.361188 -0.513854 2.94186 0.464006 -0.507947 2.81173 0.463326 -0.292479 2.68169 0.536711 -0.306009 2.86809 0.263814 -0.516321 3.06955 0.0925137 -0.33667 3.0929 0.287684 -0.297733 3.1619 0.276101 -0.0404172 2.90236 0.339724 -0.0370971 2.80094 0.459083 0.314553 2.80336 0.373464 0.674336 2.63972 0.213666 -0.0439902 3.00524 0.417472 0.287502 3.11184 0.253451 0.637355 3.14494 
0.488636 -0.580998 3.12147 0.352153 -0.520381 2.98122 0.445495 -0.515123 2.85052 0.439539 -0.295246 2.71812 0.534305 -0.303338 2.89935 0.257948 -0.519731 3.11176 0.0868416 -0.337391 3.13964 0.282493 -0.287281 3.21639 0.266119 -0.0423294 2.94461 0.331648 -0.040423 2.8418 0.483497 0.297138 2.86016 0.361137 0.618442 2.67445 0.203932 -0.0429388 3.04596 0.379902 0.318431 3.12786 0.233774 0.684538 3.15733 
0.48472 -0.5746 3.155 0.345939 -0.508581 3.0197 0.430507 -0.505358 2.88522 0.415745 -0.28438 2.75413 0.531115 -0.287246 2.9303 0.255954 -0.506048 3.1528 0.0901476 -0.319589 3.18577 0.289982 -0.264476 3.2611 0.255598 -0.0289012 2.98029 0.32285 -0.0296884 2.88159 0.5157 0.276284 2.92244 0.341563 0.541223 2.73025 0.190952 -0.0269849 3.08084 0.344123 0.344353 3.14313 0.206581 0.718064 3.15982 
0.481745 -0.569392 3.18873 0.338186 -0.480931 3.05884 0.417527 -0.481351 2.92264 0.390963 -0.269105 2.79201 0.523781 -0.264041 2.95803 0.255621 -0.480601 3.19438 0.10071 -0.285205 3.24123 0.300012 -0.245374 3.3074 0.243024 -0.00726757 3.01733 0.312236 -0.0092842 2.9165 0.541508 0.246194 2.9876 0.334169 0.459014 2.80921 0.176096 -0.00382829 3.11497 0.317031 0.364841 3.15919 0.192809 0.738514 3.16042 
0.478725 -0.567439 3.22434 0.333743 -0.465761 3.10057 0.408818 -0.467412 2.9588 0.376447 -0.262746 2.82637 0.515496 -0.256768 2.98797 0.256142 -0.467195 3.23542 0.112078 -0.268155 3.29329 0.311524 -0.245923 3.34489 0.233324 0.00281551 3.05029 0.299626 -0.000492614 2.95151 0.550579 0.217273 3.04603 0.332005 0.416525 2.89057 0.165971 0.00798291 3.14589 0.298508 0.369831 3.17775 0.185286 0.742622 3.16459 
0.476097 -0.573978 3.25811 0.329829 -0.47205 3.13654 0.400337 -0.474583 2.99275 0.369783 -0.27552 2.85774 0.512075 -0.268392 3.01489 0.255534 -0.472254 3.27554 0.123031 -0.268543 3.34124 0.322807 -0.262907 3.37743 0.22492 -0.00327093 3.07802 0.288839 -0.00695532 2.98195 0.546828 0.192443 3.09228 0.336922 0.432782 2.96972 0.158456 0.00332368 3.1759 0.282489 0.363618 3.20115 0.180114 0.737363 3.17157 
0.474346 -0.588552 3.28931 0.325775 -0.493714 3.17083 0.395686 -0.497642 3.02676 0.368356 -0.302229 2.88483 0.509414 -0.295376 3.04144 0.254797 -0.491517 3.31 0.12761 -0.289755 3.37721 0.325489 -0.283559 3.40273 0.220933 -0.0241408 3.10603 0.282418 -0.0277692 3.00784 0.529509 0.193357 3.12397 0.348329 0.485062 3.03843 0.153293 -0.0175268 3.20252 0.277686 0.343309 3.22354 0.178919 0.715095 3.18296 
0.469504 -0.604728 3.31907 0.322165 -0.518766 3.19761 0.395376 -0.523996 3.05393 0.372744 -0.326147 2.91306 0.509133 -0.323562 3.07339 0.249817 -0.51425 3.33912 0.121379 -0.306762 3.40035 0.317979 -0.30149 3.42711 0.219242 -0.0490922 3.13269 0.281322 -0.0511081 3.03563 0.502942 0.209944 3.15205 0.357615 0.552784 3.09254 0.14932 -0.0444794 3.22564 0.291518 0.309583 3.25899 0.178009 0.667901 3.19979 
0.462535 -0.613564 3.34572 0.318628 -0.535784 3.22281 0.395634 -0.540365 3.0795 0.38573 -0.33858 2.94094 0.513486 -0.342147 3.10446 0.239813 -0.527889 3.36168 0.106132 -0.316884 3.41056 0.30279 -0.299461 3.45173 0.220496 -0.0647278 3.15734 0.282602 -0.0643313 3.06321 0.461827 0.243649 3.17017 0.355816 0.612593 3.12375 0.150023 -0.0619063 3.2521 0.333938 0.269934 3.30896 0.177143 0.596207 3.21917 
0.453107 -0.611306 3.37449 0.312822 -0.531792 3.25131 0.39392 -0.536751 3.11434 0.412404 -0.327347 2.97584 0.522167 -0.344878 3.14789 0.221073 -0.523545 3.38627 0.0876392 -0.309421 3.41377 0.284822 -0.283073 3.47328 0.222131 -0.0616477 3.18869 0.287516 -0.0595973 3.09141 0.421348 0.29108 3.18453 0.330552 0.661396 3.13784 0.151286 -0.0620722 3.27967 0.382106 0.236214 3.37758 0.183854 0.513914 3.24815 
0.443019 -0.60373 3.40063 0.307858 -0.510658 3.27377 0.397838 -0.51598 3.14508 0.440158 -0.305381 3.01685 0.529853 -0.335623 3.19365 0.205817 -0.503294 3.40455 0.0719589 -0.293656 3.41741 0.264461 -0.261357 3.49171 0.220341 -0.0410909 3.213 0.287275 -0.036768 3.12316 0.396136 0.32574 3.20132 0.29777 0.676606 3.14028 0.146701 -0.0450645 3.30444 0.414794 0.201389 3.43684 0.213265 0.469511 3.29427 
0.432417 -0.59158 3.42913 0.300633 -0.482252 3.29915 0.401919 -0.484752 3.18332 0.466746 -0.280199 3.06171 0.532516 -0.325926 3.24057 0.188072 -0.478268 3.42422 0.054337 -0.274672 3.42027 0.2396 -0.237655 3.51045 0.213405 -0.0166674 3.23891 0.280835 -0.0121764 3.15311 0.37898 0.350044 3.22679 0.29144 0.69606 3.14399 0.138224 -0.0229807 3.33027 0.432157 0.162622 3.49926 0.224273 0.422115 3.35761 
0.421922 -0.586658 3.45906 0.292846 -0.466424 3.33071 0.403725 -0.464646 3.22142 0.476927 -0.268195 3.10538 0.521794 -0.322087 3.2825 0.173339 -0.466511 3.44746 0.0374343 -0.268976 3.43575 0.216086 -0.227486 3.53189 0.201675 -0.00637473 3.27131 0.267492 -0.00268347 3.18792 0.36685 0.359327 3.25112 0.296602 0.715082 3.15019 0.125359 -0.0150293 3.35932 0.428688 0.129666 3.55486 0.233551 0.416736 3.44463 
0.409142 -0.596924 3.4903 0.279418 -0.476348 3.36054 0.397027 -0.474618 3.2508 0.467586 -0.278835 3.13399 0.499612 -0.326362 3.31335 0.160339 -0.477647 3.47799 0.0184289 -0.287834 3.45876 0.193974 -0.242899 3.55582 0.189235 -0.0184909 3.30402 0.257828 -0.010661 3.21843 0.359322 0.34836 3.27076 0.294432 0.707485 3.15723 0.109538 -0.027228 3.3933 0.409317 0.122874 3.59917 0.236003 0.446772 3.52807 
0.398522 -0.613547 3.52132 0.265626 -0.502921 3.39427 0.38257 -0.498864 3.27893 0.438505 -0.302929 3.15703 0.474414 -0.334314 3.33942 0.149303 -0.503863 3.51308 0.00371844 -0.316264 3.4959 0.178764 -0.263333 3.58542 0.176195 -0.0387861 3.34548 0.245964 -0.0297158 3.25416 0.351333 0.324865 3.29644 0.292787 0.688458 3.17007 0.0977308 -0.0465053 3.43381 0.37562 0.138583 3.63872 0.222897 0.487184 3.60851 
0.387666 -0.629193 3.55296 0.249909 -0.53357 3.43439 0.36081 -0.529105 3.31314 0.394762 -0.329266 3.18121 0.452208 -0.344106 3.36226 0.138674 -0.534109 3.55819 -0.00833363 -0.346982 3.55637 0.168881 -0.28933 3.6253 0.160613 -0.0652121 3.39412 0.230651 -0.0566574 3.29754 0.35782 0.284446 3.33962 0.293754 0.656391 3.19464 0.0860221 -0.0710364 3.48371 0.327046 0.180303 3.67119 0.191651 0.543402 3.68256 
0.379438 -0.630775 3.57811 0.234547 -0.547216 3.47358 0.329277 -0.540814 3.34213 0.348557 -0.337734 3.20544 0.437819 -0.340381 3.38243 0.133642 -0.549652 3.60111 -0.0141106 -0.354442 3.61455 0.171433 -0.292957 3.65646 0.143526 -0.0772587 3.43512 0.212629 -0.0719036 3.33845 0.387142 0.256273 3.39348 0.282326 0.601778 3.23179 0.0714704 -0.0785151 3.52917 0.280423 0.225951 3.68893 0.149296 0.598369 3.72907 
0.372044 -0.622044 3.60331 0.22008 -0.541948 3.50675 0.304282 -0.535003 3.37114 0.300869 -0.328984 3.2362 0.41664 -0.320038 3.40424 0.131389 -0.54398 3.63977 -0.0143043 -0.339633 3.67766 0.179563 -0.281245 3.68044 0.125288 -0.0685089 3.47944 0.194514 -0.0670247 3.37534 0.416323 0.231016 3.45078 0.266589 0.539278 3.27995 0.0557558 -0.067634 3.57135 0.23308 0.2751 3.70158 0.106583 0.65495 3.75278 
0.365376 -0.599658 3.62935 0.201088 -0.511468 3.54801 0.278809 -0.505882 3.40864 0.25629 -0.300153 3.27071 0.385317 -0.281823 3.43301 0.124058 -0.514884 3.68542 -0.010859 -0.305337 3.74381 0.191747 -0.259149 3.70312 0.103075 -0.0388099 3.52743 0.171183 -0.039266 3.42377 0.435186 0.19784 3.50894 0.254057 0.469314 3.35444 0.0353397 -0.0362504 3.6191 0.188747 0.324067 3.71356 0.0638117 0.711949 3.76277 
0.357483 -0.574806 3.65436 0.184696 -0.475243 3.58115 0.258737 -0.469591 3.44003 0.223012 -0.268795 3.30488 0.361944 -0.246599 3.46112 0.114745 -0.482741 3.72293 -0.00587062 -0.273392 3.7905 0.203632 -0.236821 3.72615 0.0811099 -0.00913677 3.56639 0.148466 -0.0110641 3.46665 0.4356 0.176344 3.55447 0.244368 0.436008 3.42299 0.0156636 -0.00685618 3.65985 0.163209 0.359305 3.72923 0.0387127 0.741474 3.76689 
0.348895 -0.550486 3.67898 0.171332 -0.449609 3.61713 0.237758 -0.441405 3.47414 0.195289 -0.244225 3.33892 0.338151 -0.218415 3.49139 0.108716 -0.457706 3.76059 -0.00516408 -0.247421 3.82581 0.208558 -0.218481 3.74687 0.0605705 0.0107265 3.60151 0.126281 0.00869863 3.4987 0.422146 0.167511 3.60012 0.232245 0.442539 3.49877 -0.000805476 0.0136963 3.69054 0.149175 0.379457 3.75453 0.0233131 0.755233 3.77012 
0.342183 -0.538138 3.69794 0.160606 -0.44136 3.64256 0.223566 -0.432372 3.49735 0.175912 -0.235204 3.36558 0.320013 -0.206179 3.51618 0.103043 -0.448708 3.78898 -0.0101312 -0.236982 3.85109 0.204498 -0.209192 3.76731 0.0488921 0.0156326 3.62245 0.114034 0.0142245 3.52308 0.403828 0.180535 3.6297 0.214109 0.471184 3.54644 -0.013516 0.0192337 3.71249 0.136725 0.386282 3.7678 0.0155941 0.761459 3.77205 
0.338532 -0.535562 3.71038 0.151661 -0.444208 3.6657 0.215155 -0.436985 3.51886 0.162917 -0.235634 3.38945 0.305929 -0.203064 3.5402 0.0952895 -0.449208 3.81282 -0.019598 -0.236729 3.86944 0.194954 -0.206081 3.78192 0.0419815 0.0127878 3.63849 0.107612 0.011546 3.54142 0.380494 0.205294 3.65218 0.189903 0.51374 3.58415 -0.0226815 0.0157672 3.73071 0.122841 0.384754 3.77622 0.0101341 0.76165 3.77342 
0.335375 -0.539063 3.71889 0.144585 -0.454358 3.68487 0.210226 -0.450884 3.5389 0.153868 -0.242482 3.41112 0.29407 -0.208164 3.56437 0.0845762 -0.457842 3.82897 -0.0316191 -0.245467 3.88673 0.181853 -0.207736 3.7959 0.0387413 0.00357528 3.65608 0.106485 0.00237499 3.55648 0.345719 0.244252 3.67319 0.157837 0.573177 3.6101 -0.0285209 0.00722542 3.74775 0.108424 0.381491 3.78034 0.00672982 0.7576 3.77509 
0.332114 -0.542945 3.72236 0.140283 -0.464165 3.6957 0.208371 -0.462289 3.55135 0.148604 -0.247758 3.42665 0.283861 -0.214223 3.58303 0.0753122 -0.467624 3.83877 -0.0439426 -0.251988 3.89438 0.167516 -0.215036 3.81029 0.0399402 -0.00367857 3.66866 0.107591 -0.00464028 3.56477 0.306062 0.280137 3.68404 0.128794 0.623644 3.62385 -0.0291772 -0.000232259 3.75884 0.097753 0.37657 3.78312 0.00624427 0.75414 3.77557 
0.328913 -0.543398 3.72272 0.136472 -0.468913 3.70247 0.206166 -0.468107 3.55865 0.145893 -0.250722 3.43679 0.277097 -0.218339 3.59715 0.0673348 -0.471914 3.848 -0.0562914 -0.254122 3.89683 0.156086 -0.220864 3.82172 0.0412922 -0.00460043 3.67805 0.10829 -0.00646231 3.57065 0.261425 0.315004 3.68712 0.102167 0.669288 3.63285 -0.0275352 -0.00276337 3.76533 0.0909182 0.370727 3.78581 0.00576732 0.752277 3.77512 
0.327001 -0.542994 3.72179 0.133479 -0.469408 3.70716 0.204371 -0.469294 3.56261 0.145093 -0.251626 3.44506 0.274268 -0.219203 3.6063 0.0631184 -0.470807 3.8545 -0.0616253 -0.250473 3.89562 0.147684 -0.223414 3.83288 0.0437334 -0.00435219 3.68446 0.109225 -0.00595897 3.57483 0.231495 0.33962 3.68397 0.0754799 0.701808 3.63473 -0.0250111 -0.00373732 3.7704 0.0854434 0.372388 3.7902 0.00688031 0.751466 3.77612 
0.326861 -0.542612 3.71958 0.132386 -0.467612 3.70995 0.204658 -0.467012 3.56311 0.144288 -0.250826 3.44957 0.271932 -0.218231 3.60986 0.0604126 -0.470416 3.85689 -0.0660424 -0.258155 3.90248 0.144857 -0.223569 3.83676 0.0441417 -0.00558124 3.68654 0.11129 -0.00560357 3.57714 0.218275 0.349998 3.68307 0.0645334 0.714714 3.63405 -0.0249102 -0.00514825 3.77221 0.0830894 0.372095 3.79389 0.00720647 0.751108 3.77653 
0.328445 -0.542128 3.71563 0.132821 -0.467464 3.70997 0.205031 -0.464816 3.56254 0.143283 -0.250404 3.45015 0.270649 -0.216587 3.60932 0.0603864 -0.471766 3.85671 -0.0661548 -0.261875 3.90396 0.146105 -0.223187 3.83868 0.0424518 -0.00775446 3.68547 0.110794 -0.00680382 3.57646 0.2247 0.344354 3.684 0.0712631 0.705614 3.63554 -0.0269778 -0.0066749 3.77179 0.082077 0.371034 3.79127 0.00753413 0.751257 3.77637 
0.331098 -0.540408 3.70911 0.134958 -0.468848 3.70732 0.205308 -0.466087 3.56059 0.140856 -0.25037 3.44672 0.270072 -0.213678 3.60392 0.0631739 -0.474302 3.85382 -0.064285 -0.264664 3.90327 0.151396 -0.221143 3.83614 0.0379397 -0.00947516 3.68076 0.107625 -0.00895819 3.57247 0.246225 0.32263 3.68693 0.0878462 0.677345 3.63962 -0.030201 -0.00775773 3.76893 0.0841385 0.368236 3.78617 0.0073215 0.753225 3.7756 
0.334589 -0.538769 3.70009 0.137659 -0.467058 3.70295 0.203286 -0.464381 3.5564 0.137698 -0.249242 3.43991 0.269737 -0.208254 3.59379 0.0704065 -0.47268 3.84916 -0.0590479 -0.261845 3.90025 0.159615 -0.213591 3.82908 0.0346607 -0.00881095 3.67428 0.104665 -0.00908391 3.56775 0.278441 0.290582 3.68859 0.109287 0.633689 3.63764 -0.0340592 -0.00594099 3.76425 0.0878665 0.36887 3.78313 0.00906655 0.754979 3.77415 
0.339925 -0.534122 3.68856 0.142204 -0.460768 3.69682 0.200188 -0.458334 3.55001 0.135441 -0.246535 3.4306 0.271381 -0.199997 3.57897 0.0812483 -0.466028 3.84246 -0.0505253 -0.25643 3.89574 0.171859 -0.19988 3.81881 0.0312134 -0.00693262 3.66505 0.100229 -0.00892956 3.56219 0.314003 0.248616 3.68514 0.135589 0.576741 3.62872 -0.0361464 -0.00162655 3.75778 0.0957099 0.374998 3.77996 0.0095849 0.756747 3.77357 
0.345364 -0.527879 3.67344 0.148523 -0.452111 3.68755 0.199278 -0.448719 3.53802 0.134199 -0.239486 3.41713 0.275502 -0.187634 3.56005 0.0965925 -0.456495 3.83265 -0.0389027 -0.24587 3.88728 0.18591 -0.183946 3.80464 0.0281945 -0.00144064 3.65082 0.0942309 -0.00568318 3.55291 0.341519 0.195758 3.67537 0.160366 0.512849 3.60668 -0.0370768 0.00517619 3.74617 0.110268 0.380068 3.7749 0.0122492 0.758447 3.77303 
0.35223 -0.519839 3.65196 0.160244 -0.435178 3.66928 0.199888 -0.431277 3.51831 0.135014 -0.226536 3.39816 0.281519 -0.17199 3.53691 0.115924 -0.441408 3.81893 -0.0208367 -0.230275 3.87013 0.202284 -0.168075 3.7858 0.0243313 0.0086332 3.63579 0.0861999 0.00145536 3.53733 0.367623 0.136681 3.65134 0.1936 0.440841 3.5656 -0.0352045 0.0175205 3.72833 0.127685 0.390254 3.77015 0.0148958 0.760357 3.77144 
0.358473 -0.516384 3.62996 0.168997 -0.419452 3.64952 0.201871 -0.415935 3.49929 0.13864 -0.217645 3.37705 0.290327 -0.164781 3.5128 0.13035 -0.426764 3.79883 -0.00422319 -0.220156 3.8536 0.215817 -0.156782 3.76757 0.0261559 0.0183003 3.62102 0.0848335 0.00915433 3.51887 0.387552 0.109394 3.6135 0.227576 0.403227 3.51243 -0.0288235 0.0282887 3.71319 0.142635 0.398883 3.76559 0.0168774 0.76136 3.76935 
0.364472 -0.519994 3.60647 0.176833 -0.415825 3.62455 0.204483 -0.410865 3.47555 0.143597 -0.216043 3.35137 0.300137 -0.168256 3.48651 0.14381 -0.423505 3.77339 0.0100532 -0.221648 3.83506 0.228368 -0.157353 3.74797 0.0323777 0.0214542 3.60305 0.0909166 0.0104604 3.49735 0.403013 0.111884 3.56703 0.251866 0.401175 3.45029 -0.018496 0.0323335 3.69741 0.149682 0.39925 3.75814 0.0198977 0.760347 3.76798 
0.370514 -0.533986 3.57865 0.185905 -0.431612 3.59471 0.211273 -0.424995 3.44314 0.15043 -0.229803 3.32122 0.311098 -0.185616 3.45302 0.154794 -0.439751 3.74523 0.0224787 -0.237578 3.81244 0.239684 -0.171402 3.72573 0.0468608 0.00973883 3.57687 0.104073 0.000212622 3.47489 0.41661 0.139588 3.51456 0.2711 0.43223 3.38155 -0.00272072 0.0182917 3.67688 0.150268 0.388069 3.74338 0.0234083 0.755247 3.76671 
0.377329 -0.551068 3.55086 0.198574 -0.458624 3.56561 0.221369 -0.451681 3.41532 0.157565 -0.253077 3.28753 0.323441 -0.208528 3.41815 0.163344 -0.465432 3.71352 0.0336462 -0.265162 3.78404 0.250932 -0.195271 3.70266 0.0666875 -0.00745905 3.55198 0.122502 -0.0139389 3.44658 0.417358 0.17765 3.47474 0.273608 0.484694 3.32261 0.0150643 -0.00204785 3.64782 0.147982 0.372333 3.7204 0.027166 0.743759 3.76196 
0.384305 -0.569928 3.52157 0.207639 -0.485804 3.53476 0.235804 -0.478803 3.38068 0.168644 -0.27879 3.25078 0.336811 -0.233967 3.37874 0.16837 -0.4935 3.6797 0.0394662 -0.293058 3.75062 0.257146 -0.217493 3.6839 0.0880453 -0.0268458 3.52227 0.144941 -0.0287147 3.41214 0.403937 0.218722 3.43096 0.261664 0.550229 3.27247 0.0365798 -0.0241799 3.61651 0.156466 0.34784 3.70038 0.0349728 0.719804 3.75059 
0.393585 -0.584209 3.49148 0.214759 -0.510471 3.49173 0.254982 -0.50364 3.33906 0.185323 -0.297101 3.20725 0.354359 -0.249264 3.33703 0.172142 -0.518813 3.6349 0.0412116 -0.314182 3.70954 0.259006 -0.233124 3.6652 0.115349 -0.04693 3.48081 0.170824 -0.0451819 3.37042 0.36793 0.268735 3.37506 0.242951 0.627052 3.23121 0.0634234 -0.0468135 3.5769 0.18832 0.315575 3.68187 0.0433876 0.67064 3.72518 
0.405187 -0.589175 3.4643 0.223785 -0.514274 3.45187 0.274626 -0.507438 3.30085 0.20824 -0.297485 3.1687 0.376366 -0.249846 3.30077 0.174495 -0.520491 3.59505 0.0413035 -0.315389 3.67056 0.259851 -0.233359 3.64612 0.137347 -0.0519218 3.43884 0.193629 -0.046934 3.33506 0.328972 0.305196 3.33116 0.218918 0.678927 3.2002 0.086837 -0.054313 3.5412 0.248418 0.28899 3.66403 0.0515608 0.598803 3.67965 
0.420096 -0.583878 3.43798 0.234765 -0.498461 3.41704 0.294394 -0.491616 3.26647 0.234846 -0.282721 3.13101 0.400112 -0.236901 3.26712 0.178517 -0.505213 3.55902 0.0419249 -0.300351 3.62489 0.25957 -0.221678 3.62544 0.149761 -0.0375605 3.40454 0.205418 -0.0313719 3.29643 0.301747 0.336511 3.29629 0.197774 0.716336 3.17944 0.0998166 -0.0427625 3.50204 0.310641 0.266163 3.64471 0.0702879 0.526018 3.62354 
0.437948 -0.571063 3.4098 0.251697 -0.472944 3.37858 0.319882 -0.466098 3.23039 0.271778 -0.255682 3.09226 0.432472 -0.209549 3.23657 0.186203 -0.478814 3.52016 0.045646 -0.28157 3.57363 0.260578 -0.205713 3.60471 0.156529 -0.0132391 3.36628 0.212751 -0.00495689 3.26214 0.294541 0.36138 3.26589 0.184265 0.740688 3.16641 0.103773 -0.0232197 3.46402 0.375548 0.231946 3.61017 0.10752 0.458531 3.55347 
0.454247 -0.562713 3.38433 0.269096 -0.45744 3.35082 0.346168 -0.44752 3.20218 0.303586 -0.236009 3.06384 0.465094 -0.196017 3.21532 0.196146 -0.465778 3.4913 0.0532397 -0.273494 3.53127 0.264621 -0.196674 3.58065 0.162682 0.000646298 3.33742 0.218605 0.0101582 3.23305 0.298274 0.372806 3.24647 0.181138 0.749586 3.16115 0.108295 -0.0116467 3.43491 0.418421 0.202601 3.57211 0.160254 0.427668 3.49121 
0.470603 -0.561929 3.35947 0.284392 -0.455534 3.32637 0.36546 -0.44436 3.18063 0.328099 -0.232156 3.04305 0.490229 -0.196132 3.19797 0.209642 -0.466519 3.46506 0.0634046 -0.277499 3.50306 0.270031 -0.194749 3.55708 0.17169 -4.09243e-05 3.30918 0.226064 0.00871813 3.21016 0.304258 0.371701 3.2316 0.184214 0.748411 3.15788 0.117244 -0.0114596 3.41113 0.444446 0.188638 3.52903 0.217757 0.439476 3.43063 
0.489082 -0.569493 3.33581 0.303642 -0.470664 3.30322 0.382067 -0.459961 3.15727 0.341102 -0.246071 3.02352 0.500066 -0.209534 3.17963 0.226465 -0.480483 3.44103 0.0769904 -0.295522 3.47979 0.280685 -0.202459 3.53175 0.187435 -0.0120499 3.28779 0.239464 -0.0046749 3.18804 0.317472 0.357918 3.2154 0.19757 0.734646 3.15447 0.134039 -0.0219387 3.38734 0.461046 0.193451 3.48135 0.279464 0.493041 3.37159 
0.507632 -0.584309 3.3132 0.318919 -0.494757 3.28117 0.393338 -0.484304 3.13325 0.341118 -0.27388 3.00503 0.492881 -0.235857 3.15422 0.248343 -0.507468 3.42322 0.0968757 -0.321417 3.45791 0.297599 -0.217791 3.50797 0.207481 -0.0359573 3.27111 0.255488 -0.0287594 3.16899 0.354786 0.326093 3.1963 0.226354 0.699037 3.15163 0.153295 -0.0434458 3.36906 0.458551 0.221608 3.42612 0.318991 0.560066 3.33184 
0.522023 -0.592545 3.28867 0.333748 -0.512065 3.26242 0.397091 -0.500434 3.11584 0.334619 -0.291236 2.98751 0.486422 -0.248514 3.13051 0.271291 -0.521296 3.40621 0.117991 -0.33324 3.44505 0.318609 -0.223711 3.48436 0.223641 -0.0488569 3.24989 0.270968 -0.0435274 3.14958 0.411017 0.296592 3.17707 0.270793 0.654266 3.14714 0.172226 -0.0519734 3.35171 0.450326 0.257439 3.3778 0.316264 0.613896 3.31326 
0.531303 -0.591238 3.2659 0.345129 -0.507399 3.24818 0.394703 -0.498259 3.09904 0.322898 -0.28831 2.97303 0.483401 -0.241366 3.10929 0.293884 -0.514083 3.39272 0.143553 -0.318691 3.44156 0.347931 -0.216531 3.45843 0.239181 -0.0436514 3.229 0.283812 -0.0408321 3.12824 0.464901 0.274022 3.15349 0.29644 0.598369 3.13707 0.193798 -0.0437477 3.33326 0.447025 0.291817 3.33703 0.311029 0.648927 3.30255 
0.538815 -0.58125 3.24126 0.357721 -0.483006 3.2296 0.389825 -0.475768 3.07537 0.315131 -0.266869 2.95702 0.484237 -0.219777 3.08341 0.317024 -0.487412 3.37733 0.179231 -0.285453 3.44037 0.383171 -0.200581 3.42528 0.25421 -0.0166131 3.20446 0.294262 -0.0180052 3.10513 0.525578 0.249741 3.1213 0.323073 0.523792 3.11748 0.215276 -0.0141804 3.31078 0.44847 0.327738 3.30806 0.305931 0.682269 3.29375 
0.544287 -0.573381 3.21871 0.368492 -0.461311 3.20597 0.388139 -0.455116 3.05525 0.312053 -0.250521 2.93964 0.48835 -0.203367 3.06071 0.340988 -0.466077 3.35647 0.216658 -0.262281 3.42857 0.42065 -0.19339 3.39128 0.267744 0.00309717 3.18235 0.305426 -0.00172585 3.08502 0.593169 0.195338 3.08506 0.362623 0.437133 3.08771 0.23115 0.00716006 3.28706 0.432799 0.359967 3.28526 0.300104 0.728898 3.29178 
0.549834 -0.574362 3.19456 0.378481 -0.454096 3.18416 0.388728 -0.448827 3.03497 0.312755 -0.248856 2.91596 0.495344 -0.204192 3.03437 0.364986 -0.458059 3.33149 0.252418 -0.251694 3.41182 0.45499 -0.197619 3.3532 0.278271 0.00811359 3.15808 0.310048 0.000499395 3.05952 0.632858 0.154928 3.04537 0.419525 0.404134 3.04583 0.243208 0.0140871 3.25939 0.429601 0.370256 3.26614 0.301173 0.744057 3.28947 
0.556699 -0.589252 3.16436 0.395211 -0.469526 3.15585 0.398488 -0.466614 3.00703 0.316796 -0.269847 2.88146 0.50845 -0.223275 3.00501 0.386403 -0.472858 3.3047 0.281908 -0.262611 3.38735 0.483505 -0.220081 3.31192 0.292694 -0.00939565 3.12766 0.320399 -0.0177275 3.02924 0.653379 0.124994 3.0014 0.489503 0.415421 2.9782 0.254879 -0.00113134 3.23089 0.428552 0.358795 3.24715 0.302305 0.741682 3.28532 
0.566039 -0.61183 3.13457 0.405246 -0.499759 3.12431 0.406881 -0.496208 2.9754 0.325384 -0.301057 2.8443 0.521317 -0.253051 2.97336 0.399599 -0.501515 3.27304 0.29913 -0.286967 3.35855 0.500135 -0.247826 3.27623 0.305196 -0.035077 3.09819 0.331831 -0.0450596 2.99826 0.660355 0.125587 2.96155 0.536077 0.450599 2.90652 0.265545 -0.0265892 3.19844 0.430017 0.33522 3.23228 0.315047 0.718853 3.27753 
0.576445 -0.632532 3.1043 0.41255 -0.534625 3.09068 0.421323 -0.531392 2.9413 0.341923 -0.335109 2.80438 0.536024 -0.28557 2.93467 0.40239 -0.535855 3.23995 0.305998 -0.314466 3.31974 0.508012 -0.273509 3.24375 0.317498 -0.0658661 3.06517 0.348498 -0.0727852 2.9662 0.651941 0.143711 2.92405 0.561306 0.498242 2.83895 0.275598 -0.0600712 3.16497 0.44422 0.293756 3.21742 0.3312 0.677505 3.26013 
0.587517 -0.65172 3.07406 0.42064 -0.564618 3.04982 0.445454 -0.561656 2.90122 0.370207 -0.362211 2.75918 0.556892 -0.311593 2.89504 0.400865 -0.564606 3.19907 0.30657 -0.337749 3.27214 0.507198 -0.285354 3.21127 0.330486 -0.0963176 3.0238 0.367302 -0.0991608 2.92433 0.618833 0.183302 2.88786 0.559652 0.562398 2.77079 0.28701 -0.0929002 3.12402 0.493413 0.238334 3.20037 0.352805 0.603907 3.22361 
0.598676 -0.65277 3.04876 0.427955 -0.571297 3.01775 0.469364 -0.570012 2.87087 0.405332 -0.365884 2.721 0.581754 -0.319181 2.85833 0.397012 -0.571555 3.16257 0.298056 -0.33763 3.22814 0.499286 -0.277034 3.18652 0.344184 -0.104032 2.98437 0.384688 -0.103397 2.88241 0.577954 0.231279 2.85154 0.53525 0.625909 2.72602 0.300954 -0.102766 3.08765 0.555372 0.192154 3.18677 0.37743 0.523623 3.18034 
0.609519 -0.63832 3.02416 0.438574 -0.554382 2.98487 0.494077 -0.556655 2.83621 0.445894 -0.348365 2.68637 0.614514 -0.306543 2.82629 0.388534 -0.551743 3.12654 0.285125 -0.317975 3.1782 0.487383 -0.251832 3.16275 0.354324 -0.0867014 2.94446 0.399193 -0.0835841 2.84276 0.543681 0.283993 2.8168 0.494852 0.685325 2.69484 0.30984 -0.0877894 3.04405 0.613478 0.146067 3.16613 0.410146 0.451604 3.12906 
0.620588 -0.611174 2.99983 0.450819 -0.51672 2.94691 0.517108 -0.523456 2.79898 0.487659 -0.316978 2.64912 0.641358 -0.273648 2.79933 0.383434 -0.51255 3.08922 0.272382 -0.284914 3.12311 0.46657 -0.207405 3.14037 0.362811 -0.050715 2.89865 0.409657 -0.0468664 2.79587 0.525259 0.332518 2.78066 0.465831 0.731797 2.67512 0.313644 -0.0543329 2.99695 0.653555 0.103385 3.13257 0.447896 0.406814 3.06597 
0.632311 -0.58962 2.97646 0.461256 -0.490068 2.91195 0.53476 -0.497804 2.7679 0.509831 -0.293999 2.61893 0.652832 -0.250411 2.77704 0.385441 -0.488263 3.05678 0.266415 -0.259793 3.07645 0.460477 -0.176549 3.11223 0.368363 -0.0249006 2.85878 0.414699 -0.0215482 2.75706 0.526429 0.35576 2.75621 0.453459 0.750839 2.665 0.316287 -0.0293388 2.96081 0.676307 0.0868636 3.09371 0.47877 0.393498 3.00692 
0.643777 -0.576556 2.95456 0.472131 -0.474019 2.88236 0.548125 -0.480106 2.73454 0.519097 -0.279733 2.59327 0.654846 -0.233486 2.75364 0.393757 -0.471539 3.02521 0.262614 -0.249443 3.03671 0.453675 -0.154699 3.07739 0.370914 -0.0138282 2.82241 0.41665 -0.0102235 2.72271 0.527464 0.36712 2.73696 0.446715 0.758166 2.65847 0.319238 -0.0176879 2.92475 0.691426 0.0927658 3.0451 0.504889 0.405881 2.94629 
0.652924 -0.571818 2.93608 0.480565 -0.474573 2.8561 0.556256 -0.480215 2.70963 0.517694 -0.279917 2.5678 0.6424 -0.227096 2.73402 0.40049 -0.473166 3.00009 0.258407 -0.256576 3.00943 0.444672 -0.147614 3.04421 0.372024 -0.0163957 2.79848 0.418719 -0.0127875 2.69348 0.522691 0.365184 2.71434 0.443242 0.757781 2.65384 0.321959 -0.0197009 2.90193 0.69767 0.11993 2.99806 0.521268 0.435014 2.89669 
0.660977 -0.574277 2.91996 0.486398 -0.48304 2.83494 0.560606 -0.487591 2.68864 0.513923 -0.284376 2.5502 0.631451 -0.227537 2.71587 0.406208 -0.482595 2.98078 0.257669 -0.267942 2.99363 0.448162 -0.15676 3.02103 0.375896 -0.0246806 2.78314 0.42124 -0.0214914 2.67594 0.515651 0.362328 2.69568 0.442596 0.757218 2.65102 0.32616 -0.0274099 2.88476 0.689394 0.148086 2.96027 0.521232 0.472419 2.86093 
0.668609 -0.576472 2.90724 0.491997 -0.491494 2.81844 0.561713 -0.495276 2.67089 0.508328 -0.289542 2.5376 0.625941 -0.232361 2.69888 0.411834 -0.491944 2.96552 0.259281 -0.279414 2.98528 0.450967 -0.166425 3.00241 0.379814 -0.0310135 2.77235 0.424808 -0.0278594 2.66513 0.507937 0.359983 2.68275 0.441455 0.754461 2.64866 0.330456 -0.0319758 2.87273 0.673199 0.185928 2.92851 0.510157 0.524058 2.83456 
0.676599 -0.579614 2.89618 0.494967 -0.496891 2.80161 0.559306 -0.502609 2.65506 0.501487 -0.294447 2.52609 0.62214 -0.236779 2.68521 0.417844 -0.499352 2.95262 0.264952 -0.290311 2.98146 0.455284 -0.176412 2.98317 0.385707 -0.0339612 2.76051 0.427973 -0.0318506 2.65543 0.506525 0.35646 2.67452 0.439974 0.751505 2.64618 0.335673 -0.0335946 2.86436 0.649111 0.23512 2.89341 0.489131 0.588209 2.8114 
0.680886 -0.580591 2.88816 0.496113 -0.49896 2.78995 0.556021 -0.504249 2.64313 0.493921 -0.292664 2.5168 0.62027 -0.237294 2.67664 0.423239 -0.501681 2.94252 0.269984 -0.289444 2.97932 0.459089 -0.179126 2.96698 0.393086 -0.0323834 2.75279 0.432478 -0.0318677 2.64854 0.506911 0.355811 2.66694 0.43861 0.7508 2.64476 0.341714 -0.0305628 2.85996 0.618506 0.27574 2.86464 0.46866 0.643195 2.79572 
0.682902 -0.578004 2.88276 0.496091 -0.498662 2.78356 0.551903 -0.50222 2.633 0.487078 -0.286619 2.51069 0.620223 -0.235083 2.67078 0.426472 -0.501491 2.93153 0.276012 -0.283738 2.97756 0.463211 -0.179073 2.95443 0.400405 -0.0286113 2.74735 0.436913 -0.029491 2.64326 0.507361 0.357719 2.66024 0.439298 0.750834 2.6433 0.347563 -0.0256589 2.85729 0.582135 0.309801 2.8407 0.447344 0.682324 2.78253 
0.684969 -0.574117 2.88 0.495133 -0.496152 2.77848 0.547723 -0.497365 2.62619 0.480096 -0.278991 2.50736 0.620653 -0.231851 2.66653 0.428732 -0.498864 2.92274 0.284898 -0.275243 2.97538 0.467448 -0.176813 2.94493 0.403089 -0.0200332 2.74346 0.43954 -0.0230114 2.63899 0.510994 0.359172 2.65119 0.439078 0.75206 2.64095 0.353001 -0.0170402 2.85518 0.536995 0.33974 2.8271 0.426046 0.712759 2.77086 
0.684776 -0.570698 2.88096 0.495867 -0.494869 2.77696 0.543511 -0.495153 2.62354 0.476283 -0.274627 2.50644 0.621498 -0.230739 2.66407 0.431045 -0.498518 2.91895 0.289511 -0.271368 2.97457 0.468693 -0.173917 2.93937 0.403656 -0.0173897 2.74183 0.44024 -0.0214316 2.63623 0.510616 0.360021 2.64417 0.438153 0.750708 2.63868 0.354754 -0.0134476 2.85315 0.514742 0.352583 2.82008 0.415485 0.723783 2.76631 
0.684176 -0.566812 2.88372 0.496107 -0.493936 2.77799 0.541095 -0.49372 2.62356 0.473841 -0.272322 2.50793 0.622695 -0.231117 2.66395 0.431916 -0.496887 2.92036 0.29282 -0.268581 2.97469 0.466739 -0.169663 2.93665 0.40201 -0.0174165 2.74187 0.438624 -0.0220505 2.63588 0.508455 0.361414 2.643 0.436981 0.749185 2.63802 0.353018 -0.012351 2.85232 0.508907 0.354975 2.81887 0.414536 0.725175 2.76626 
0.681015 -0.562282 2.88964 0.495856 -0.49229 2.77972 0.541233 -0.491672 2.62654 0.474327 -0.27048 2.5095 0.623324 -0.230527 2.66648 0.429646 -0.494045 2.92538 0.29179 -0.264343 2.97603 0.461844 -0.162785 2.93779 0.397814 -0.0168995 2.74371 0.436068 -0.0225133 2.6378 0.505688 0.359046 2.64739 0.437459 0.748313 2.63872 0.348862 -0.0130992 2.85234 0.522075 0.346945 2.82284 0.422811 0.716167 2.77119 
0.6762 -0.557154 2.8982 0.49472 -0.488326 2.78336 0.541565 -0.486918 2.63443 0.478185 -0.266006 2.51224 0.623985 -0.226538 2.67142 0.425238 -0.489252 2.93425 0.285673 -0.258696 2.97964 0.454851 -0.152982 2.94354 0.39081 -0.0138141 2.74841 0.431341 -0.0184052 2.64295 0.512147 0.35811 2.65935 0.437823 0.748833 2.64067 0.344269 -0.0103211 2.85518 0.551412 0.330905 2.83145 0.439583 0.693877 2.7832 
0.668289 -0.546754 2.90945 0.492288 -0.479793 2.78855 0.543974 -0.476442 2.64212 0.488325 -0.255042 2.51747 0.627664 -0.214576 2.67899 0.419535 -0.480173 2.93997 0.278261 -0.249933 2.98255 0.444863 -0.138834 2.954 0.382363 -0.00721717 2.75396 0.424496 -0.0107535 2.64961 0.521154 0.361539 2.67065 0.437526 0.749309 2.64272 0.338128 -0.00401726 2.8581 0.598607 0.301411 2.84757 0.457493 0.658142 2.79984 
0.658962 -0.534608 2.92542 0.489591 -0.462472 2.79647 0.550211 -0.457759 2.65165 0.505189 -0.237152 2.52527 0.635208 -0.195653 2.6882 0.411182 -0.464027 2.94584 0.267763 -0.234697 2.98661 0.43064 -0.117897 2.96903 0.372304 0.00435889 2.7613 0.416271 0.00255342 2.65716 0.531732 0.364628 2.68344 0.438915 0.749146 2.64656 0.328265 0.006481 2.86258 0.638153 0.25903 2.87877 0.476603 0.596661 2.82258 
0.64751 -0.521172 2.94443 0.485886 -0.437721 2.8101 0.56084 -0.431214 2.66753 0.525139 -0.212628 2.53425 0.650396 -0.169788 2.70059 0.400203 -0.440068 2.95323 0.259294 -0.214747 2.99181 0.418227 -0.0970072 2.99166 0.36302 0.0201469 2.772 0.410975 0.0200318 2.6672 0.543748 0.368886 2.70212 0.441471 0.755376 2.64995 0.316159 0.0204665 2.87074 0.671045 0.197421 2.92026 0.493015 0.513224 2.85691 
0.634979 -0.512184 2.96369 0.482853 -0.418243 2.82476 0.56931 -0.411439 2.68848 0.542902 -0.196567 2.54325 0.665119 -0.150757 2.71831 0.389361 -0.425716 2.96444 0.251316 -0.199516 2.99874 0.406592 -0.0831874 3.02132 0.357068 0.0331235 2.78314 0.407632 0.034281 2.68098 0.55798 0.371475 2.71702 0.444916 0.756951 2.65313 0.307173 0.031187 2.88294 0.688247 0.150456 2.95842 0.50094 0.457676 2.90158 
0.623267 -0.51208 2.98486 0.479856 -0.410497 2.84455 0.575746 -0.402891 2.71374 0.558967 -0.194507 2.55769 0.672108 -0.142823 2.73404 0.376945 -0.417496 2.97903 0.24373 -0.191663 3.00902 0.394731 -0.0773501 3.06 0.354086 0.0391877 2.79865 0.407353 0.0422691 2.69923 0.573526 0.368561 2.73398 0.451623 0.751555 2.65512 0.298827 0.0344385 2.89894 0.685573 0.119932 3.00309 0.499199 0.429849 2.95779 
0.611562 -0.521787 3.00751 0.470862 -0.414173 2.86903 0.575681 -0.407875 2.74138 0.570281 -0.211383 2.57565 0.666507 -0.15114 2.74986 0.363443 -0.420652 2.99561 0.233485 -0.200452 3.0273 0.377355 -0.0920795 3.11331 0.352285 0.0332003 2.82206 0.408836 0.0364226 2.72261 0.590988 0.347404 2.75219 0.465068 0.732697 2.65701 0.291489 0.0244833 2.9202 0.657058 0.0927032 3.05341 0.486267 0.427636 3.02703 
0.602845 -0.540364 3.03285 0.46091 -0.431426 2.89171 0.569565 -0.426091 2.76917 0.56664 -0.24456 2.59716 0.652517 -0.17205 2.76681 0.35324 -0.436961 3.01882 0.221335 -0.223181 3.05183 0.360253 -0.115688 3.15937 0.347614 0.0159762 2.84478 0.40695 0.0212789 2.74716 0.576921 0.349532 2.77218 0.461422 0.735291 2.66347 0.284089 0.00664705 2.94575 0.641994 0.0801843 3.09917 0.478972 0.428293 3.09127 
0.596651 -0.563972 3.05701 0.451557 -0.460541 2.91935 0.558332 -0.455801 2.79315 0.548023 -0.282129 2.61865 0.635485 -0.204322 2.78848 0.344282 -0.467754 3.0479 0.207368 -0.256603 3.07995 0.347797 -0.150814 3.19953 0.343715 -0.00911123 2.87371 0.405145 -0.00455962 2.77646 0.574453 0.323931 2.79998 0.467927 0.710481 2.6729 0.278721 -0.0153796 2.97307 0.607421 0.110508 3.13788 0.454187 0.463492 3.15102 
0.591911 -0.589162 3.08345 0.435322 -0.497535 2.95303 0.535969 -0.493455 2.82057 0.513013 -0.317518 2.64707 0.608571 -0.237995 2.81277 0.332654 -0.503147 3.07846 0.197607 -0.296862 3.11273 0.34536 -0.189529 3.24021 0.339286 -0.0399883 2.91001 0.401362 -0.0364102 2.81176 0.554494 0.304381 2.83142 0.461024 0.685 2.6939 0.274552 -0.0455119 3.00902 0.586706 0.146102 3.17278 0.428985 0.503072 3.20288 
0.584533 -0.607561 3.11507 0.422248 -0.526002 2.99274 0.513171 -0.521598 2.85564 0.476285 -0.337235 2.68679 0.587103 -0.259403 2.84832 0.32659 -0.532381 3.1211 0.193927 -0.323548 3.16241 0.350807 -0.217247 3.28559 0.332548 -0.0647037 2.95401 0.393365 -0.0629441 2.85509 0.562364 0.27217 2.87513 0.446924 0.633701 2.73167 0.271238 -0.0658024 3.05567 0.545191 0.201024 3.19687 0.398324 0.566203 3.24747 
0.577191 -0.609048 3.14734 0.41304 -0.534097 3.02669 0.49249 -0.527527 2.88843 0.442836 -0.332544 2.72673 0.564291 -0.260164 2.88637 0.324159 -0.53868 3.16208 0.194633 -0.324521 3.21564 0.367192 -0.225924 3.32826 0.32304 -0.0687571 2.99322 0.382095 -0.069132 2.89623 0.584986 0.245557 2.91778 0.427352 0.566233 2.77959 0.263036 -0.0670965 3.09886 0.503369 0.249517 3.21011 0.360997 0.627448 3.26787 
0.569776 -0.594776 3.17861 0.403155 -0.517065 3.06403 0.466024 -0.507412 2.925 0.412074 -0.311122 2.77387 0.545289 -0.2403 2.9291 0.323995 -0.523645 3.20627 0.200678 -0.305125 3.27072 0.386434 -0.215949 3.37091 0.310944 -0.0512897 3.03769 0.368832 -0.0536479 2.93858 0.606365 0.21892 2.96817 0.401565 0.4811 2.84785 0.250042 -0.0463731 3.14118 0.45624 0.296097 3.22419 0.318661 0.68184 3.27115 
0.561146 -0.573406 3.21189 0.389533 -0.478929 3.10782 0.440129 -0.472597 2.9672 0.385713 -0.274597 2.82276 0.524383 -0.209261 2.9691 0.323548 -0.486705 3.2525 0.211332 -0.270318 3.31938 0.405925 -0.197015 3.4082 0.294039 -0.0152686 3.0811 0.349819 -0.0201947 2.97989 0.625109 0.185737 3.01886 0.384515 0.407888 2.92752 0.233347 -0.00981822 3.18198 0.411001 0.341255 3.23556 0.279177 0.723581 3.26361 
0.554361 -0.558942 3.24269 0.383602 -0.458451 3.14344 0.427342 -0.452398 2.99816 0.370139 -0.253916 2.86109 0.508205 -0.193942 3.0006 0.322825 -0.464907 3.28889 0.216554 -0.251933 3.3531 0.419809 -0.185643 3.43276 0.278748 0.00291115 3.11139 0.333759 -0.00358423 3.01186 0.624643 0.172773 3.05897 0.375024 0.393249 2.99143 0.220374 0.010214 3.21066 0.384758 0.358357 3.24871 0.26049 0.740593 3.2623 
0.549229 -0.551951 3.27135 0.378952 -0.448494 3.17878 0.421284 -0.445898 3.0302 0.358899 -0.252413 2.89154 0.49518 -0.191298 3.02885 0.321368 -0.453616 3.32277 0.216229 -0.243392 3.38459 0.423721 -0.179518 3.45261 0.266337 0.00790728 3.13851 0.322186 0.00164374 3.0361 0.615172 0.175089 3.09399 0.367916 0.419314 3.0482 0.209437 0.0170622 3.23563 0.366101 0.366738 3.26586 0.249292 0.748313 3.26622 
0.544233 -0.554625 3.29912 0.375038 -0.457217 3.20946 0.417298 -0.459724 3.05973 0.349641 -0.272071 2.9159 0.486368 -0.201185 3.05294 0.317983 -0.458808 3.35457 0.21056 -0.247539 3.41132 0.41744 -0.177632 3.47223 0.255087 0.00374403 3.16077 0.313244 -0.000881996 3.0589 0.591118 0.198558 3.12338 0.356774 0.473196 3.09324 0.197603 0.01121 3.259 0.343789 0.369993 3.28444 0.243835 0.750845 3.27244 
0.539575 -0.562635 3.3227 0.371607 -0.472345 3.23369 0.415768 -0.475474 3.08159 0.343107 -0.292839 2.93284 0.482305 -0.217794 3.07119 0.311833 -0.469785 3.37789 0.200968 -0.256438 3.42686 0.407577 -0.180415 3.49 0.246727 -0.00436715 3.17613 0.306729 -0.00808028 3.07612 0.561046 0.22422 3.14116 0.345316 0.520001 3.11999 0.187138 0.000503497 3.2745 0.335858 0.365703 3.29871 0.243198 0.744921 3.27699 
0.533905 -0.572907 3.34399 0.364995 -0.487916 3.24983 0.415218 -0.491334 3.09831 0.34143 -0.31442 2.94684 0.481935 -0.23435 3.08704 0.30183 -0.483749 3.39591 0.186798 -0.269038 3.43684 0.391323 -0.186923 3.50347 0.242845 -0.0178028 3.19046 0.303391 -0.0207732 3.08994 0.523444 0.250964 3.15417 0.330304 0.573426 3.13566 0.180556 -0.014407 3.28766 0.339633 0.347776 3.31222 0.24666 0.727935 3.28505 
0.525337 -0.58257 3.36573 0.355568 -0.506029 3.2624 0.415479 -0.509417 3.11482 0.347423 -0.329549 2.96178 0.483776 -0.249607 3.10478 0.286541 -0.499316 3.41169 0.165732 -0.286489 3.44211 0.368001 -0.1943 3.51246 0.239 -0.0352188 3.20425 0.300057 -0.0371268 3.10279 0.473503 0.284223 3.1656 0.31837 0.63921 3.14299 0.17606 -0.0323872 3.303 0.361367 0.316438 3.33263 0.25541 0.69259 3.29423 
0.514724 -0.582272 3.38364 0.348005 -0.508806 3.27437 0.417797 -0.511256 3.12826 0.355923 -0.327117 2.97853 0.489379 -0.249299 3.12433 0.272121 -0.502635 3.42134 0.144826 -0.292062 3.4424 0.342884 -0.193679 3.51928 0.231895 -0.041549 3.2152 0.291243 -0.0426379 3.11436 0.434392 0.305051 3.17304 0.30332 0.677918 3.14482 0.170771 -0.039726 3.31702 0.388714 0.291152 3.36346 0.265392 0.64768 3.30259 
0.502722 -0.573536 3.40052 0.338161 -0.49446 3.28789 0.420903 -0.49789 3.14421 0.369215 -0.309362 2.99547 0.499098 -0.233923 3.14529 0.25617 -0.489669 3.42825 0.123855 -0.284246 3.44051 0.314139 -0.184543 3.52489 0.220479 -0.0352614 3.22666 0.278726 -0.0338852 3.12828 0.409515 0.322785 3.18175 0.285746 0.703957 3.14581 0.159183 -0.0344424 3.32984 0.420846 0.257281 3.3963 0.27762 0.591643 3.3121 
0.489665 -0.56116 3.41934 0.32744 -0.468763 3.30379 0.423552 -0.472199 3.16506 0.390501 -0.278014 3.01273 0.513634 -0.209672 3.16577 0.241063 -0.465895 3.43666 0.103486 -0.263819 3.44043 0.284309 -0.168809 3.53291 0.204876 -0.0151792 3.24254 0.262557 -0.0119284 3.14529 0.38896 0.349761 3.19437 0.268464 0.732468 3.14764 0.144138 -0.0177631 3.34358 0.454361 0.204728 3.43689 0.2917 0.521314 3.3296 
0.476524 -0.553257 3.44277 0.319241 -0.443695 3.32342 0.424678 -0.443775 3.1901 0.405127 -0.256165 3.03176 0.518887 -0.193218 3.19285 0.225841 -0.445252 3.45147 0.0844481 -0.2474 3.44635 0.254801 -0.158005 3.54721 0.18978 0.0017166 3.26232 0.247973 0.00811783 3.16551 0.379047 0.366707 3.21664 0.261029 0.743939 3.15013 0.12826 -0.00369431 3.3566 0.463652 0.151812 3.48038 0.297597 0.464775 3.3639 
0.460306 -0.559324 3.46614 0.310241 -0.442272 3.34652 0.419155 -0.440879 3.21648 0.409635 -0.260343 3.05646 0.513134 -0.200114 3.21834 0.210289 -0.443705 3.4742 0.0623605 -0.250159 3.46224 0.22572 -0.169296 3.56824 0.173501 0.00295987 3.28256 0.23431 0.0107998 3.19059 0.374432 0.361933 3.23197 0.259721 0.74052 3.15108 0.109496 -0.00606011 3.3751 0.455269 0.114255 3.52649 0.293687 0.435291 3.42043 
0.440846 -0.580989 3.49307 0.295695 -0.464419 3.37401 0.401592 -0.463782 3.24808 0.401832 -0.294508 3.07908 0.495878 -0.231556 3.2398 0.18863 -0.466655 3.50283 0.0343134 -0.284357 3.48998 0.19587 -0.205969 3.59248 0.161321 -0.0180057 3.30676 0.224518 -0.00839885 3.21751 0.371485 0.333095 3.24626 0.263447 0.717212 3.15342 0.0948432 -0.0277281 3.39965 0.43238 0.0856706 3.57108 0.273546 0.431124 3.48644 
0.421372 -0.608469 3.5248 0.275022 -0.507522 3.41285 0.377074 -0.509267 3.28846 0.373968 -0.345113 3.10228 0.469236 -0.275714 3.26076 0.171549 -0.506159 3.54418 0.0101731 -0.335594 3.53267 0.173773 -0.255998 3.62635 0.152049 -0.0541519 3.34376 0.215289 -0.0443892 3.25419 0.348635 0.306276 3.26917 0.262219 0.694462 3.16539 0.0846807 -0.064025 3.43652 0.402305 0.0809586 3.62288 0.24912 0.449551 3.56689 
0.398987 -0.634982 3.55568 0.24722 -0.544457 3.44707 0.341099 -0.547625 3.3213 0.325856 -0.391663 3.12951 0.432424 -0.319497 3.28414 0.154616 -0.539447 3.57976 -0.0145802 -0.37899 3.58312 0.157802 -0.296976 3.65803 0.140913 -0.0861673 3.37917 0.201746 -0.0801973 3.28852 0.344648 0.264356 3.30836 0.262189 0.64153 3.18878 0.0749726 -0.091259 3.47647 0.355956 0.110705 3.65702 0.21784 0.490288 3.63135 
0.377729 -0.645682 3.57768 0.220129 -0.570279 3.48592 0.300776 -0.577305 3.35399 0.268238 -0.410459 3.16414 0.388609 -0.341803 3.3144 0.142427 -0.564686 3.62149 -0.0346679 -0.399649 3.64305 0.152842 -0.321435 3.69482 0.124141 -0.104015 3.42289 0.181375 -0.103028 3.32942 0.366634 0.216549 3.36379 0.247235 0.561375 3.22944 0.0612483 -0.10503 3.52216 0.298076 0.17165 3.67834 0.17319 0.554588 3.68469 
0.358019 -0.642773 3.60007 0.196182 -0.567795 3.51754 0.263638 -0.576074 3.38085 0.22088 -0.400689 3.19883 0.352979 -0.334393 3.34466 0.130909 -0.564178 3.65534 -0.0438189 -0.388697 3.69845 0.153487 -0.316409 3.72192 0.104494 -0.0951166 3.46491 0.164007 -0.100712 3.36579 0.397552 0.181333 3.41047 0.236568 0.482702 3.28136 0.043122 -0.0932026 3.56514 0.239294 0.229547 3.68868 0.119366 0.62222 3.71334 
0.336303 -0.626581 3.62094 0.171016 -0.536171 3.5518 0.229176 -0.539647 3.41052 0.17839 -0.363251 3.24072 0.319874 -0.303888 3.37993 0.116147 -0.537356 3.6922 -0.0479198 -0.351477 3.74994 0.15223 -0.289664 3.742 0.0838928 -0.0661022 3.51183 0.145554 -0.072835 3.41039 0.421357 0.14746 3.45708 0.233234 0.413494 3.35394 0.022469 -0.0611131 3.61056 0.18177 0.295398 3.69628 0.0605778 0.690457 3.7163 
0.319676 -0.604693 3.63936 0.150074 -0.506283 3.57759 0.202551 -0.50535 3.43203 0.14547 -0.322236 3.27582 0.292846 -0.267875 3.41522 0.102571 -0.509381 3.72279 -0.0508371 -0.313822 3.78587 0.151643 -0.257595 3.75891 0.068255 -0.0359816 3.54638 0.128629 -0.0431655 3.44696 0.426331 0.131641 3.49727 0.229623 0.387171 3.41398 0.00607369 -0.0295242 3.64407 0.153175 0.336571 3.70458 0.02441 0.730284 3.71283 
0.304451 -0.581949 3.65749 0.131103 -0.47381 3.60335 0.17696 -0.472555 3.45355 0.119126 -0.287648 3.30724 0.269602 -0.234568 3.44409 0.0879332 -0.478893 3.751 -0.0582697 -0.280801 3.81563 0.146234 -0.229132 3.77702 0.0529107 -0.00979851 3.57261 0.112129 -0.0173229 3.47444 0.417563 0.129866 3.54148 0.22627 0.396016 3.46986 -0.00860913 -0.00347135 3.67251 0.139965 0.365602 3.71615 0.00629236 0.750533 3.71121 
0.289608 -0.562377 3.67522 0.11113 -0.452394 3.62643 0.156981 -0.450498 3.47761 0.100025 -0.264578 3.33584 0.24795 -0.209897 3.47028 0.0709016 -0.456465 3.77474 -0.0674732 -0.255623 3.83686 0.136329 -0.206276 3.79281 0.0345816 0.0128044 3.59813 0.0941586 0.00435215 3.49543 0.397923 0.144949 3.58677 0.220427 0.436781 3.52086 -0.0285292 0.0175774 3.69233 0.1299 0.383556 3.73521 -0.00542197 0.760157 3.71094 
0.276341 -0.554463 3.69161 0.098025 -0.447008 3.64467 0.144723 -0.445217 3.49566 0.0853194 -0.256586 3.35873 0.230906 -0.198304 3.49289 0.0589744 -0.449361 3.79751 -0.0782521 -0.248139 3.85179 0.123943 -0.191776 3.80469 0.0214568 0.0192802 3.61518 0.082026 0.0105491 3.51404 0.37618 0.167486 3.61534 0.208249 0.476194 3.55625 -0.0435324 0.023243 3.7067 0.115904 0.390895 3.74648 -0.0145789 0.76371 3.7117 
0.265629 -0.555886 3.70676 0.0872558 -0.450507 3.6641 0.135842 -0.450298 3.51323 0.0737621 -0.259108 3.37922 0.216868 -0.195069 3.51161 0.0483898 -0.452777 3.8183 -0.0917877 -0.249644 3.86479 0.110324 -0.183937 3.81435 0.0122644 0.0164893 3.62543 0.0733467 0.00923089 3.5312 0.34853 0.198212 3.63616 0.189647 0.526269 3.5821 -0.0533062 0.01956 3.71882 0.0953619 0.388219 3.75393 -0.021361 0.760484 3.7137 
0.25698 -0.56578 3.72339 0.0796746 -0.461875 3.68615 0.131923 -0.463128 3.53563 0.0645597 -0.26703 3.3984 0.204711 -0.19895 3.52984 0.0383173 -0.465854 3.83659 -0.108449 -0.259449 3.88102 0.0945406 -0.181756 3.82244 0.00623066 0.005583 3.63211 0.0684453 0.00101855 3.54196 0.309426 0.234608 3.65619 0.164731 0.587445 3.60617 -0.0604851 0.00848612 3.72834 0.0703239 0.379843 3.7569 -0.027997 0.753526 3.71542 
0.249974 -0.571351 3.73553 0.0742089 -0.47062 3.70041 0.129237 -0.473591 3.5509 0.0602142 -0.273536 3.41146 0.194613 -0.203945 3.54608 0.0281333 -0.473973 3.85022 -0.122437 -0.268174 3.89152 0.0783304 -0.179375 3.83006 0.00291905 -0.00134993 3.63668 0.0655551 -0.00456056 3.54736 0.27175 0.27283 3.66088 0.138497 0.635555 3.61745 -0.0640323 0.00127565 3.7359 0.0548758 0.374104 3.75842 -0.0310108 0.750736 3.71586 
0.243877 -0.572703 3.74399 0.0682176 -0.474156 3.71323 0.126643 -0.478712 3.56276 0.0598864 -0.278128 3.42109 0.189303 -0.206304 3.56508 0.0171392 -0.476384 3.86483 -0.135382 -0.269258 3.90006 0.06564 -0.175124 3.83686 0.00273594 -0.003208 3.64175 0.0653575 -0.0069167 3.55306 0.232312 0.307886 3.65949 0.115533 0.682008 3.62552 -0.065273 -0.00105289 3.74344 0.0490552 0.373265 3.76351 -0.0312571 0.749919 3.71768 
0.239419 -0.571274 3.74883 0.0630443 -0.470063 3.72484 0.124744 -0.478563 3.57304 0.0618296 -0.275539 3.42959 0.186964 -0.201588 3.57888 0.00421162 -0.469554 3.8763 -0.146947 -0.261533 3.90411 0.0540001 -0.167726 3.84255 0.003049 -0.00135511 3.64742 0.0665164 -0.0048033 3.55693 0.190033 0.338327 3.651 0.0916018 0.716081 3.62807 -0.0653135 -0.000326675 3.75004 0.0488026 0.376788 3.76666 -0.0277727 0.750001 3.71723 
0.236651 -0.568811 3.7507 0.0607788 -0.46557 3.73678 0.125124 -0.474791 3.58285 0.0624269 -0.271228 3.43893 0.186733 -0.196326 3.58769 -0.00169633 -0.463687 3.8859 -0.15177 -0.25255 3.90518 0.051287 -0.161321 3.84819 0.00245461 0.000872865 3.65229 0.0679977 -0.00243903 3.55888 0.167903 0.356481 3.64586 0.0783506 0.734203 3.62727 -0.0656579 0.00242502 3.7567 0.0488474 0.379589 3.7702 -0.0274726 0.751186 3.71859 
0.235844 -0.565743 3.74987 0.0599687 -0.46395 3.7429 0.125641 -0.473487 3.58762 0.0608919 -0.269813 3.44555 0.185861 -0.193009 3.59314 -0.00392255 -0.459704 3.89188 -0.152343 -0.248009 3.90623 0.0531743 -0.157094 3.85007 0.000660528 0.00164572 3.65445 0.0661923 -0.00149746 3.55971 0.16494 0.357882 3.64664 0.0759885 0.734759 3.6278 -0.0669556 0.00309955 3.75943 0.0482382 0.38001 3.77127 -0.027763 0.75099 3.71789 
0.236743 -0.561916 3.7448 0.0604363 -0.463931 3.74442 0.124114 -0.473565 3.58789 0.0567807 -0.269009 3.44861 0.184099 -0.190473 3.59351 -0.00116062 -0.459259 3.89503 -0.146942 -0.247222 3.90769 0.059235 -0.155278 3.84642 -0.00348164 0.000112458 3.65492 0.062282 -0.00305031 3.55984 0.179711 0.34365 3.65368 0.0853227 0.718688 3.62978 -0.0699438 0.0022568 3.75986 0.0508625 0.377226 3.77042 -0.0289886 0.749361 3.71707 
0.238217 -0.558282 3.73609 0.0623893 -0.463686 3.74231 0.119643 -0.473405 3.58387 0.0495032 -0.268654 3.44765 0.18239 -0.188196 3.58764 0.00565845 -0.458884 3.89497 -0.137086 -0.246104 3.91037 0.0696393 -0.151176 3.84037 -0.00788343 -0.00184382 3.65394 0.056023 -0.00487978 3.55916 0.207611 0.318155 3.66322 0.097834 0.68669 3.63134 -0.0719209 0.000828486 3.75815 0.0510742 0.375803 3.76953 -0.0321938 0.751828 3.71811 
0.240789 -0.554335 3.72404 0.0667242 -0.463067 3.73791 0.112137 -0.472754 3.57833 0.039566 -0.269961 3.44415 0.180633 -0.186097 3.57646 0.0179441 -0.458103 3.89182 -0.121307 -0.243348 3.91168 0.0835171 -0.146323 3.83407 -0.0127713 -0.000755742 3.65079 0.0486789 -0.00553792 3.55732 0.240013 0.283416 3.66808 0.108702 0.641432 3.62817 -0.073758 0.00266665 3.75351 0.0487862 0.376423 3.76822 -0.0332226 0.753634 3.7192 
0.245175 -0.549689 3.71087 0.0735432 -0.461639 3.73147 0.100573 -0.470833 3.57298 0.0293035 -0.269936 3.43871 0.181649 -0.183815 3.56216 0.0378034 -0.456485 3.88634 -0.102772 -0.239833 3.91004 0.10076 -0.1393 3.82743 -0.0185639 0.000840052 3.64611 0.0410982 -0.00573095 3.55346 0.277489 0.238214 3.66354 0.122983 0.583506 3.62053 -0.0744238 0.005689 3.74793 0.0499705 0.380184 3.76753 -0.0328249 0.756162 3.72075 
0.251021 -0.546135 3.69586 0.081574 -0.458821 3.72197 0.0948998 -0.466264 3.56485 0.0221358 -0.268796 3.43104 0.185306 -0.181348 3.54419 0.0595088 -0.45237 3.87605 -0.082466 -0.234194 3.90678 0.118941 -0.131855 3.81889 -0.0220753 0.00192171 3.63999 0.0336949 -0.00602278 3.54564 0.30556 0.186433 3.6521 0.141797 0.522003 3.60521 -0.072955 0.00899944 3.73881 0.0569828 0.38005 3.76717 -0.0314791 0.758173 3.72059 
0.25711 -0.54279 3.67898 0.088434 -0.452453 3.70654 0.093949 -0.457825 3.5518 0.0176053 -0.265395 3.42179 0.189415 -0.177199 3.52334 0.0765495 -0.443685 3.86017 -0.0640318 -0.225315 3.89997 0.137611 -0.124213 3.80497 -0.0244725 0.00322493 3.6311 0.0275327 -0.00692515 3.53198 0.325237 0.132858 3.62991 0.164312 0.450073 3.57723 -0.0706853 0.0133166 3.72619 0.0675473 0.382765 3.76696 -0.0283776 0.760917 3.71853 
0.263946 -0.541771 3.65884 0.0951576 -0.444936 3.69138 0.0965679 -0.450316 3.53617 0.0169635 -0.260912 3.40908 0.195209 -0.176963 3.50391 0.0886303 -0.433595 3.84242 -0.0457395 -0.220355 3.89084 0.156797 -0.124395 3.79093 -0.0247236 0.00746859 3.6218 0.024318 -0.00600073 3.51695 0.342607 0.0980986 3.60463 0.192928 0.401296 3.54401 -0.0662972 0.0200288 3.71482 0.0802767 0.380707 3.76735 -0.0258453 0.760296 3.71665 
0.271013 -0.544243 3.63722 0.101001 -0.441435 3.6722 0.101354 -0.44632 3.51626 0.0189107 -0.259966 3.38974 0.203989 -0.185712 3.48153 0.0980577 -0.43031 3.82205 -0.0262786 -0.221388 3.87959 0.178088 -0.135101 3.77476 -0.0214838 0.0095288 3.60718 0.0242701 -0.00605178 3.50199 0.355725 0.0774629 3.5685 0.223499 0.372941 3.49095 -0.060056 0.0238062 3.70366 0.0894448 0.378522 3.76605 -0.0214042 0.759884 3.7163 
0.276932 -0.554429 3.6143 0.106592 -0.448171 3.64562 0.110086 -0.451088 3.49283 0.0240938 -0.269724 3.36042 0.214285 -0.203748 3.45455 0.104355 -0.43906 3.79458 -0.0119579 -0.235487 3.86524 0.196455 -0.161733 3.75635 -0.0107971 0.00360306 3.58626 0.0346371 -0.0129955 3.48821 0.364462 0.0784275 3.52383 0.238676 0.376781 3.42543 -0.052549 0.0175488 3.69083 0.0927441 0.375403 3.76006 -0.0187174 0.758895 3.71744 
0.282042 -0.573288 3.58891 0.112225 -0.469275 3.62081 0.120999 -0.470711 3.4692 0.0315382 -0.290841 3.32725 0.225458 -0.233372 3.42672 0.109932 -0.464466 3.76641 -0.000619115 -0.265414 3.84715 0.210777 -0.20227 3.73776 0.00308447 -0.0133303 3.56672 0.0489734 -0.0281619 3.47311 0.368474 0.0992954 3.48224 0.244319 0.403199 3.3676 -0.0421373 0.000440968 3.67458 0.0907292 0.363222 3.74492 -0.0159573 0.751479 3.72066 
0.287835 -0.597646 3.56163 0.118054 -0.50697 3.59056 0.131197 -0.507666 3.43727 0.0431339 -0.325441 3.28689 0.238984 -0.267977 3.39746 0.113778 -0.502628 3.73571 0.00591838 -0.305868 3.8211 0.219513 -0.253295 3.71257 0.0250116 -0.0394271 3.54502 0.0696849 -0.0513208 3.45043 0.365087 0.142084 3.44288 0.243784 0.459757 3.31225 -0.0227894 -0.0287383 3.6506 0.0849184 0.340724 3.71909 -0.0118825 0.733263 3.72539 
0.29566 -0.619732 3.53265 0.122269 -0.544503 3.55268 0.13958 -0.543078 3.39839 0.0586522 -0.358841 3.24247 0.256044 -0.300824 3.35668 0.113349 -0.540942 3.69752 0.00903264 -0.340303 3.78549 0.223115 -0.291665 3.68565 0.0465882 -0.0677767 3.51389 0.0923794 -0.0726231 3.41777 0.349859 0.187262 3.40295 0.238314 0.531091 3.26134 -0.000526617 -0.0603394 3.62301 0.0901016 0.31469 3.70052 -0.00902821 0.705581 3.73171 
0.30422 -0.633449 3.50492 0.129126 -0.565324 3.51447 0.150496 -0.563297 3.36549 0.0810067 -0.375612 3.20191 0.278406 -0.319367 3.31761 0.114183 -0.562414 3.65887 0.0087543 -0.354601 3.74683 0.224138 -0.300767 3.65782 0.0714229 -0.0857463 3.48593 0.115461 -0.0864485 3.38555 0.312779 0.228708 3.36896 0.223298 0.602433 3.23068 0.0244015 -0.0817111 3.59365 0.116106 0.290722 3.68574 -0.0113182 0.671305 3.72827 
0.314368 -0.634207 3.47742 0.139403 -0.563055 3.4816 0.166478 -0.563051 3.33313 0.108935 -0.373237 3.16376 0.30591 -0.315777 3.28474 0.113218 -0.560093 3.62274 0.00589708 -0.348147 3.70133 0.222974 -0.285832 3.63254 0.0942463 -0.0857499 3.45454 0.132487 -0.0837984 3.34799 0.274546 0.274305 3.33735 0.196131 0.66264 3.21254 0.0500186 -0.0840921 3.55825 0.161911 0.276092 3.66841 -0.0141066 0.62718 3.71109 
0.326535 -0.623883 3.45068 0.152114 -0.539644 3.44198 0.189645 -0.545036 3.29505 0.142909 -0.354366 3.12685 0.333583 -0.298484 3.24949 0.120277 -0.537866 3.58311 0.00632091 -0.320928 3.64725 0.22343 -0.258533 3.60238 0.103758 -0.0665087 3.41725 0.141735 -0.0620976 3.30851 0.257495 0.31304 3.30541 0.169788 0.708692 3.20239 0.0606763 -0.0669719 3.51892 0.213866 0.27005 3.64706 -0.00738058 0.575468 3.67867 
0.341368 -0.604404 3.42727 0.168763 -0.508477 3.41154 0.21649 -0.513505 3.26161 0.178638 -0.32831 3.09325 0.364718 -0.271088 3.22165 0.126857 -0.507883 3.55471 0.00827448 -0.287351 3.60414 0.2269 -0.228731 3.5748 0.103994 -0.0355055 3.38033 0.1451 -0.0293128 3.27937 0.25286 0.345132 3.28539 0.151599 0.73868 3.19761 0.0596678 -0.0374289 3.48651 0.271825 0.257758 3.61429 0.0164941 0.527152 3.63598 
0.360218 -0.579924 3.40716 0.191225 -0.46918 3.38184 0.245662 -0.476486 3.23398 0.224261 -0.294907 3.06339 0.402586 -0.237554 3.20061 0.138376 -0.467411 3.52578 0.00974802 -0.256782 3.56666 0.231858 -0.196067 3.55335 0.0968266 -0.00192415 3.35239 0.144341 0.00616283 3.25237 0.25877 0.37248 3.27376 0.143031 0.753593 3.19502 0.0507444 -0.00597084 3.4562 0.336977 0.237147 3.5711 0.063775 0.480425 3.58375 
0.377069 -0.559628 3.3888 0.207833 -0.439952 3.35605 0.270687 -0.444343 3.20832 0.264451 -0.264728 3.04214 0.433949 -0.212651 3.18138 0.146457 -0.437805 3.49942 0.0104127 -0.236478 3.52744 0.233429 -0.170005 3.53818 0.0963215 0.0203145 3.32557 0.146716 0.0277162 3.22516 0.265572 0.385066 3.26265 0.137461 0.760001 3.19334 0.0493353 0.0149878 3.42817 0.377997 0.215132 3.51591 0.114403 0.456855 3.51337 
0.393793 -0.552597 3.3714 0.225362 -0.430828 3.33483 0.295724 -0.432867 3.19091 0.297763 -0.250186 3.02634 0.457488 -0.200449 3.17336 0.155378 -0.430107 3.47584 0.0134085 -0.238828 3.49713 0.232388 -0.161605 3.52607 0.100815 0.0251688 3.30245 0.149719 0.0312242 3.20731 0.267708 0.390337 3.24586 0.135229 0.760636 3.19136 0.0536336 0.0195892 3.4065 0.407002 0.204102 3.46867 0.169848 0.465389 3.44853 
0.412853 -0.557966 3.35412 0.243221 -0.4428 3.31871 0.317852 -0.439621 3.17687 0.316947 -0.253302 3.01605 0.466586 -0.200529 3.16738 0.167089 -0.446022 3.45835 0.0194064 -0.258095 3.47111 0.235187 -0.168634 3.51506 0.112087 0.0124875 3.28741 0.15691 0.0178426 3.19149 0.265695 0.384147 3.23064 0.136448 0.752942 3.18757 0.0653181 0.00672197 3.38895 0.426366 0.202212 3.43284 0.233104 0.497814 3.39365 
0.429748 -0.569822 3.33881 0.257785 -0.465487 3.30255 0.336092 -0.46297 3.16233 0.319249 -0.269209 3.00813 0.464968 -0.211046 3.15962 0.181319 -0.468262 3.44197 0.029095 -0.283527 3.45566 0.240507 -0.182357 3.50145 0.128859 -0.00822654 3.27452 0.169076 -0.00357168 3.1737 0.272213 0.366325 3.21302 0.144611 0.733815 3.18186 0.0808585 -0.013394 3.37347 0.430957 0.214573 3.40152 0.276924 0.540817 3.34917 
0.445413 -0.585066 3.32305 0.273414 -0.489346 3.28977 0.347805 -0.484727 3.14323 0.305153 -0.28585 2.99784 0.45583 -0.219739 3.14599 0.203602 -0.494575 3.43192 0.0477461 -0.309094 3.45019 0.254419 -0.198834 3.48748 0.147568 -0.031872 3.25891 0.185049 -0.0273898 3.15589 0.295853 0.334708 3.18791 0.159783 0.700543 3.17261 0.0997508 -0.0346254 3.35893 0.4227 0.240327 3.37516 0.297623 0.592936 3.32347 
0.461607 -0.593662 3.30673 0.29246 -0.504331 3.27975 0.352135 -0.496286 3.13078 0.289203 -0.293331 2.9891 0.440983 -0.219987 3.13359 0.230888 -0.507812 3.42516 0.0761643 -0.317341 3.45332 0.282955 -0.201565 3.47212 0.164571 -0.0438374 3.24394 0.202281 -0.0415549 3.14194 0.349046 0.303595 3.16802 0.181607 0.64767 3.16281 0.121685 -0.0450305 3.3467 0.402152 0.274494 3.3497 0.300866 0.645282 3.31058 
0.473531 -0.591253 3.28854 0.30643 -0.496671 3.26937 0.350408 -0.491395 3.12064 0.274381 -0.286212 2.98216 0.430341 -0.207037 3.118 0.259109 -0.50016 3.41785 0.11145 -0.301325 3.4622 0.322853 -0.18762 3.45316 0.1777 -0.0372494 3.22858 0.210279 -0.0373733 3.12673 0.402455 0.277082 3.14678 0.206179 0.581649 3.15314 0.139981 -0.0366483 3.33278 0.393111 0.301645 3.32599 0.289932 0.682258 3.30047 
0.484296 -0.579673 3.26885 0.318436 -0.467511 3.25748 0.348321 -0.465966 3.10953 0.265974 -0.26382 2.9736 0.431931 -0.182104 3.0992 0.290471 -0.468494 3.40608 0.162859 -0.259352 3.47006 0.373354 -0.164681 3.42371 0.185788 -0.0124862 3.21169 0.21142 -0.0170742 3.1092 0.454513 0.242226 3.12122 0.250411 0.519293 3.14314 0.153252 -0.00968668 3.3148 0.39365 0.327964 3.3084 0.272888 0.698271 3.29031 
0.493895 -0.565054 3.24963 0.329797 -0.436781 3.24535 0.344907 -0.438365 3.09609 0.261786 -0.241967 2.96241 0.438709 -0.167003 3.07895 0.321609 -0.433942 3.39334 0.227426 -0.216337 3.46653 0.43051 -0.145828 3.39697 0.19136 0.0152443 3.19634 0.211537 0.0059771 3.09468 0.517204 0.18731 3.09395 0.317148 0.455026 3.12547 0.163335 0.0210038 3.29984 0.39098 0.363516 3.29454 0.265897 0.730907 3.2861 
0.50026 -0.559466 3.22715 0.339694 -0.420351 3.23097 0.346312 -0.424058 3.07797 0.262141 -0.231644 2.94557 0.45139 -0.170098 3.0568 0.346508 -0.414103 3.37842 0.28767 -0.189082 3.45659 0.484241 -0.141358 3.36785 0.1997 0.027983 3.1773 0.217711 0.0168217 3.07685 0.55 0.148533 3.06757 0.387383 0.434236 3.09433 0.175017 0.03602 3.28103 0.396413 0.374352 3.27925 0.265334 0.742712 3.28259 
0.50528 -0.565089 3.19839 0.347023 -0.423621 3.20581 0.346263 -0.428482 3.0543 0.260073 -0.241659 2.91803 0.45819 -0.191384 3.02893 0.362606 -0.415887 3.35298 0.339284 -0.184363 3.43827 0.52241 -0.170776 3.3304 0.212985 0.0232182 3.15597 0.227491 0.0104705 3.05134 0.565914 0.133346 3.03271 0.43633 0.442047 3.04131 0.191008 0.0318807 3.25759 0.409419 0.365698 3.26358 0.273863 0.737201 3.27831 
0.508142 -0.587091 3.16617 0.353265 -0.449933 3.17788 0.34895 -0.452968 3.02842 0.255306 -0.270055 2.88927 0.459915 -0.224631 3.00177 0.374374 -0.443463 3.32326 0.372024 -0.211905 3.41546 0.538855 -0.217448 3.29291 0.229945 -0.00061714 3.13016 0.24034 -0.0118123 3.02852 0.566155 0.151078 2.99717 0.450405 0.481736 2.98148 0.212275 0.00886498 3.23443 0.425605 0.337089 3.24659 0.297122 0.709736 3.27139 
0.511014 -0.617785 3.12958 0.356935 -0.485629 3.14522 0.353703 -0.490515 2.99226 0.251477 -0.306706 2.85701 0.460022 -0.260057 2.9705 0.377898 -0.482755 3.29173 0.373552 -0.251704 3.38368 0.536074 -0.2609 3.25812 0.248 -0.032001 3.1003 0.26578 -0.0402348 3.00109 0.582553 0.152695 2.95958 0.478089 0.497237 2.91659 0.225722 -0.0207225 3.20722 0.413429 0.323912 3.23042 0.290594 0.698404 3.26455 
0.515043 -0.651587 3.08756 0.360019 -0.534808 3.09529 0.36063 -0.535855 2.94223 0.255237 -0.344586 2.82095 0.462402 -0.293101 2.93298 0.374868 -0.533806 3.24485 0.356239 -0.303288 3.34289 0.520356 -0.293582 3.22064 0.264292 -0.0662068 3.0632 0.284723 -0.0719754 2.96039 0.574083 0.175451 2.91939 0.480117 0.542523 2.84225 0.240841 -0.0580112 3.1706 0.427578 0.283783 3.21031 0.300542 0.654278 3.24605 
0.519385 -0.670551 3.04652 0.363814 -0.562163 3.04969 0.373726 -0.558619 2.89288 0.27438 -0.356214 2.77898 0.473501 -0.304399 2.89843 0.366068 -0.562643 3.20168 0.322222 -0.333519 3.30208 0.494902 -0.29949 3.18978 0.282865 -0.0896173 3.02449 0.297944 -0.0913973 2.9211 0.535614 0.214206 2.88867 0.460414 0.604847 2.79027 0.261641 -0.0844004 3.13162 0.478949 0.233951 3.19484 0.311482 0.579361 3.21144 
0.524049 -0.67143 3.00835 0.366843 -0.560821 3.00107 0.388597 -0.55607 2.84523 0.299725 -0.344066 2.73236 0.488347 -0.298464 2.8606 0.355122 -0.564723 3.15098 0.292586 -0.336283 3.25655 0.471521 -0.285212 3.1605 0.297995 -0.0896216 2.97976 0.312295 -0.0858652 2.87649 0.503371 0.253875 2.85638 0.435727 0.662801 2.74999 0.276087 -0.0897396 3.08866 0.529136 0.185265 3.17945 0.329238 0.497987 3.16198 
0.5297 -0.657654 2.9771 0.368722 -0.53977 2.9605 0.401945 -0.533409 2.80779 0.326639 -0.317395 2.69323 0.506321 -0.278649 2.82537 0.345886 -0.545864 3.11255 0.267698 -0.318908 3.21652 0.448643 -0.259442 3.13365 0.308912 -0.0692083 2.94217 0.325869 -0.0627115 2.83945 0.477635 0.301768 2.82731 0.405796 0.70171 2.72379 0.284542 -0.0726546 3.05156 0.572838 0.141669 3.15744 0.354222 0.443801 3.1158 
0.537793 -0.639355 2.94693 0.373887 -0.511533 2.92664 0.415119 -0.504488 2.77095 0.347666 -0.290277 2.66107 0.519577 -0.25562 2.79209 0.341072 -0.519124 3.07543 0.252926 -0.296591 3.18038 0.430376 -0.230841 3.108 0.318276 -0.0433592 2.9102 0.338877 -0.0362255 2.80953 0.492536 0.320496 2.801 0.394412 0.711297 2.70568 0.286791 -0.0495976 3.02171 0.581452 0.130371 3.12562 0.377278 0.43514 3.06919 
0.54586 -0.623934 2.92025 0.377563 -0.489861 2.89559 0.423935 -0.482336 2.74185 0.360905 -0.267536 2.63053 0.527052 -0.234665 2.7634 0.338046 -0.496866 3.04602 0.2421 -0.269689 3.14312 0.422303 -0.209365 3.07969 0.323185 -0.0190439 2.88129 0.3444 -0.0135549 2.78037 0.487494 0.342397 2.78 0.388714 0.732176 2.69672 0.291113 -0.0247653 2.98988 0.605068 0.127684 3.08399 0.405891 0.4315 3.01392 
0.552724 -0.613886 2.89739 0.383164 -0.478864 2.87461 0.429861 -0.470805 2.71863 0.36672 -0.256491 2.60865 0.52966 -0.221275 2.74028 0.33651 -0.487386 3.02434 0.234968 -0.259658 3.11583 0.411612 -0.196609 3.05319 0.326607 -0.00816344 2.85901 0.353287 -0.00366879 2.75813 0.513114 0.337863 2.7635 0.400137 0.722529 2.68974 0.28977 -0.0130041 2.96759 0.599269 0.152318 3.04323 0.428364 0.463697 2.9681 
0.556978 -0.610421 2.87911 0.385441 -0.478705 2.85567 0.43141 -0.471797 2.69997 0.3669 -0.257631 2.58962 0.529066 -0.219011 2.72283 0.336929 -0.486499 3.00525 0.232094 -0.259723 3.09334 0.39962 -0.190782 3.02895 0.329505 -0.00633474 2.84114 0.355009 -0.00256527 2.73999 0.505952 0.344451 2.74906 0.398486 0.726355 2.68688 0.293772 -0.0106689 2.94898 0.604791 0.172472 3.00701 0.446131 0.490643 2.92648 
0.559833 -0.613116 2.86288 0.386708 -0.48623 2.83515 0.430392 -0.479876 2.68255 0.362837 -0.264983 2.57094 0.527377 -0.224817 2.71027 0.340514 -0.492806 2.98774 0.234521 -0.269396 3.07264 0.390541 -0.192573 3.0072 0.333865 -0.0124184 2.82515 0.351428 -0.00789756 2.72567 0.465915 0.357844 2.73824 0.378944 0.744167 2.68677 0.308312 -0.0157852 2.92931 0.617557 0.19444 2.97141 0.464909 0.523726 2.88953 
0.563554 -0.617328 2.84852 0.389668 -0.497852 2.82338 0.427791 -0.490478 2.6703 0.355658 -0.275328 2.55648 0.526263 -0.234502 2.69942 0.349745 -0.504648 2.976 0.245228 -0.288973 3.06136 0.384689 -0.195239 2.99094 0.340212 -0.0242137 2.8116 0.349806 -0.0196633 2.7148 0.436729 0.35612 2.72629 0.369904 0.742642 2.68585 0.32393 -0.0248241 2.91702 0.597017 0.236724 2.93815 0.451014 0.581593 2.86307 
0.567242 -0.619895 2.83628 0.393079 -0.504167 2.81691 0.424125 -0.495579 2.65954 0.34918 -0.281954 2.54654 0.526286 -0.240025 2.68988 0.358647 -0.511719 2.96694 0.254686 -0.299914 3.05564 0.392729 -0.202007 2.97767 0.348036 -0.0293547 2.80232 0.350103 -0.0239752 2.70375 0.415072 0.355904 2.71355 0.36407 0.74151 2.68637 0.341238 -0.0274649 2.90873 0.566472 0.27533 2.90776 0.434785 0.635172 2.84987 
0.571341 -0.621138 2.82472 0.396819 -0.506118 2.81186 0.419268 -0.497246 2.65108 0.343961 -0.285249 2.54034 0.526361 -0.243545 2.67939 0.367598 -0.513867 2.95999 0.267278 -0.29972 3.05233 0.413843 -0.210433 2.96459 0.357566 -0.029788 2.7947 0.356386 -0.0252472 2.68912 0.404113 0.358498 2.70108 0.359859 0.743557 2.68597 0.356246 -0.0274975 2.89881 0.524006 0.31327 2.88246 0.413361 0.680255 2.84067 
0.575972 -0.621891 2.81551 0.398631 -0.505236 2.80736 0.414078 -0.49663 2.64447 0.340119 -0.284793 2.53689 0.526542 -0.245773 2.67085 0.378904 -0.512477 2.95572 0.283423 -0.296989 3.05072 0.437679 -0.218441 2.95375 0.366134 -0.0287655 2.78942 0.36147 -0.0249422 2.67851 0.393502 0.361195 2.68944 0.357868 0.744442 2.68494 0.366743 -0.0262647 2.88887 0.474099 0.339729 2.86347 0.386948 0.703 2.83461 
0.581393 -0.622478 2.807 0.403779 -0.503755 2.80309 0.412878 -0.495737 2.64065 0.338344 -0.282957 2.53456 0.527054 -0.246663 2.66551 0.390563 -0.509407 2.95196 0.297875 -0.295112 3.04902 0.45712 -0.223342 2.94549 0.369056 -0.0255359 2.78594 0.362743 -0.0228326 2.67099 0.390699 0.366269 2.67939 0.358674 0.74492 2.68426 0.369787 -0.0239403 2.88019 0.438629 0.355464 2.85315 0.371801 0.718364 2.83058 
0.587314 -0.623728 2.79833 0.413036 -0.50383 2.7962 0.415514 -0.496148 2.63724 0.337963 -0.281684 2.53262 0.527794 -0.248329 2.66084 0.403262 -0.509324 2.94638 0.310244 -0.29504 3.04658 0.473722 -0.229545 2.93692 0.366441 -0.0268465 2.78268 0.35746 -0.0238376 2.66499 0.382396 0.36908 2.67232 0.358552 0.745198 2.68392 0.36706 -0.0249013 2.87468 0.417703 0.361923 2.84712 0.363324 0.725108 2.82779 
0.59242 -0.624374 2.79025 0.422161 -0.505435 2.78975 0.421031 -0.498187 2.63261 0.339014 -0.281764 2.53034 0.527247 -0.249125 2.65618 0.415472 -0.510595 2.94266 0.320218 -0.296408 3.04408 0.48537 -0.234212 2.92883 0.35853 -0.0306044 2.78026 0.352829 -0.0287833 2.66201 0.378716 0.369362 2.67191 0.360057 0.74405 2.68393 0.356295 -0.0282151 2.87228 0.395094 0.365556 2.84509 0.357187 0.731918 2.82666 
0.596278 -0.623094 2.78284 0.426067 -0.506869 2.78253 0.423604 -0.500435 2.62652 0.34175 -0.281026 2.52868 0.526535 -0.248504 2.65134 0.419317 -0.512179 2.93858 0.327057 -0.297377 3.04189 0.492879 -0.23675 2.9214 0.353908 -0.0329596 2.77935 0.350101 -0.0311632 2.66054 0.374659 0.370968 2.67111 0.360041 0.744402 2.68398 0.348974 -0.0301671 2.87125 0.378871 0.368117 2.84478 0.353262 0.737059 2.8279 
0.599381 -0.622562 2.77732 0.426599 -0.507881 2.7777 0.425551 -0.500442 2.62062 0.347214 -0.279136 2.52702 0.526557 -0.244477 2.64708 0.419247 -0.513234 2.93431 0.331786 -0.296876 3.03932 0.49731 -0.235516 2.91595 0.349806 -0.0327667 2.77939 0.349064 -0.0315943 2.65979 0.369062 0.373009 2.67201 0.360334 0.744936 2.6839 0.341991 -0.0307307 2.87119 0.366938 0.370141 2.84635 0.350461 0.740042 2.82977 
0.601328 -0.624052 2.77409 0.428055 -0.507929 2.77269 0.427513 -0.498372 2.61654 0.355359 -0.277632 2.52495 0.527423 -0.235921 2.64224 0.417508 -0.514033 2.92967 0.334509 -0.295695 3.03545 0.497377 -0.227776 2.91311 0.348159 -0.0326825 2.78053 0.35146 -0.0315068 2.65954 0.365083 0.373671 2.67309 0.359117 0.744904 2.68399 0.335812 -0.0317582 2.87208 0.359434 0.371024 2.8487 0.347711 0.738654 2.8311 
0.602603 -0.626097 2.77364 0.429361 -0.508775 2.76931 0.429609 -0.49636 2.61404 0.364942 -0.274192 2.52479 0.528701 -0.220455 2.63781 0.414711 -0.515618 2.92678 0.336266 -0.293645 3.03053 0.4937 -0.211697 2.91415 0.348494 -0.0327141 2.78128 0.354636 -0.0310879 2.65952 0.362233 0.371731 2.67499 0.35735 0.745103 2.68386 0.331348 -0.032443 2.87239 0.354652 0.371097 2.85093 0.344651 0.735146 2.83217 
0.602821 -0.628391 2.77593 0.429724 -0.507983 2.76793 0.430884 -0.494576 2.61382 0.374142 -0.269811 2.52498 0.531028 -0.196981 2.63232 0.411475 -0.516194 2.9264 0.337638 -0.288963 3.02567 0.488169 -0.188893 2.91893 0.348401 -0.031431 2.78198 0.358014 -0.029967 2.6596 0.361175 0.371779 2.676 0.356152 0.744184 2.68387 0.328493 -0.0314779 2.87225 0.352066 0.37134 2.85202 0.343421 0.735096 2.8325 
0.601798 -0.632 2.78136 0.429291 -0.506717 2.76783 0.434437 -0.493677 2.61323 0.384108 -0.262822 2.52714 0.534534 -0.15891 2.62485 0.406127 -0.516808 2.92862 0.339257 -0.281357 3.02068 0.480492 -0.159778 2.93043 0.348076 -0.0294959 2.78304 0.363406 -0.027341 2.65971 0.36169 0.372216 2.67669 0.355345 0.743291 2.68398 0.324495 -0.0297848 2.87166 0.350271 0.371892 2.85246 0.34177 0.734529 2.8326 
0.599181 -0.636731 2.78927 0.429279 -0.505422 2.76653 0.438054 -0.491908 2.61231 0.3965 -0.253031 2.53211 0.532281 -0.115487 2.61303 0.400171 -0.516239 2.9302 0.341229 -0.273271 3.0172 0.470817 -0.126676 2.94572 0.348714 -0.0270233 2.78293 0.369266 -0.0242307 2.65979 0.363926 0.373232 2.67738 0.356284 0.742913 2.68397 0.321042 -0.0262481 2.87232 0.348334 0.373039 2.85251 0.340431 0.734762 2.83254 
0.596667 -0.642466 2.79835 0.430111 -0.504853 2.76551 0.444169 -0.489738 2.61254 0.407622 -0.242766 2.53856 0.521398 -0.0739844 2.59596 0.395684 -0.515165 2.92983 0.341974 -0.267592 3.01409 0.454742 -0.100465 2.96827 0.348437 -0.0235604 2.78152 0.374675 -0.021212 2.65984 0.367012 0.375786 2.67841 0.357511 0.744759 2.68392 0.318368 -0.0228812 2.87253 0.347603 0.374008 2.85233 0.341172 0.737332 2.8319 
0.595434 -0.649057 2.80616 0.430694 -0.504383 2.76683 0.449866 -0.48964 2.61403 0.41473 -0.234824 2.54449 0.502849 -0.0439751 2.57412 0.392145 -0.514188 2.92969 0.341441 -0.264103 3.01187 0.435825 -0.0776747 2.99487 0.349212 -0.0199208 2.78026 0.377008 -0.0170232 2.65986 0.368548 0.379034 2.6784 0.359014 0.745782 2.6839 0.317295 -0.0188172 2.87244 0.347584 0.375715 2.85201 0.340853 0.739559 2.83134 
0.594785 -0.658036 2.81437 0.431532 -0.503478 2.76621 0.455543 -0.488075 2.61534 0.418312 -0.232461 2.5462 0.4791 -0.0254989 2.54785 0.39011 -0.512745 2.92985 0.338984 -0.262736 3.01115 0.413207 -0.0621167 3.02741 0.349182 -0.0179249 2.78078 0.379054 -0.0148662 2.66006 0.370958 0.37913 2.67755 0.360048 0.745076 2.68431 0.31628 -0.017179 2.87433 0.348371 0.376464 2.85145 0.342231 0.740263 2.83069 
0.594269 -0.664598 2.81957 0.43321 -0.503046 2.76816 0.460138 -0.488752 2.61712 0.419181 -0.235997 2.54454 0.455209 -0.0185138 2.52176 0.387915 -0.512289 2.93007 0.334376 -0.264032 3.01331 0.389025 -0.0549539 3.05607 0.351693 -0.0173936 2.78127 0.386709 -0.0138446 2.66043 0.374035 0.378012 2.67771 0.362103 0.745007 2.68555 0.318545 -0.0165398 2.87494 0.348674 0.376596 2.85033 0.344665 0.740276 2.82957 
0.595103 -0.668238 2.82287 0.433757 -0.50216 2.76904 0.463967 -0.489344 2.61977 0.419554 -0.241413 2.54006 0.439433 -0.0204067 2.4978 0.384376 -0.510536 2.93101 0.327515 -0.267559 3.01763 0.366677 -0.0552913 3.08094 0.356082 -0.0179663 2.78191 0.394974 -0.0146422 2.66124 0.377643 0.376859 2.68002 0.363864 0.745619 2.68598 0.320991 -0.0182146 2.87764 0.349022 0.377103 2.85151 0.345518 0.741947 2.83029 
0.595445 -0.670552 2.82577 0.436016 -0.501936 2.77157 0.466762 -0.491315 2.62271 0.420127 -0.249483 2.5328 0.431088 -0.027216 2.4772 0.384044 -0.510394 2.93225 0.318938 -0.271864 3.02405 0.346213 -0.0596668 3.10383 0.36005 -0.0201122 2.78287 0.400499 -0.0168209 2.66214 0.379901 0.376252 2.68188 0.36464 0.745934 2.68573 0.32354 -0.0199733 2.87835 0.349402 0.378865 2.85203 0.346748 0.743204 2.83072 
0.595362 -0.670696 2.82654 0.437148 -0.501955 2.77469 0.47021 -0.492355 2.62758 0.422059 -0.255231 2.52439 0.428658 -0.0336412 2.45805 0.380826 -0.510633 2.93465 0.309563 -0.275147 3.03004 0.329432 -0.0638505 3.12352 0.364159 -0.0202307 2.78452 0.40476 -0.0169798 2.66338 0.38149 0.376083 2.68443 0.365191 0.746422 2.6868 0.325763 -0.0212608 2.87945 0.350033 0.378707 2.85241 0.347389 0.743516 2.83096 
0.595125 -0.669796 2.82651 0.437385 -0.501995 2.77762 0.473478 -0.493061 2.6321 0.424352 -0.259636 2.51957 0.432855 -0.0383764 2.44849 0.377102 -0.509542 2.93717 0.303409 -0.276567 3.03355 0.31546 -0.0666527 3.13485 0.368462 -0.0199808 2.78549 0.40785 -0.0169351 2.66539 0.383003 0.376145 2.68677 0.365588 0.7458 2.68746 0.327234 -0.0214111 2.88149 0.351264 0.378007 2.85261 0.347738 0.743047 2.83105 
0.594795 -0.668339 2.82663 0.436469 -0.501894 2.77955 0.474083 -0.493647 2.63401 0.428336 -0.260987 2.5192 0.442135 -0.0410909 2.44719 0.374585 -0.509064 2.93872 0.299832 -0.276075 3.03538 0.307867 -0.0663031 3.13951 0.370691 -0.0209705 2.78601 0.409336 -0.0179614 2.66709 0.383838 0.375113 2.68806 0.365329 0.744817 2.68783 0.328402 -0.0221747 2.88316 0.351899 0.376531 2.85272 0.348067 0.741568 2.83106 
0.594471 -0.668947 2.82817 0.436032 -0.501536 2.78164 0.474416 -0.494408 2.63448 0.433404 -0.260112 2.52192 0.460565 -0.0405074 2.45313 0.3739 -0.508721 2.9402 0.298641 -0.274552 3.03617 0.305716 -0.063665 3.13902 0.372121 -0.0207224 2.78629 0.41017 -0.017503 2.66929 0.384464 0.373782 2.68882 0.365722 0.744063 2.68807 0.328163 -0.0223601 2.8853 0.352255 0.376192 2.85278 0.348452 0.739687 2.83118 
0.593871 -0.668626 2.83024 0.43577 -0.502183 2.78509 0.474243 -0.495904 2.63612 0.441341 -0.257683 2.52701 0.482671 -0.0402698 2.46689 0.374556 -0.508155 2.94257 0.300149 -0.27291 3.03621 0.311469 -0.0591312 3.1332 0.371602 -0.0192699 2.7864 0.410827 -0.0166347 2.67102 0.385206 0.374332 2.68908 0.366941 0.743139 2.68825 0.326566 -0.0208795 2.88688 0.352458 0.376722 2.85282 0.348668 0.73903 2.83122 
0.59314 -0.667919 2.83222 0.435845 -0.502586 2.78961 0.473861 -0.497624 2.63765 0.449242 -0.256647 2.5326 0.508003 -0.0410634 2.485 0.37474 -0.50856 2.94448 0.304455 -0.269781 3.03555 0.325514 -0.0544443 3.12566 0.370666 -0.0201743 2.78641 0.411359 -0.0180765 2.67101 0.386528 0.375564 2.6891 0.367666 0.743254 2.6882 0.32626 -0.0212734 2.88859 0.352785 0.376833 2.85278 0.34882 0.739053 2.83123 
0.5919 -0.667093 2.83546 0.436477 -0.502986 2.79535 0.472911 -0.499023 2.64015 0.453859 -0.256562 2.53933 0.530694 -0.046683 2.50985 0.374875 -0.508854 2.94724 0.310914 -0.266506 3.03559 0.341454 -0.0513328 3.11689 0.368033 -0.0211538 2.78629 0.411506 -0.0199368 2.67119 0.386733 0.37674 2.68915 0.368182 0.743264 2.68817 0.325084 -0.0222265 2.8892 0.353078 0.376926 2.85275 0.348984 0.739865 2.83122 
0.591226 -0.666041 2.83784 0.435784 -0.503404 2.80081 0.47229 -0.499437 2.64254 0.456166 -0.257555 2.54565 0.550021 -0.0539064 2.53625 0.377157 -0.509155 2.95019 0.31668 -0.263832 3.03645 0.359123 -0.048311 3.10805 0.364719 -0.0208645 2.78609 0.407773 -0.0203361 2.67168 0.385464 0.378776 2.68907 0.368831 0.744614 2.68782 0.324474 -0.0215096 2.88908 0.353509 0.377077 2.85274 0.349256 0.74073 2.8314 
0.590933 -0.666141 2.83949 0.436321 -0.50413 2.80384 0.472119 -0.501013 2.64332 0.457344 -0.260241 2.54856 0.566476 -0.0661859 2.55409 0.38322 -0.509598 2.95229 0.320498 -0.262011 3.03685 0.373003 -0.047928 3.10158 0.361877 -0.0207337 2.78598 0.403092 -0.0206144 2.67096 0.385022 0.378343 2.68917 0.368369 0.745153 2.6877 0.324295 -0.0201933 2.8882 0.354537 0.377241 2.85287 0.349843 0.740707 2.83167 
