15 210 4
0.0134898 0.0597985 0.0024372 -0.151438 0.0262343 1.95886e-05
0.130245 -1.55009 -0.129291 3.81586 0.231305 3.37415
0.00451841 3.01809 -0.0401706 -0.760179 0.298493 7.29791
0.125115 1.56607 0.111647 -3.65573 0.477961 3.58731
-0.266064 -0.611853 2.99584 -0.340215 -0.494084 3.18251 -0.490955 -0.491814 3.1526 -0.576774 -0.246127 3.19273 -0.610729 -0.0150224 3.12037 -0.185046 -0.497473 3.20785 -0.12154 -0.241883 3.22629 -0.0947128 -0.0159373 3.16287 -0.339085 -0.00176294 3.21957 -0.439988 -0.00627673 3.20463 -0.447452 0.378308 3.19423 -0.464427 0.760354 3.20705 -0.228778 0.00206464 3.23664 -0.230242 0.376892 3.19033 -0.223925 0.756977 3.20998 
-0.266173 -0.611653 2.99577 -0.340234 -0.494253 3.18199 -0.491039 -0.491728 3.1526 -0.576744 -0.245869 3.19229 -0.612078 -0.0154731 3.1182 -0.186136 -0.497598 3.20757 -0.121481 -0.241951 3.22529 -0.0950407 -0.0157041 3.16138 -0.339257 -0.00277807 3.21949 -0.439935 -0.00763725 3.20498 -0.44724 0.377342 3.19277 -0.464462 0.760369 3.20689 -0.228965 -0.000396303 3.23763 -0.230162 0.376393 3.19125 -0.223962 0.75685 3.20921 
-0.266508 -0.611297 2.9952 -0.340257 -0.494775 3.18065 -0.491214 -0.491419 3.1526 -0.576666 -0.246123 3.19137 -0.612317 -0.0165244 3.11487 -0.186648 -0.49796 3.20661 -0.121424 -0.241987 3.22451 -0.0959014 -0.0150626 3.15934 -0.339391 -0.00410977 3.21938 -0.440129 -0.00839311 3.20343 -0.447102 0.376269 3.18933 -0.464444 0.76036 3.20679 -0.229359 -0.00253451 3.24013 -0.230337 0.37651 3.19337 -0.223936 0.756692 3.20927 
-0.267001 -0.610432 2.99467 -0.340177 -0.49449 3.17773 -0.491551 -0.490625 3.15274 -0.576569 -0.246103 3.18971 -0.611666 -0.0174199 3.10965 -0.186833 -0.498788 3.2046 -0.121241 -0.242164 3.2223 -0.0962953 -0.0150697 3.15664 -0.339355 -0.00366393 3.2175 -0.440253 -0.00807413 3.20017 -0.446977 0.377373 3.18434 -0.464295 0.760265 3.20688 -0.229739 -0.00419094 3.24294 -0.230772 0.377413 3.19779 -0.223801 0.75638 3.21021 
-0.267755 -0.60999 2.99386 -0.340153 -0.494755 3.17636 -0.492224 -0.490647 3.15294 -0.575985 -0.245751 3.18972 -0.609668 -0.0185828 3.10424 -0.186731 -0.499082 3.2027 -0.121107 -0.242307 3.22013 -0.0964278 -0.0149562 3.15409 -0.339367 -0.00420366 3.21741 -0.440272 -0.00820845 3.19898 -0.447055 0.378517 3.18399 -0.464015 0.760117 3.20703 -0.230249 -0.0050603 3.24539 -0.23117 0.378228 3.19969 -0.223593 0.755608 3.21052 
-0.26923 -0.60979 2.99316 -0.340047 -0.494206 3.17574 -0.493611 -0.491519 3.15325 -0.575669 -0.245389 3.19023 -0.605803 -0.0188061 3.09908 -0.186107 -0.499158 3.20195 -0.121323 -0.242113 3.21911 -0.096307 -0.0146605 3.1514 -0.33954 -0.00454309 3.21696 -0.440466 -0.0089007 3.19702 -0.44705 0.378937 3.18355 -0.463437 0.75978 3.20725 -0.230369 -0.00555435 3.24674 -0.231231 0.378193 3.20025 -0.223621 0.75521 3.21036 
-0.271719 -0.609772 2.99258 -0.339986 -0.493996 3.17546 -0.49434 -0.491941 3.15344 -0.575153 -0.245701 3.18976 -0.600296 -0.0192649 3.0949 -0.184669 -0.499135 3.20179 -0.121495 -0.241518 3.21881 -0.0960143 -0.0140508 3.14938 -0.339689 -0.0048266 3.21577 -0.440611 -0.00917376 3.19521 -0.447075 0.379058 3.18255 -0.462213 0.758998 3.20768 -0.230438 -0.00605316 3.24744 -0.231411 0.378678 3.19958 -0.223919 0.754892 3.2096 
-0.274164 -0.6099 2.99306 -0.339937 -0.4939 3.17538 -0.494766 -0.492111 3.1536 -0.574322 -0.245614 3.18832 -0.593492 -0.0199425 3.0909 -0.183952 -0.499097 3.20224 -0.121658 -0.240224 3.21911 -0.096263 -0.0137037 3.14781 -0.33982 -0.00519926 3.21519 -0.440594 -0.00929127 3.19491 -0.44703 0.379151 3.18255 -0.461639 0.759037 3.208 -0.230509 -0.00691462 3.24779 -0.231369 0.378603 3.19931 -0.224036 0.754777 3.20966 
-0.277363 -0.610259 2.99345 -0.339893 -0.493856 3.1754 -0.495166 -0.492203 3.15363 -0.573384 -0.245598 3.18714 -0.585568 -0.019486 3.08702 -0.183522 -0.498994 3.20352 -0.121714 -0.239538 3.21934 -0.0962552 -0.0135546 3.14645 -0.339953 -0.00594184 3.21504 -0.44063 -0.00933004 3.19369 -0.446845 0.379204 3.18365 -0.461391 0.758336 3.2083 -0.230526 -0.00723105 3.24807 -0.231105 0.377895 3.19923 -0.224027 0.754792 3.21057 
-0.281939 -0.611003 2.99366 -0.339888 -0.49383 3.17541 -0.49572 -0.49223 3.15358 -0.572433 -0.2452 3.18608 -0.57635 -0.0181557 3.08436 -0.183314 -0.498712 3.20412 -0.12177 -0.239096 3.21798 -0.0959844 -0.0135156 3.14516 -0.34004 -0.00610488 3.21487 -0.440673 -0.00919337 3.1928 -0.446768 0.379475 3.18379 -0.461276 0.758104 3.2084 -0.230547 -0.00721567 3.24809 -0.230918 0.37752 3.19912 -0.224055 0.75478 3.21082 
-0.286095 -0.612412 2.99398 -0.339885 -0.49379 3.17543 -0.496688 -0.492195 3.15344 -0.57128 -0.244311 3.18497 -0.570112 -0.0169217 3.08214 -0.18317 -0.497958 3.20438 -0.12174 -0.238629 3.21577 -0.0955003 -0.0135243 3.14488 -0.340079 -0.00579182 3.21472 -0.440793 -0.00874178 3.19169 -0.446704 0.380142 3.18318 -0.461182 0.758163 3.20846 -0.230566 -0.00681541 3.24792 -0.231072 0.378805 3.19896 -0.2241 0.754753 3.21058 
-0.290706 -0.61514 2.99427 -0.339834 -0.493734 3.17552 -0.496409 -0.492066 3.1534 -0.570642 -0.242558 3.18381 -0.5662 -0.0155765 3.08049 -0.183016 -0.496148 3.20445 -0.12167 -0.23861 3.21417 -0.0950805 -0.0133029 3.14447 -0.340101 -0.00478826 3.21443 -0.441078 -0.00768982 3.18986 -0.446761 0.379978 3.18363 -0.461126 0.758512 3.20851 -0.230564 -0.00576788 3.24743 -0.231288 0.379564 3.19857 -0.224157 0.754708 3.20974 
-0.295516 -0.616684 2.99482 -0.339748 -0.493674 3.1756 -0.496802 -0.491736 3.15335 -0.569941 -0.240532 3.18387 -0.563641 -0.0138346 3.07933 -0.182884 -0.495401 3.20428 -0.121511 -0.238887 3.2134 -0.0945757 -0.0127745 3.14387 -0.339921 -0.00399919 3.21369 -0.4412 -0.00699761 3.18888 -0.446949 0.380387 3.18542 -0.461136 0.759441 3.20838 -0.230325 -0.00489343 3.24626 -0.231277 0.380387 3.19794 -0.224137 0.754755 3.20976 
-0.298652 -0.617819 2.99459 -0.339644 -0.493628 3.17567 -0.496066 -0.491024 3.15335 -0.569348 -0.239437 3.18374 -0.561473 -0.0124894 3.0786 -0.182724 -0.495093 3.20369 -0.121354 -0.23896 3.21367 -0.0941604 -0.0128056 3.14303 -0.339534 -0.00287351 3.21207 -0.440998 -0.0060779 3.18828 -0.447156 0.380184 3.18721 -0.461257 0.759943 3.20836 -0.229809 -0.00359823 3.24379 -0.231081 0.380354 3.19666 -0.224162 0.754825 3.20878 
-0.300307 -0.617816 2.99478 -0.339499 -0.493609 3.17566 -0.496052 -0.490728 3.15319 -0.568755 -0.23875 3.18347 -0.559209 -0.0114 3.07831 -0.182426 -0.494978 3.20236 -0.121027 -0.238863 3.21335 -0.0934285 -0.0123453 3.1418 -0.339184 -0.00206724 3.21075 -0.440742 -0.00564355 3.18964 -0.447521 0.379224 3.18963 -0.46157 0.76036 3.2084 -0.22924 -0.00262758 3.24104 -0.230557 0.379431 3.19418 -0.224142 0.755054 3.20818 
-0.29977 -0.618001 2.99445 -0.339235 -0.493587 3.17556 -0.496696 -0.490545 3.1529 -0.568312 -0.237712 3.18306 -0.555814 -0.0119601 3.07691 -0.182125 -0.49496 3.20169 -0.120324 -0.239073 3.21236 -0.0924689 -0.0123431 3.14007 -0.338793 -0.00258708 3.20907 -0.440493 -0.00675275 3.18934 -0.447767 0.378471 3.18967 -0.462272 0.760972 3.20855 -0.228673 -0.0029074 3.23871 -0.230076 0.379851 3.19159 -0.224142 0.754052 3.20788 
-0.297019 -0.617074 2.99355 -0.338669 -0.493554 3.17532 -0.496228 -0.490458 3.1525 -0.567391 -0.23812 3.18396 -0.550364 -0.0147333 3.07433 -0.1816 -0.494998 3.20144 -0.119386 -0.2394 3.21262 -0.0911449 -0.0127675 3.13869 -0.337968 -0.00322976 3.20846 -0.439688 -0.00746626 3.18943 -0.447677 0.378992 3.18969 -0.4637 0.762157 3.20914 -0.227805 -0.00309728 3.23573 -0.228927 0.380505 3.18784 -0.224135 0.752608 3.20807 
-0.291441 -0.616008 2.99189 -0.337484 -0.493514 3.17479 -0.494423 -0.490438 3.15177 -0.566514 -0.239352 3.18653 -0.542175 -0.0212949 3.0705 -0.180546 -0.495137 3.20146 -0.117901 -0.23998 3.21421 -0.089088 -0.0137562 3.13748 -0.336377 -0.00446278 3.20851 -0.438074 -0.00818247 3.18958 -0.447294 0.379708 3.18945 -0.464232 0.762905 3.20989 -0.226328 -0.00482513 3.23479 -0.228789 0.380176 3.18356 -0.22407 0.75273 3.20814 
-0.283321 -0.613087 2.98908 -0.334915 -0.493365 3.1739 -0.490153 -0.491111 3.15039 -0.565513 -0.241093 3.18992 -0.530462 -0.0316747 3.06479 -0.178023 -0.495404 3.19967 -0.115393 -0.240947 3.21579 -0.0866241 -0.0156628 3.13633 -0.333133 -0.00562985 3.20936 -0.434766 -0.00948081 3.19015 -0.446162 0.379366 3.18657 -0.464276 0.763851 3.21091 -0.223445 -0.00632619 3.23554 -0.229311 0.378779 3.18105 -0.223988 0.752826 3.20837 
-0.272483 -0.609443 2.98444 -0.329572 -0.493071 3.17209 -0.483444 -0.491127 3.14754 -0.56319 -0.244245 3.19329 -0.514453 -0.0514054 3.05819 -0.172889 -0.496121 3.1973 -0.110649 -0.242931 3.21764 -0.0831612 -0.0191599 3.13506 -0.328225 -0.0078643 3.20977 -0.429623 -0.0109249 3.18966 -0.443772 0.377811 3.1797 -0.463566 0.763991 3.21084 -0.221468 -0.0086498 3.2382 -0.229154 0.376985 3.17853 -0.223944 0.752707 3.20673 
-0.259602 -0.606129 2.97779 -0.320693 -0.492362 3.16898 -0.473001 -0.490562 3.1424 -0.558463 -0.246906 3.19343 -0.490682 -0.0770319 3.04855 -0.166622 -0.495895 3.1934 -0.102274 -0.246323 3.22025 -0.0794867 -0.024427 3.13233 -0.320723 -0.011173 3.21254 -0.42185 -0.0136551 3.19281 -0.439258 0.375603 3.17216 -0.4617 0.763621 3.20948 -0.218896 -0.011728 3.24022 -0.228218 0.373413 3.17483 -0.223802 0.75244 3.20435 
-0.246494 -0.601832 2.97067 -0.307818 -0.490665 3.1635 -0.46167 -0.48909 3.13774 -0.548953 -0.249561 3.19412 -0.463572 -0.10052 3.04039 -0.15584 -0.494853 3.1879 -0.0900464 -0.249782 3.22403 -0.0753024 -0.032288 3.12883 -0.313296 -0.0119992 3.21511 -0.413789 -0.0151892 3.19713 -0.430795 0.372358 3.16501 -0.457455 0.762448 3.2063 -0.214401 -0.0129869 3.2406 -0.225476 0.370549 3.1683 -0.223509 0.751991 3.20247 
-0.232394 -0.596278 2.96326 -0.293703 -0.488363 3.15493 -0.451256 -0.487395 3.13267 -0.535156 -0.252577 3.19257 -0.43526 -0.124602 3.03512 -0.141355 -0.491891 3.17779 -0.0718405 -0.252603 3.22958 -0.0708983 -0.0422448 3.12397 -0.304054 -0.0126969 3.21712 -0.403124 -0.0153048 3.20234 -0.418168 0.371027 3.14972 -0.44789 0.75906 3.20033 -0.206103 -0.0149736 3.23946 -0.222618 0.369371 3.1626 -0.222967 0.751022 3.20427 
-0.215771 -0.58994 2.95602 -0.283402 -0.487112 3.14743 -0.441589 -0.485844 3.12942 -0.523177 -0.255711 3.19144 -0.412155 -0.138752 3.03496 -0.126738 -0.490677 3.1668 -0.057542 -0.254638 3.23213 -0.0667974 -0.0520754 3.11823 -0.294352 -0.0137262 3.22016 -0.394745 -0.015907 3.2077 -0.401156 0.369434 3.13552 -0.43198 0.753973 3.18972 -0.194026 -0.0160967 3.23894 -0.218212 0.367323 3.15524 -0.221539 0.747194 3.20667 
-0.202379 -0.582659 2.94916 -0.273419 -0.484625 3.13986 -0.430766 -0.483787 3.12339 -0.513551 -0.255803 3.18841 -0.394823 -0.145754 3.03324 -0.115655 -0.488743 3.15994 -0.0461969 -0.253923 3.23302 -0.0626336 -0.0587055 3.11072 -0.287613 -0.0140993 3.22166 -0.387583 -0.0162802 3.21049 -0.386457 0.367698 3.12224 -0.40918 0.749308 3.18258 -0.184619 -0.0150808 3.23827 -0.212776 0.36446 3.14035 -0.218685 0.739055 3.20584 
-0.189321 -0.570737 2.94436 -0.262949 -0.478855 3.13099 -0.41709 -0.476034 3.1093 -0.505866 -0.250449 3.18242 -0.381057 -0.146117 3.03166 -0.106779 -0.484616 3.15666 -0.0356172 -0.25157 3.23606 -0.0597342 -0.0655072 3.10139 -0.280075 -0.012454 3.22504 -0.37763 -0.013837 3.21076 -0.372448 0.36416 3.10562 -0.388768 0.749984 3.1787 -0.176084 -0.0129449 3.24456 -0.203265 0.358173 3.10846 -0.213793 0.721191 3.19866 
-0.174639 -0.554589 2.9414 -0.251368 -0.466697 3.12359 -0.404358 -0.459887 3.09314 -0.501295 -0.236607 3.17395 -0.369133 -0.140057 3.02743 -0.097229 -0.472776 3.15695 -0.0243047 -0.245569 3.24321 -0.0562665 -0.0740648 3.08993 -0.26856 -0.00443055 3.23195 -0.365546 -0.00538363 3.21219 -0.358766 0.363572 3.08492 -0.375245 0.748794 3.17837 -0.165766 -0.00358619 3.25414 -0.188684 0.348348 3.0648 -0.204449 0.687572 3.1892 
-0.155502 -0.535966 2.93833 -0.236466 -0.444893 3.11771 -0.389786 -0.436573 3.07945 -0.495548 -0.215205 3.16111 -0.354498 -0.128774 3.02071 -0.0860982 -0.453355 3.15888 -0.00844779 -0.232921 3.252 -0.0530747 -0.0896954 3.07921 -0.251369 0.0107949 3.23768 -0.349638 0.00903931 3.21166 -0.340466 0.368 3.06435 -0.366778 0.746584 3.17627 -0.152831 0.0100785 3.26622 -0.163191 0.331497 3.01889 -0.188338 0.63478 3.18808 
-0.136237 -0.520567 2.93316 -0.22123 -0.424412 3.11437 -0.374774 -0.415167 3.06665 -0.48329 -0.196951 3.14634 -0.333484 -0.119427 3.014 -0.0746548 -0.435131 3.16091 0.00466946 -0.216075 3.25914 -0.0451899 -0.111729 3.06863 -0.232803 0.0218516 3.23839 -0.333252 0.021478 3.20653 -0.321385 0.376916 3.0458 -0.362286 0.74388 3.17395 -0.136698 0.02066 3.27214 -0.134687 0.306305 2.97014 -0.159772 0.572841 3.18809 
-0.115086 -0.511971 2.92589 -0.205115 -0.413069 3.1056 -0.355177 -0.39978 3.05229 -0.466036 -0.185505 3.12919 -0.31051 -0.117125 2.99983 -0.0582667 -0.42327 3.16248 0.0190785 -0.206394 3.26516 -0.0315052 -0.133069 3.06379 -0.214892 0.0284585 3.23459 -0.314868 0.030028 3.19915 -0.306762 0.381501 3.03299 -0.358596 0.739738 3.17368 -0.118151 0.0245093 3.27456 -0.100594 0.277909 2.93601 -0.113588 0.526927 3.18976 
-0.0878568 -0.51137 2.92122 -0.18236 -0.411046 3.09801 -0.328981 -0.396371 3.0388 -0.445215 -0.18507 3.11301 -0.281406 -0.129847 2.98637 -0.0394726 -0.420463 3.16235 0.0362963 -0.207145 3.27127 -0.0135718 -0.156618 3.06115 -0.19522 0.0290983 3.22765 -0.293616 0.031593 3.19245 -0.29001 0.382777 3.03007 -0.353015 0.745127 3.17019 -0.0983055 0.0230368 3.27359 -0.054079 0.253297 2.91632 -0.0509045 0.495099 3.18793 
-0.0591898 -0.519684 2.91689 -0.153997 -0.416478 3.08746 -0.298361 -0.403096 3.02696 -0.422834 -0.196171 3.09736 -0.252621 -0.152208 2.9743 -0.0139758 -0.426052 3.16037 0.0620637 -0.220559 3.2786 0.0133393 -0.182432 3.06174 -0.170164 0.021145 3.22106 -0.271523 0.0241568 3.18562 -0.272678 0.38202 3.03283 -0.348351 0.746449 3.16703 -0.071362 0.0137932 3.26872 -0.00665526 0.241694 2.90934 0.0252193 0.490096 3.17701 
-0.0271489 -0.534245 2.91325 -0.124433 -0.431019 3.08093 -0.265061 -0.41949 3.01717 -0.394862 -0.218853 3.08677 -0.220777 -0.183185 2.96441 0.018306 -0.440774 3.15841 0.0926216 -0.24492 3.28333 0.0495768 -0.20777 3.06312 -0.141523 0.00638568 3.21427 -0.243887 0.00970806 3.17764 -0.255476 0.378298 3.04007 -0.342715 0.743164 3.16403 -0.042348 -0.00335017 3.26138 0.0326199 0.242207 2.91415 0.0988735 0.505124 3.1606 
0.00794464 -0.551665 2.91019 -0.0881903 -0.45861 3.07999 -0.226786 -0.448231 3.01076 -0.360105 -0.250248 3.08229 -0.185748 -0.219555 2.95572 0.0573395 -0.468806 3.15553 0.128591 -0.274946 3.28498 0.100526 -0.2296 3.06367 -0.104146 -0.0137934 3.2071 -0.204221 -0.0102577 3.16895 -0.228779 0.357634 3.04284 -0.333031 0.728899 3.15918 -0.00415727 -0.023238 3.25111 0.074223 0.255375 2.93558 0.168908 0.548434 3.14323 
0.0417947 -0.564444 2.9051 -0.0467887 -0.480715 3.07942 -0.190176 -0.470897 3.00957 -0.320505 -0.272201 3.08633 -0.151025 -0.243193 2.94986 0.0986391 -0.488667 3.15014 0.168682 -0.296654 3.28227 0.148429 -0.240939 3.0599 -0.0588922 -0.0304083 3.19864 -0.159655 -0.0254105 3.15989 -0.19402 0.330638 3.02877 -0.313009 0.699737 3.15443 0.0421873 -0.0377507 3.2396 0.109055 0.277758 2.96652 0.217897 0.604131 3.12852 
0.0759272 -0.570331 2.89576 -0.00528796 -0.492756 3.07744 -0.150306 -0.482615 3.01104 -0.282437 -0.279842 3.09382 -0.117947 -0.249789 2.94614 0.136995 -0.500274 3.13771 0.211006 -0.302578 3.27568 0.192126 -0.238052 3.05386 -0.0158623 -0.0381711 3.19141 -0.115331 -0.0350986 3.15167 -0.149831 0.309995 2.99293 -0.276674 0.64547 3.15294 0.0855531 -0.0428496 3.23145 0.140349 0.303575 2.99926 0.244155 0.66125 3.12807 
0.111185 -0.567216 2.88753 0.0382877 -0.484526 3.07488 -0.110284 -0.477219 3.01948 -0.23866 -0.27188 3.10352 -0.082056 -0.241328 2.9442 0.182155 -0.491168 3.12699 0.264433 -0.289774 3.26141 0.237232 -0.216763 3.04407 0.0319371 -0.0297383 3.1858 -0.0701902 -0.0270324 3.14381 -0.0958419 0.288569 2.94462 -0.215165 0.55986 3.15495 0.131125 -0.0338562 3.22679 0.170785 0.32897 3.02079 0.249229 0.706961 3.14616 
0.144083 -0.556893 2.87979 0.0786822 -0.463825 3.06987 -0.0711471 -0.459465 3.02444 -0.197387 -0.254825 3.10964 -0.0456711 -0.220508 2.94335 0.224636 -0.467858 3.11507 0.311127 -0.265441 3.23906 0.276284 -0.197569 3.02915 0.0751269 -0.00877779 3.18142 -0.0263874 -0.00837156 3.13035 -0.0390507 0.26796 2.89753 -0.140141 0.488298 3.14532 0.173199 -0.013758 3.22807 0.196012 0.356012 3.03799 0.252585 0.73229 3.16384 
0.17651 -0.547127 2.871 0.115841 -0.447938 3.06508 -0.0371454 -0.445611 3.02804 -0.155655 -0.245347 3.11414 -0.0126261 -0.205546 2.94196 0.262513 -0.447964 3.10029 0.352922 -0.248076 3.21417 0.307494 -0.191892 3.00745 0.114917 0.0040057 3.18039 0.0151771 0.00157789 3.12917 0.012161 0.251552 2.86856 -0.0627197 0.45985 3.12523 0.211066 0.00106221 3.22819 0.225567 0.369663 3.04756 0.257666 0.74104 3.17419 
0.208855 -0.546134 2.86262 0.153481 -0.446008 3.05875 0.000826537 -0.444666 3.02692 -0.11751 -0.247594 3.11658 0.0218148 -0.207438 2.93759 0.299827 -0.447458 3.08639 0.390972 -0.248413 3.19133 0.335558 -0.189467 2.98617 0.152503 -0.00244547 3.17962 0.0527563 -0.00268871 3.13269 0.0728861 0.229538 2.85724 0.0221549 0.466113 3.09924 0.248409 -0.00403492 3.22662 0.256055 0.366169 3.05797 0.264962 0.737561 3.17754 
0.237843 -0.555001 2.85587 0.182045 -0.464008 3.05308 0.0292721 -0.461793 3.0231 -0.085944 -0.262447 3.11208 0.0533487 -0.227848 2.93267 0.330141 -0.469475 3.08121 0.420313 -0.266157 3.17932 0.357312 -0.215105 2.97436 0.181571 -0.0205239 3.17872 0.0841179 -0.0182915 3.12885 0.12088 0.231458 2.86096 0.0931591 0.515955 3.06888 0.280969 -0.0234252 3.22798 0.285977 0.348643 3.06154 0.276869 0.720128 3.17869 
0.267623 -0.568364 2.85083 0.209234 -0.488787 3.0475 0.0592176 -0.484711 3.01613 -0.0590158 -0.282718 3.09987 0.0836287 -0.247039 2.92304 0.357632 -0.495951 3.07847 0.444521 -0.289346 3.17958 0.378564 -0.237971 2.97252 0.209202 -0.0420225 3.17692 0.112931 -0.0374147 3.1277 0.159821 0.249158 2.88487 0.147673 0.581622 3.04273 0.309523 -0.0471622 3.22467 0.323631 0.312783 3.04736 0.294995 0.679096 3.17861 
0.299604 -0.57873 2.84732 0.241979 -0.509933 3.04214 0.0940761 -0.506851 3.0086 -0.0332155 -0.295871 3.08686 0.112513 -0.264827 2.91126 0.389599 -0.519755 3.07718 0.463919 -0.30718 3.18992 0.410627 -0.246445 2.98384 0.240481 -0.0632393 3.17536 0.144592 -0.0573976 3.13267 0.19078 0.271018 2.92182 0.186312 0.644319 3.03372 0.339623 -0.0698412 3.21672 0.371527 0.271831 3.00713 0.32003 0.606387 3.18794 
0.326999 -0.579858 2.84529 0.270747 -0.508696 3.03784 0.122521 -0.503323 2.99691 -0.00681858 -0.288042 3.06862 0.140402 -0.264247 2.89553 0.415151 -0.520321 3.08042 0.477923 -0.307411 3.20613 0.441282 -0.234868 3.00093 0.2677 -0.0633459 3.17232 0.173121 -0.0564767 3.1299 0.219324 0.298531 2.95019 0.210575 0.692475 3.04045 0.366309 -0.0707104 3.21214 0.419927 0.247479 2.97336 0.347361 0.531409 3.18992 
0.353398 -0.571014 2.84463 0.295238 -0.489745 3.03295 0.149868 -0.4828 2.98461 0.0208511 -0.26452 3.04352 0.171279 -0.251838 2.8775 0.439736 -0.500856 3.08876 0.489198 -0.292173 3.22172 0.48242 -0.214906 3.01429 0.292945 -0.047064 3.16866 0.19795 -0.0389844 3.12779 0.245957 0.3199 2.97191 0.222617 0.724477 3.06245 0.393316 -0.0550173 3.21023 0.465899 0.221294 2.93082 0.383946 0.470915 3.17788 
0.381616 -0.557561 2.84658 0.321921 -0.464154 3.02988 0.179359 -0.454343 2.97102 0.0481922 -0.234251 3.01538 0.207563 -0.234696 2.85951 0.461527 -0.477499 3.09762 0.501622 -0.269605 3.23592 0.522642 -0.195094 3.02621 0.320656 -0.0228786 3.16669 0.225595 -0.013646 3.1275 0.273469 0.350255 2.98453 0.229961 0.740279 3.07335 0.418114 -0.0317613 3.20982 0.51783 0.18947 2.8957 0.44353 0.434863 3.16074 
0.409767 -0.550553 2.84727 0.348336 -0.443699 3.02849 0.208654 -0.433344 2.96022 0.0788714 -0.214937 2.99522 0.239354 -0.224614 2.84798 0.487227 -0.457204 3.10695 0.52244 -0.260856 3.24967 0.564814 -0.184335 3.03913 0.349168 -0.0123946 3.16712 0.256781 -0.00083346 3.1287 0.300769 0.362224 2.98455 0.237294 0.744626 3.07967 0.445547 -0.0221986 3.21021 0.564412 0.171013 2.87883 0.516173 0.435209 3.13878 
0.440524 -0.553553 2.84664 0.37535 -0.442543 3.02768 0.242569 -0.430119 2.95416 0.108648 -0.216582 2.99008 0.272576 -0.230345 2.84365 0.516356 -0.458157 3.11212 0.54719 -0.270479 3.26295 0.603003 -0.191407 3.0519 0.380823 -0.0132641 3.16295 0.290066 -0.000494366 3.12753 0.32755 0.363906 2.98801 0.243293 0.740738 3.08182 0.479782 -0.0257468 3.20866 0.608904 0.170882 2.88263 0.596765 0.462033 3.11832 
0.473245 -0.565889 2.84594 0.412842 -0.463683 3.03052 0.279645 -0.44612 2.95764 0.141989 -0.238845 3.00292 0.306888 -0.251573 2.84844 0.554058 -0.480849 3.11322 0.584696 -0.300444 3.27269 0.647355 -0.213972 3.06221 0.42293 -0.0268502 3.15852 0.329941 -0.0145595 3.12567 0.351369 0.350221 2.99087 0.250733 0.727877 3.08302 0.521488 -0.0396825 3.20415 0.658295 0.188663 2.90371 0.687025 0.502288 3.10457 
0.503484 -0.578846 2.84461 0.455361 -0.488367 3.03549 0.316561 -0.469748 2.96403 0.180176 -0.263932 3.02415 0.340006 -0.265665 2.86355 0.595868 -0.508775 3.10964 0.634407 -0.333128 3.2741 0.695102 -0.234546 3.06994 0.467226 -0.0442374 3.15556 0.370871 -0.0312013 3.12183 0.379194 0.325852 2.98355 0.262772 0.70134 3.08377 0.566666 -0.0582081 3.19734 0.701227 0.21955 2.94505 0.77159 0.560909 3.09735 
0.534605 -0.583128 2.84278 0.502358 -0.504651 3.04186 0.356015 -0.488591 2.97797 0.218733 -0.278864 3.04955 0.372603 -0.271873 2.88354 0.643324 -0.526309 3.10009 0.693381 -0.35053 3.26627 0.741381 -0.238327 3.0685 0.511732 -0.0561765 3.15477 0.416146 -0.0433201 3.1199 0.424407 0.301915 2.95295 0.286448 0.650607 3.08858 0.610755 -0.0674717 3.19556 0.732989 0.252072 2.99291 0.830521 0.618685 3.10499 
0.566214 -0.575271 2.84299 0.552909 -0.502879 3.04791 0.401148 -0.491251 2.99583 0.266141 -0.279742 3.07366 0.411902 -0.262305 2.90126 0.695451 -0.523114 3.09514 0.762646 -0.346279 3.25376 0.790051 -0.220851 3.06253 0.565391 -0.0554283 3.15881 0.467575 -0.0436044 3.12022 0.48449 0.277282 2.90903 0.334562 0.570664 3.09948 0.664852 -0.064911 3.19915 0.767406 0.291787 3.02821 0.861692 0.670322 3.12723 
0.593973 -0.562057 2.84284 0.593692 -0.486083 3.05135 0.44035 -0.474356 3.00629 0.311036 -0.26303 3.09108 0.450943 -0.239082 2.9141 0.741882 -0.503673 3.09295 0.821148 -0.322493 3.23896 0.830752 -0.196198 3.05251 0.613016 -0.0372878 3.16246 0.516537 -0.0267327 3.11459 0.537799 0.257872 2.87173 0.395478 0.509329 3.11184 0.712362 -0.0460296 3.20696 0.794922 0.328334 3.05239 0.873841 0.708268 3.14856 
0.621737 -0.542549 2.84147 0.630014 -0.459996 3.05347 0.473051 -0.448132 3.01443 0.352469 -0.240711 3.1042 0.491216 -0.208548 2.92445 0.779774 -0.478047 3.09173 0.869892 -0.292888 3.22146 0.857611 -0.168505 3.03788 0.654525 -0.0135725 3.1667 0.55653 -0.00519713 3.11462 0.586359 0.246759 2.84171 0.463695 0.47466 3.11893 0.756234 -0.0211646 3.21476 0.819154 0.357019 3.06226 0.877682 0.72657 3.16118 
0.646569 -0.524005 2.83956 0.663413 -0.436296 3.0529 0.505696 -0.425334 3.01834 0.391715 -0.218227 3.1162 0.539194 -0.182413 2.93683 0.816917 -0.457218 3.08894 0.909906 -0.270389 3.21557 0.881838 -0.148458 3.02834 0.690839 0.000716179 3.17365 0.594337 0.00800771 3.11994 0.645628 0.235888 2.83522 0.545436 0.4669 3.11993 0.792221 -0.00576637 3.22444 0.844285 0.371899 3.06373 0.880033 0.736063 3.16847 
0.664186 -0.510633 2.83775 0.688058 -0.428475 3.04969 0.531439 -0.4171 3.0172 0.420038 -0.210802 3.12274 0.571124 -0.171369 2.9458 0.84227 -0.450016 3.08585 0.935754 -0.263825 3.21467 0.898806 -0.138542 3.02617 0.716642 0.00462575 3.17739 0.621909 0.0125651 3.12431 0.684786 0.243107 2.84889 0.610116 0.497964 3.11602 0.817866 -0.00156868 3.232 0.857368 0.37508 3.06896 0.881846 0.739483 3.17357 
0.676312 -0.506968 2.83639 0.709183 -0.435918 3.04565 0.551161 -0.420686 3.01591 0.444661 -0.216033 3.12522 0.596705 -0.169945 2.95176 0.864243 -0.455336 3.08184 0.952198 -0.270803 3.21892 0.911429 -0.137706 3.02912 0.737766 0.00103102 3.17982 0.640824 0.0101135 3.1289 0.713892 0.267534 2.874 0.66019 0.555264 3.11162 0.838322 -0.00750751 3.23624 0.864783 0.369719 3.07563 0.882518 0.739747 3.17767 
0.685018 -0.50794 2.83603 0.722882 -0.447835 3.04331 0.564829 -0.42977 3.0116 0.462334 -0.225501 3.126 0.61574 -0.172666 2.95336 0.880855 -0.463976 3.08178 0.965137 -0.280986 3.22793 0.92232 -0.140508 3.0391 0.754712 -0.00492686 3.18226 0.654138 0.00722999 3.13128 0.735055 0.29751 2.90557 0.701671 0.6215 3.11288 0.852573 -0.0151391 3.23923 0.871173 0.364488 3.0812 0.883534 0.737401 3.18083 
0.690959 -0.511581 2.83487 0.731709 -0.457049 3.04219 0.573757 -0.438977 3.00987 0.473308 -0.232098 3.12648 0.627564 -0.174839 2.95452 0.890059 -0.472235 3.08118 0.974547 -0.287509 3.23303 0.933517 -0.142703 3.04923 0.765775 -0.0107839 3.18511 0.664881 0.00399384 3.13538 0.746183 0.32154 2.9457 0.730687 0.672938 3.12502 0.862195 -0.0226313 3.23792 0.875058 0.355626 3.08598 0.884503 0.735428 3.18336 
0.695979 -0.512 2.83452 0.737057 -0.459052 3.04343 0.580967 -0.441623 3.01034 0.480811 -0.233377 3.12773 0.63371 -0.172871 2.95528 0.896364 -0.474856 3.08186 0.982257 -0.289032 3.23507 0.942328 -0.139945 3.05496 0.773424 -0.0107426 3.18711 0.673727 0.00476385 3.14191 0.750598 0.341449 2.98291 0.747664 0.703546 3.14553 0.868955 -0.0248033 3.23323 0.882424 0.354501 3.08736 0.884198 0.733409 3.18528 
0.699803 -0.51001 2.83497 0.741527 -0.457059 3.04455 0.587745 -0.439234 3.01442 0.485034 -0.230302 3.1298 0.637132 -0.167872 2.95897 0.901134 -0.472224 3.08373 0.987861 -0.286232 3.23535 0.94637 -0.134194 3.0545 0.779663 -0.00592293 3.18917 0.680954 0.0107751 3.1481 0.751907 0.352289 3.0045 0.75681 0.715977 3.15602 0.873631 -0.0216949 3.23178 0.888511 0.356008 3.08879 0.887221 0.7353 3.18847 
0.699241 -0.50595 2.83666 0.74276 -0.454478 3.04631 0.590664 -0.435738 3.0201 0.487312 -0.225625 3.1336 0.636461 -0.162846 2.96499 0.902241 -0.468224 3.08507 0.989624 -0.282626 3.23386 0.945618 -0.130205 3.05102 0.781716 -0.00317805 3.19304 0.683971 0.0134467 3.15503 0.751899 0.352065 3.00472 0.75806 0.712705 3.15873 0.87665 -0.0186374 3.23274 0.889681 0.356814 3.0885 0.887375 0.73369 3.1878 
0.695234 -0.502675 2.83971 0.741458 -0.450785 3.0475 0.589658 -0.431437 3.02655 0.48752 -0.221191 3.13913 0.633292 -0.157263 2.9726 0.900171 -0.465132 3.08414 0.989029 -0.276668 3.22958 0.940641 -0.12763 3.04427 0.780222 -0.00352591 3.19635 0.682433 0.0127944 3.1587 0.75268 0.341019 2.99284 0.752431 0.693994 3.15561 0.874854 -0.018088 3.23659 0.888203 0.357162 3.08373 0.884335 0.728928 3.18398 
0.686432 -0.49907 2.84315 0.736907 -0.444441 3.0491 0.583222 -0.425583 3.0364 0.485722 -0.214828 3.14754 0.626663 -0.150444 2.97792 0.894381 -0.459872 3.07816 0.986033 -0.266808 3.21992 0.933104 -0.122675 3.0334 0.774844 -0.00426953 3.20091 0.676798 0.0104582 3.16384 0.753025 0.314867 2.97289 0.739367 0.651173 3.1458 0.870173 -0.0179694 3.24094 0.884098 0.359069 3.07676 0.883093 0.728631 3.17849 
0.676467 -0.494408 2.84794 0.730721 -0.43373 3.05217 0.574087 -0.418664 3.05383 0.480919 -0.207344 3.16005 0.616854 -0.141913 2.98142 0.886001 -0.450116 3.06867 0.978536 -0.250343 3.20109 0.924541 -0.115385 3.01411 0.768111 -0.00182291 3.20668 0.667047 0.00804514 3.1765 0.744841 0.274114 2.94998 0.716396 0.585248 3.13566 0.862374 -0.0136364 3.23673 0.875356 0.361991 3.06145 0.88298 0.730383 3.1724 
0.66274 -0.492018 2.8549 0.720861 -0.420585 3.05958 0.563694 -0.4125 3.07764 0.471167 -0.200447 3.17813 0.600556 -0.132832 2.98742 0.873213 -0.43277 3.05632 0.971019 -0.232113 3.17829 0.913672 -0.106426 2.99036 0.758026 0.00547658 3.21206 0.653996 0.00954395 3.20056 0.725617 0.234317 2.93663 0.678885 0.524785 3.14289 0.852256 -0.0020357 3.22407 0.867615 0.362031 3.03385 0.883716 0.72631 3.16246 
0.644758 -0.494457 2.86563 0.707114 -0.409984 3.06524 0.5509 -0.403905 3.09505 0.456943 -0.192945 3.19385 0.575974 -0.131145 2.99093 0.856582 -0.415276 3.04883 0.959015 -0.218331 3.15887 0.899 -0.103374 2.96719 0.741847 0.0163313 3.21425 0.635836 0.0169521 3.22388 0.69475 0.230484 2.96232 0.629816 0.518253 3.15389 0.836252 0.0104799 3.20751 0.860026 0.350561 2.98848 0.885497 0.713606 3.14599 
0.622013 -0.503121 2.87681 0.682823 -0.404052 3.07104 0.529285 -0.398243 3.10924 0.429097 -0.188344 3.2012 0.543721 -0.138991 2.99056 0.832111 -0.408389 3.04638 0.939151 -0.208432 3.14138 0.876079 -0.111427 2.94857 0.716906 0.0241067 3.21336 0.611243 0.021911 3.2332 0.629694 0.185566 2.95065 0.547222 0.494316 3.15432 0.814785 0.0215852 3.19957 0.85011 0.351018 2.96568 0.882966 0.716874 3.13902 
0.598935 -0.522199 2.88826 0.65971 -0.413335 3.08104 0.508016 -0.409478 3.12093 0.405637 -0.197653 3.20715 0.511589 -0.157297 2.99187 0.807931 -0.417852 3.05053 0.91438 -0.214025 3.13103 0.846687 -0.139794 2.93421 0.693511 0.0183537 3.20886 0.586594 0.0158688 3.23256 0.566716 0.196308 2.9458 0.474908 0.502686 3.15164 0.790945 0.0166153 3.18802 0.835729 0.344571 2.95857 0.880647 0.702572 3.12178 
0.576088 -0.54533 2.89784 0.634085 -0.433305 3.08938 0.484511 -0.433154 3.12481 0.377367 -0.223921 3.20793 0.478095 -0.18367 2.98771 0.781623 -0.44042 3.06206 0.881563 -0.234714 3.12815 0.811939 -0.179356 2.92828 0.663343 -0.00113586 3.20356 0.556704 -0.0025338 3.22166 0.514946 0.209418 2.93841 0.407511 0.527718 3.1393 0.761243 -0.00155606 3.18885 0.812438 0.338867 2.97771 0.87241 0.698692 3.12269 
0.549167 -0.573177 2.90525 0.599698 -0.471447 3.09309 0.449739 -0.470721 3.12551 0.337554 -0.262593 3.20348 0.438171 -0.210734 2.98079 0.747315 -0.479606 3.07333 0.840922 -0.260403 3.135 0.776757 -0.222247 2.9304 0.620162 -0.0269786 3.19442 0.513431 -0.0259251 3.20536 0.463945 0.241073 2.92381 0.338033 0.575755 3.11146 0.721208 -0.0261335 3.1878 0.782719 0.332949 3.01586 0.858302 0.697322 3.14371 
0.523538 -0.592762 2.91 0.565134 -0.502186 3.09675 0.413961 -0.499407 3.12043 0.295623 -0.286559 3.18599 0.399612 -0.225982 2.97026 0.715473 -0.510142 3.08827 0.795438 -0.281948 3.1515 0.747394 -0.249851 2.94007 0.577065 -0.0481218 3.181 0.469466 -0.0444227 3.1904 0.426376 0.277001 2.95059 0.294364 0.630665 3.10706 0.681188 -0.0494851 3.1843 0.749996 0.309844 3.0146 0.834153 0.67067 3.15445 
0.496949 -0.600125 2.91159 0.529609 -0.511982 3.09785 0.378951 -0.506945 3.10661 0.253786 -0.289016 3.15514 0.363485 -0.227693 2.95409 0.679144 -0.517907 3.10693 0.75051 -0.287357 3.17177 0.721005 -0.252219 2.95785 0.535148 -0.0524753 3.17239 0.424418 -0.0481162 3.18131 0.390404 0.305378 2.98665 0.272066 0.679461 3.11558 0.637999 -0.0562894 3.18158 0.717367 0.287156 2.98101 0.790216 0.620187 3.16138 
0.470233 -0.594248 2.91042 0.48786 -0.497414 3.09745 0.337572 -0.494691 3.08666 0.205038 -0.276544 3.12994 0.316135 -0.213237 2.93993 0.63671 -0.502618 3.12142 0.701352 -0.277053 3.1926 0.697312 -0.233614 2.97894 0.488281 -0.0383542 3.17164 0.37996 -0.0340118 3.17631 0.354799 0.337059 3.01789 0.261308 0.719 3.13842 0.59184 -0.0451006 3.18386 0.674599 0.262437 2.92935 0.721741 0.544118 3.16361 
0.446278 -0.583672 2.90754 0.453117 -0.477007 3.09608 0.301775 -0.474184 3.06895 0.162302 -0.26244 3.10989 0.277124 -0.200404 2.92527 0.59914 -0.480969 3.13203 0.654467 -0.261652 3.21625 0.676032 -0.205685 3.00261 0.450317 -0.0147916 3.17415 0.347919 -0.0122836 3.17294 0.328614 0.362199 3.0356 0.255102 0.738398 3.15123 0.554046 -0.0230914 3.19141 0.630915 0.241639 2.89026 0.653764 0.483078 3.15697 
0.424125 -0.573092 2.90163 0.421461 -0.459362 3.09345 0.272691 -0.457072 3.0521 0.12621 -0.250916 3.0889 0.246891 -0.191548 2.90999 0.568787 -0.464686 3.13827 0.613061 -0.248032 3.2353 0.653216 -0.181682 3.02554 0.41901 -0.00122101 3.17757 0.318976 0.000541851 3.1696 0.307358 0.374292 3.04335 0.251497 0.745251 3.15848 0.521343 -0.0100441 3.19965 0.583002 0.224049 2.86777 0.584061 0.458695 3.14135 
0.400277 -0.567343 2.8958 0.389951 -0.448578 3.08904 0.2425 -0.44709 3.03865 0.0914637 -0.248005 3.07163 0.216248 -0.196015 2.8932 0.536665 -0.456769 3.138 0.574539 -0.251728 3.25348 0.626448 -0.16693 3.04444 0.387848 5.06601e-05 3.17939 0.289739 0.00248246 3.16816 0.287124 0.377726 3.04709 0.249344 0.748413 3.16412 0.489821 -0.00825773 3.20224 0.528564 0.212466 2.85845 0.508218 0.466771 3.11245 
0.378375 -0.572276 2.88973 0.366823 -0.45823 3.08389 0.219181 -0.453504 3.02669 0.0638332 -0.256014 3.06604 0.195447 -0.210485 2.88745 0.515185 -0.467928 3.13312 0.548914 -0.267481 3.26387 0.600144 -0.167243 3.06188 0.361682 -0.00984429 3.17857 0.265316 -0.00637366 3.1716 0.267565 0.371146 3.05383 0.246827 0.745187 3.16443 0.464325 -0.0190122 3.20082 0.486646 0.216244 2.86664 0.456833 0.50554 3.07631 
0.355396 -0.582357 2.88337 0.348398 -0.474881 3.07892 0.196541 -0.468818 3.02119 0.0425114 -0.272502 3.0728 0.178298 -0.221215 2.89604 0.497008 -0.483774 3.1261 0.528158 -0.286601 3.26374 0.574675 -0.174852 3.06952 0.342159 -0.0231902 3.17709 0.244075 -0.0199341 3.17143 0.248979 0.355127 3.0486 0.242283 0.733515 3.16022 0.443861 -0.0319805 3.19817 0.450129 0.24141 2.88327 0.427421 0.555737 3.05519 
0.330573 -0.593839 2.87562 0.328196 -0.495008 3.07356 0.176134 -0.492304 3.02294 0.0279712 -0.291552 3.08811 0.158367 -0.234816 2.90869 0.475356 -0.502176 3.11481 0.506724 -0.310717 3.25309 0.54514 -0.18322 3.07002 0.321153 -0.04087 3.17626 0.219847 -0.0389471 3.16755 0.229367 0.327558 3.01982 0.232669 0.705135 3.15178 0.420725 -0.0464564 3.19699 0.420456 0.272524 2.91539 0.406529 0.623661 3.05283 
0.305574 -0.597735 2.86891 0.306282 -0.501019 3.06682 0.154971 -0.501699 3.02979 0.0164379 -0.295796 3.10465 0.138874 -0.230481 2.92475 0.457297 -0.506418 3.101 0.495778 -0.316488 3.23868 0.517009 -0.181449 3.05784 0.29989 -0.0458557 3.17512 0.197573 -0.0465856 3.16357 0.201122 0.304165 2.97756 0.215553 0.655748 3.1421 0.400002 -0.0494519 3.19669 0.396649 0.296161 2.94745 0.397768 0.670117 3.06395 
0.276858 -0.587557 2.86605 0.282016 -0.487908 3.06288 0.128649 -0.493156 3.04393 0.00333194 -0.285262 3.12433 0.115704 -0.208786 2.94301 0.435014 -0.490453 3.08495 0.489173 -0.300125 3.21426 0.487629 -0.162817 3.03481 0.275214 -0.0372596 3.17314 0.175138 -0.0408958 3.16419 0.16467 0.27668 2.92659 0.186955 0.578154 3.13635 0.375419 -0.0382727 3.19069 0.372513 0.321694 2.96654 0.391374 0.70684 3.085 
0.24618 -0.576133 2.86467 0.254932 -0.459008 3.05966 0.101152 -0.464817 3.05938 -0.0159586 -0.26533 3.14704 0.0908513 -0.181172 2.96135 0.406253 -0.463572 3.06998 0.478017 -0.269921 3.18868 0.451638 -0.142899 3.00839 0.251206 -0.0174401 3.17173 0.147292 -0.0225615 3.16738 0.113386 0.236553 2.88012 0.15156 0.48318 3.12461 0.351235 -0.0144232 3.18281 0.353139 0.347248 2.97617 0.38186 0.729664 3.09905 
0.216802 -0.567161 2.86534 0.227401 -0.443654 3.05936 0.0738503 -0.446788 3.07258 -0.0385881 -0.253858 3.16684 0.0657699 -0.169804 2.97492 0.374714 -0.445818 3.05815 0.460983 -0.255621 3.16848 0.416472 -0.140768 2.9841 0.23104 -0.00492595 3.16778 0.125182 -0.0105562 3.16129 0.0708937 0.2026 2.84866 0.102241 0.434798 3.11442 0.328952 -0.000103201 3.17903 0.335459 0.359897 2.97867 0.373896 0.73855 3.1059 
0.184439 -0.569653 2.86736 0.199801 -0.444275 3.05888 0.0454793 -0.444884 3.08219 -0.0634602 -0.255925 3.17936 0.0387438 -0.177131 2.98498 0.343955 -0.445885 3.04621 0.437461 -0.257499 3.15429 0.377921 -0.16005 2.96507 0.204985 -0.00554819 3.16438 0.100066 -0.0116346 3.1606 0.0278608 0.184638 2.83385 0.0397325 0.431175 3.10432 0.302713 0.000402894 3.17586 0.316563 0.362392 2.9891 0.367563 0.740177 3.11072 
0.149788 -0.58601 2.8684 0.165167 -0.465262 3.05799 0.00963842 -0.464992 3.08642 -0.0979839 -0.280176 3.18666 0.00444711 -0.202758 2.98905 0.307097 -0.468769 3.0374 0.403687 -0.272676 3.14561 0.333972 -0.193701 2.95075 0.170457 -0.0197565 3.15707 0.0654638 -0.0253185 3.15741 -0.0186068 0.197525 2.83944 -0.0499713 0.480641 3.08602 0.268717 -0.0152043 3.16795 0.290718 0.352465 3.00147 0.360275 0.730134 3.11113 
0.117977 -0.604154 2.86764 0.128105 -0.491148 3.05933 -0.0265042 -0.493365 3.08676 -0.131093 -0.309569 3.1875 -0.031026 -0.227945 2.98939 0.274547 -0.494755 3.03941 0.368192 -0.294622 3.14618 0.295057 -0.223498 2.94917 0.130944 -0.0381747 3.15139 0.0301214 -0.0433147 3.15498 -0.0549942 0.225226 2.86461 -0.128614 0.539973 3.06895 0.233109 -0.0357594 3.16376 0.264782 0.327551 2.99924 0.347193 0.708219 3.10718 
0.0845637 -0.617617 2.86647 0.0927545 -0.515199 3.06077 -0.061388 -0.517699 3.0772 -0.170514 -0.331613 3.1828 -0.0715775 -0.245721 2.98551 0.23901 -0.520404 3.04967 0.327242 -0.315608 3.15711 0.260945 -0.237579 2.9588 0.0918483 -0.0590767 3.14855 -0.00714862 -0.0612861 3.15323 -0.0859106 0.255738 2.90958 -0.189875 0.60521 3.06064 0.19265 -0.0598933 3.16307 0.23314 0.292809 2.97571 0.323708 0.668244 3.10483 
0.0529092 -0.618792 2.86513 0.051895 -0.525022 3.06123 -0.102755 -0.524593 3.06098 -0.216918 -0.331997 3.16605 -0.112933 -0.245909 2.97497 0.199158 -0.531436 3.06401 0.282291 -0.321972 3.17614 0.22342 -0.226018 2.97877 0.0465147 -0.0646729 3.14635 -0.0529596 -0.0647306 3.14836 -0.12115 0.285028 2.95446 -0.236012 0.67137 3.06689 0.150282 -0.0669367 3.16318 0.193322 0.267029 2.93474 0.282727 0.601984 3.10873 
0.0258716 -0.608142 2.8644 0.0180155 -0.511517 3.06283 -0.135956 -0.509893 3.04585 -0.258571 -0.314808 3.1466 -0.148145 -0.230191 2.96292 0.166589 -0.516068 3.08351 0.238442 -0.307087 3.1934 0.189827 -0.198102 2.99818 0.00923736 -0.0550311 3.1475 -0.0936241 -0.0539624 3.14592 -0.150391 0.316458 2.99343 -0.257649 0.715274 3.091 0.11322 -0.058574 3.16391 0.159778 0.243491 2.87991 0.232544 0.533571 3.11108 
0.000456205 -0.59115 2.86413 -0.0137921 -0.489913 3.06488 -0.165877 -0.487997 3.0347 -0.296629 -0.293161 3.12904 -0.179322 -0.211246 2.95323 0.132267 -0.493804 3.09554 0.191659 -0.284792 3.20874 0.163011 -0.169699 3.01365 -0.0277217 -0.0331448 3.14985 -0.128034 -0.0310493 3.14728 -0.176712 0.344739 3.01071 -0.269217 0.737281 3.10812 0.0766253 -0.0379525 3.1679 0.120912 0.223972 2.84428 0.174281 0.475193 3.09888 
-0.0234582 -0.574521 2.86352 -0.0456611 -0.466952 3.06346 -0.198805 -0.465086 3.02796 -0.333066 -0.272276 3.11579 -0.207652 -0.190978 2.94622 0.102397 -0.469599 3.10145 0.149189 -0.261234 3.21914 0.132197 -0.152099 3.02425 -0.0613177 -0.0146778 3.15733 -0.161626 -0.010513 3.15486 -0.199445 0.365471 3.01365 -0.275129 0.749981 3.11719 0.0406512 -0.020301 3.17967 0.0766697 0.214217 2.82616 0.112359 0.452512 3.07773 
-0.043477 -0.561035 2.86417 -0.0712925 -0.456011 3.06293 -0.222608 -0.454653 3.02782 -0.356846 -0.261868 3.10881 -0.227376 -0.181079 2.94428 0.0789351 -0.457773 3.10634 0.123544 -0.254894 3.22504 0.102445 -0.142727 3.03151 -0.089485 -0.00876421 3.1672 -0.189796 -0.00443957 3.16538 -0.215355 0.371727 3.01732 -0.278409 0.756889 3.1201 0.0136696 -0.0143514 3.18749 0.0321399 0.211113 2.82588 0.0536889 0.453495 3.06461 
-0.0583331 -0.55447 2.86497 -0.0915031 -0.458487 3.06333 -0.243437 -0.456713 3.02831 -0.37299 -0.260846 3.10806 -0.242567 -0.179179 2.94778 0.0596724 -0.460758 3.10842 0.103913 -0.25876 3.22719 0.0747222 -0.138021 3.0353 -0.112721 -0.00919603 3.1733 -0.210815 -0.0056463 3.1716 -0.226481 0.372416 3.02692 -0.280638 0.759634 3.12229 -0.0105859 -0.0149688 3.19033 -0.00861706 0.220303 2.83532 -0.00321792 0.489535 3.0531 
-0.0682364 -0.553156 2.86475 -0.106159 -0.467771 3.06409 -0.261137 -0.470265 3.02929 -0.384759 -0.27059 3.11564 -0.255353 -0.184684 2.95655 0.0429342 -0.469868 3.10828 0.0837808 -0.265098 3.22657 0.0505894 -0.13937 3.03628 -0.133847 -0.0124753 3.17637 -0.230071 -0.0121432 3.17262 -0.241342 0.36851 3.04039 -0.283187 0.75876 3.12492 -0.0332601 -0.0159755 3.19199 -0.0500584 0.253185 2.85423 -0.0700437 0.560564 3.04144 
-0.0740778 -0.551257 2.86388 -0.114132 -0.47334 3.06385 -0.269991 -0.479289 3.03159 -0.391531 -0.278594 3.12269 -0.264007 -0.189804 2.96151 0.0338974 -0.47458 3.10582 0.0737627 -0.268125 3.22558 0.0320823 -0.138824 3.03607 -0.147565 -0.0137485 3.17751 -0.247815 -0.0158923 3.17093 -0.253953 0.364025 3.04779 -0.284967 0.757635 3.12683 -0.047877 -0.0148533 3.19269 -0.0777765 0.28681 2.88816 -0.104925 0.624151 3.04255 
-0.0775935 -0.547725 2.86281 -0.1201 -0.474297 3.06264 -0.274625 -0.482352 3.03402 -0.394708 -0.281086 3.12989 -0.270199 -0.190445 2.96575 0.0292734 -0.473707 3.10011 0.0680082 -0.266466 3.22374 0.0211615 -0.134627 3.03424 -0.156606 -0.0119919 3.1763 -0.260521 -0.0159905 3.16693 -0.264295 0.365045 3.04737 -0.287277 0.759031 3.12621 -0.0577919 -0.0109188 3.19122 -0.100723 0.316626 2.92539 -0.123763 0.679153 3.05277 
-0.0795187 -0.542201 2.86121 -0.124997 -0.471528 3.06276 -0.277583 -0.478348 3.03808 -0.395912 -0.276182 3.13715 -0.274911 -0.182625 2.96957 0.0266004 -0.466965 3.09344 0.0655806 -0.258592 3.22243 0.0138334 -0.12582 3.02795 -0.164213 -0.00744643 3.17626 -0.27076 -0.01055 3.16459 -0.27339 0.366247 3.03889 -0.288059 0.756808 3.12483 -0.0665213 -0.00467988 3.19099 -0.118366 0.34811 2.96642 -0.135755 0.718263 3.07052 
-0.0796011 -0.537234 2.86088 -0.128961 -0.468555 3.06245 -0.279519 -0.473577 3.03906 -0.3971 -0.272801 3.1396 -0.275487 -0.17893 2.97247 0.0243479 -0.461537 3.09077 0.0646144 -0.252773 3.22064 0.0107039 -0.120454 3.02548 -0.170048 -0.0020511 3.17787 -0.276504 -0.00538601 3.1633 -0.27907 0.366866 3.03226 -0.288734 0.7564 3.12424 -0.0727542 0.00168785 3.19606 -0.127333 0.361908 2.99127 -0.14259 0.734324 3.07974 
-0.0783879 -0.53537 2.86056 -0.132189 -0.468445 3.06147 -0.281791 -0.473045 3.03778 -0.39884 -0.271388 3.13629 -0.275265 -0.180143 2.97296 0.0230413 -0.460429 3.09013 0.0636358 -0.250089 3.2201 0.00891016 -0.119445 3.02513 -0.174284 -0.00294988 3.17933 -0.278637 -0.00573663 3.16198 -0.279311 0.365322 3.03079 -0.287711 0.75431 3.12363 -0.0769923 0.00200722 3.2005 -0.129311 0.36612 3.00374 -0.145256 0.736138 3.08502 
-0.0752362 -0.535205 2.86177 -0.134067 -0.469492 3.0614 -0.283272 -0.474384 3.03544 -0.401731 -0.271887 3.12687 -0.274593 -0.1841 2.96982 0.0224343 -0.462729 3.09129 0.061235 -0.252273 3.22044 0.0101727 -0.122097 3.02891 -0.175299 -0.00573529 3.18117 -0.27874 -0.00872861 3.16188 -0.277364 0.365602 3.03287 -0.287297 0.752662 3.12613 -0.0792315 0.00114963 3.20368 -0.127062 0.366032 3.0054 -0.146175 0.733058 3.08705 
-0.0723197 -0.533678 2.8626 -0.133542 -0.468485 3.06185 -0.282862 -0.472745 3.03317 -0.40497 -0.267252 3.11625 -0.273239 -0.183249 2.96366 0.0223054 -0.462956 3.09256 0.0591283 -0.255065 3.22182 0.0136118 -0.123005 3.03361 -0.174239 -0.00584781 3.18196 -0.27787 -0.00945306 3.16239 -0.274513 0.366282 3.02778 -0.288061 0.753218 3.12913 -0.0791884 6.12361e-05 3.20653 -0.122356 0.36184 2.99529 -0.1453 0.724633 3.0874 
-0.0673435 -0.527709 2.86618 -0.13283 -0.462445 3.06074 -0.282439 -0.464974 3.03041 -0.408321 -0.256668 3.10701 -0.27154 -0.178398 2.95743 0.0222174 -0.459197 3.0949 0.059006 -0.251142 3.22515 0.0193033 -0.119349 3.03769 -0.170204 -4.28333e-05 3.18207 -0.275326 -0.00421181 3.16386 -0.270775 0.366529 3.0153 -0.289673 0.754565 3.12753 -0.0765484 0.0042993 3.20836 -0.11437 0.351789 2.96776 -0.142123 0.702494 3.08604 
-0.0590378 -0.517168 2.8723 -0.13125 -0.445869 3.06038 -0.279571 -0.446255 3.02592 -0.411426 -0.236849 3.09472 -0.2682 -0.162411 2.95152 0.022474 -0.446008 3.10234 0.0610504 -0.239021 3.22984 0.0290536 -0.10912 3.04292 -0.163179 0.0126473 3.18175 -0.269289 0.00875158 3.16338 -0.263356 0.368146 2.99595 -0.290012 0.753888 3.121 -0.0696753 0.0154843 3.2102 -0.100706 0.328397 2.92684 -0.135501 0.656585 3.08501 
-0.0491126 -0.507851 2.87901 -0.127937 -0.425142 3.06072 -0.272964 -0.425008 3.0195 -0.410675 -0.217399 3.07717 -0.26523 -0.144419 2.93967 0.0232858 -0.428377 3.11247 0.0620427 -0.22327 3.23402 0.0453122 -0.0952741 3.04618 -0.154887 0.0269031 3.18177 -0.260319 0.0231224 3.16103 -0.253274 0.368473 2.96886 -0.290079 0.74609 3.10774 -0.060465 0.0277614 3.21204 -0.0831879 0.304779 2.88884 -0.123119 0.604136 3.08733 
-0.0349567 -0.50433 2.88269 -0.121224 -0.41364 3.05924 -0.264646 -0.408935 3.00769 -0.405419 -0.199456 3.05742 -0.259824 -0.130295 2.92247 0.0271519 -0.418673 3.11807 0.0666506 -0.213032 3.23832 0.0690919 -0.0885439 3.05214 -0.144277 0.0364639 3.18008 -0.246178 0.0351825 3.15495 -0.239866 0.367492 2.9395 -0.288887 0.737979 3.10042 -0.0485982 0.0344923 3.21299 -0.0625323 0.279583 2.85756 -0.0988083 0.553048 3.08297 
-0.0177208 -0.508736 2.88486 -0.106451 -0.411511 3.05619 -0.249517 -0.403776 2.99531 -0.393836 -0.200397 3.03726 -0.246289 -0.136315 2.91041 0.036963 -0.418224 3.11992 0.0779237 -0.214175 3.24492 0.10059 -0.0914109 3.05881 -0.127642 0.0350656 3.17691 -0.22593 0.0378028 3.14926 -0.221103 0.364685 2.92358 -0.287377 0.732361 3.09263 -0.0322657 0.0308581 3.21173 -0.0283176 0.252704 2.84313 -0.0517568 0.504703 3.07556 
0.00389427 -0.524429 2.8831 -0.0841044 -0.42045 3.04989 -0.22373 -0.412478 2.97766 -0.376495 -0.21886 3.01474 -0.226255 -0.161369 2.90063 0.0564621 -0.430151 3.11904 0.0978747 -0.231304 3.25259 0.1424 -0.106566 3.06664 -0.103206 0.0203957 3.17115 -0.204035 0.0263538 3.14471 -0.205683 0.361919 2.93174 -0.284217 0.731301 3.09411 -0.00721314 0.0131075 3.20814 0.0187687 0.220904 2.8376 0.0107129 0.472216 3.0687 
0.0331156 -0.551364 2.87777 -0.0587941 -0.444139 3.0423 -0.194347 -0.435952 2.96525 -0.353368 -0.250766 3.01251 -0.198689 -0.182322 2.90022 0.0847613 -0.455394 3.12044 0.123034 -0.261461 3.25799 0.185474 -0.135424 3.07445 -0.0759009 -0.00597435 3.16454 -0.177932 0.0025969 3.14125 -0.189815 0.362402 2.97081 -0.277585 0.736766 3.10757 0.0219761 -0.0168372 3.20263 0.0672966 0.201915 2.8371 0.0773383 0.471797 3.05994 
0.066583 -0.580791 2.87182 -0.0232605 -0.480857 3.03506 -0.15646 -0.474349 2.95875 -0.321418 -0.292722 3.01834 -0.167374 -0.211315 2.90855 0.121495 -0.488612 3.11783 0.158144 -0.299796 3.26135 0.230553 -0.168827 3.08085 -0.0415012 -0.0353497 3.15839 -0.141605 -0.0276909 3.13536 -0.16664 0.342388 2.99005 -0.267935 0.719661 3.11079 0.0581664 -0.0480386 3.19629 0.116768 0.1962 2.85171 0.151684 0.49667 3.05373 
0.101141 -0.606345 2.86638 0.0195942 -0.519098 3.03028 -0.116229 -0.512707 2.95464 -0.278334 -0.330767 3.03326 -0.12875 -0.240143 2.91781 0.164302 -0.52577 3.11322 0.20123 -0.338624 3.25899 0.280396 -0.198096 3.08401 -0.00160377 -0.0648622 3.153 -0.102322 -0.0595385 3.12693 -0.133255 0.308946 2.9889 -0.247916 0.675461 3.11336 0.0983102 -0.0754324 3.1922 0.160871 0.215458 2.87931 0.221676 0.550317 3.04647 
0.132184 -0.615464 2.86137 0.0586561 -0.538558 3.02817 -0.0813567 -0.529993 2.95784 -0.235458 -0.342836 3.04837 -0.0888399 -0.251224 2.925 0.200393 -0.544882 3.10658 0.244234 -0.354188 3.25169 0.317297 -0.208874 3.07765 0.0324333 -0.0816062 3.1496 -0.0642759 -0.0772626 3.11748 -0.0945989 0.280837 2.9549 -0.212471 0.608922 3.12517 0.132259 -0.0877647 3.18952 0.190044 0.241753 2.91986 0.269457 0.613444 3.04887 
0.162825 -0.612583 2.85818 0.0990948 -0.53335 3.03028 -0.0460213 -0.52554 2.96609 -0.189642 -0.330442 3.06626 -0.0467726 -0.239279 2.93262 0.241873 -0.538233 3.098 0.287962 -0.343902 3.24297 0.352695 -0.196417 3.06596 0.0690032 -0.0766704 3.14647 -0.0264029 -0.0744692 3.1095 -0.0527984 0.262199 2.91319 -0.155586 0.528329 3.13915 0.170056 -0.0798066 3.18903 0.216448 0.276539 2.96083 0.296496 0.673028 3.07014 
0.190354 -0.598779 2.85539 0.132808 -0.506801 3.03515 -0.013582 -0.499627 2.97655 -0.148705 -0.307395 3.083 -0.00796404 -0.219012 2.94107 0.279148 -0.51253 3.08974 0.334969 -0.314221 3.22745 0.385442 -0.171514 3.05145 0.107264 -0.0537329 3.14403 0.0101697 -0.0538012 3.1072 -0.0141472 0.246099 2.86978 -0.0885146 0.463885 3.14033 0.207403 -0.0562238 3.18719 0.239594 0.316663 2.99303 0.31018 0.712288 3.1022 
0.217649 -0.582562 2.85163 0.167473 -0.47811 3.03879 0.0165415 -0.475809 2.9875 -0.113728 -0.285937 3.09227 0.0245471 -0.200193 2.94372 0.31186 -0.483756 3.08313 0.376627 -0.284068 3.20685 0.407501 -0.145083 3.03173 0.141633 -0.0263391 3.1402 0.0409502 -0.0258205 3.10218 0.0162547 0.241369 2.83743 -0.0226186 0.446241 3.13051 0.240984 -0.0272713 3.18668 0.260129 0.351845 3.00831 0.317703 0.732092 3.12508 
0.242826 -0.568619 2.8488 0.196382 -0.461096 3.04087 0.0442469 -0.46125 2.9986 -0.0820336 -0.271093 3.09717 0.055358 -0.186882 2.94376 0.342813 -0.462955 3.07832 0.410644 -0.261956 3.19081 0.423884 -0.131887 3.01609 0.172213 -0.011255 3.13872 0.070163 -0.0120367 3.0992 0.0592259 0.236365 2.82204 0.035071 0.434615 3.11857 0.270738 -0.0102859 3.18574 0.281399 0.368118 3.01346 0.321511 0.739822 3.13568 
0.265829 -0.565676 2.84545 0.220713 -0.456787 3.04088 0.0677034 -0.456895 3.0055 -0.0562934 -0.268947 3.09827 0.079011 -0.185092 2.94078 0.368908 -0.456754 3.07467 0.441146 -0.255446 3.17719 0.434979 -0.134801 3.00197 0.195471 -0.00742525 3.13871 0.0955933 -0.00969141 3.10032 0.0998471 0.236449 2.82511 0.0852224 0.454589 3.10362 0.294847 -0.00571894 3.18438 0.300033 0.370252 3.01503 0.32429 0.740257 3.13809 
0.285787 -0.5724 2.84094 0.24252 -0.466619 3.03931 0.0871877 -0.466507 3.00655 -0.0362227 -0.278622 3.09682 0.09644 -0.194295 2.93783 0.393473 -0.46729 3.06972 0.46313 -0.265733 3.17071 0.443356 -0.149301 2.99246 0.217172 -0.0132544 3.13765 0.116016 -0.0165736 3.10185 0.130034 0.249272 2.83874 0.12262 0.509491 3.08519 0.314977 -0.0134281 3.18143 0.313586 0.361763 3.0134 0.327549 0.733447 3.13621 
0.306093 -0.583898 2.83553 0.262672 -0.486625 3.03421 0.106485 -0.487135 3.00357 -0.0169693 -0.293267 3.0912 0.113789 -0.212885 2.93227 0.414193 -0.48649 3.06261 0.479654 -0.286896 3.17274 0.452356 -0.168398 2.99303 0.235605 -0.0260716 3.13741 0.132826 -0.0290111 3.10871 0.157364 0.277101 2.86935 0.155505 0.587195 3.0716 0.333469 -0.0276025 3.17483 0.330058 0.341463 3.00225 0.332124 0.714552 3.12915 
0.323273 -0.592536 2.83061 0.276727 -0.499067 3.02968 0.121195 -0.500034 2.99801 0.00151062 -0.302061 3.0841 0.130532 -0.223011 2.92279 0.428674 -0.499202 3.05848 0.487564 -0.303955 3.18418 0.464764 -0.175878 3.00047 0.251622 -0.0400053 3.13726 0.151684 -0.0412653 3.11433 0.176363 0.299223 2.9078 0.169035 0.651781 3.06318 0.349023 -0.042293 3.16814 0.349944 0.318147 2.97096 0.337434 0.683885 3.11255 
0.338555 -0.59121 2.82881 0.288164 -0.497611 3.02342 0.135811 -0.497912 2.98508 0.0155647 -0.294561 3.0703 0.145708 -0.218418 2.9074 0.440508 -0.499612 3.06007 0.490738 -0.304491 3.19825 0.482149 -0.172515 3.01236 0.269001 -0.0408236 3.13691 0.172365 -0.0395535 3.11294 0.192288 0.315216 2.93138 0.173914 0.685517 3.06381 0.365711 -0.0441657 3.16883 0.374551 0.29332 2.92899 0.341071 0.633706 3.09844 
0.354622 -0.579871 2.82967 0.30038 -0.47894 3.02108 0.154748 -0.475947 2.97147 0.0256191 -0.269181 3.0515 0.164844 -0.19778 2.89146 0.449533 -0.483845 3.06549 0.493756 -0.288337 3.20725 0.505936 -0.157437 3.02115 0.290072 -0.0273872 3.14095 0.193761 -0.0247066 3.11265 0.210832 0.332685 2.94199 0.178352 0.709208 3.06879 0.38821 -0.0330007 3.17438 0.410311 0.257822 2.88589 0.347493 0.564731 3.08304 
0.372101 -0.569147 2.83198 0.317543 -0.448163 3.01937 0.174136 -0.442946 2.95658 0.0356057 -0.232243 3.0237 0.183628 -0.174058 2.86751 0.458909 -0.456027 3.07514 0.501416 -0.261542 3.21428 0.533477 -0.13939 3.0249 0.314234 -0.00475731 3.14401 0.217701 -0.000207346 3.11133 0.235734 0.357353 2.94308 0.18561 0.72645 3.07134 0.411035 -0.0139327 3.17887 0.444733 0.205131 2.84169 0.36968 0.491521 3.04934 
0.392258 -0.562154 2.83677 0.335665 -0.430227 3.0201 0.191919 -0.421491 2.94569 0.0493125 -0.212103 2.99623 0.204098 -0.169661 2.845 0.471562 -0.439966 3.0872 0.517388 -0.247405 3.21852 0.564621 -0.137699 3.02737 0.33727 0.00619776 3.14135 0.244356 0.0166304 3.10543 0.254665 0.366014 2.93336 0.191012 0.732747 3.06624 0.431493 -0.00625573 3.18107 0.483471 0.149345 2.81435 0.415815 0.446277 3.01251 
0.415456 -0.565914 2.84291 0.358515 -0.434931 3.02341 0.216176 -0.423542 2.9443 0.0721424 -0.218954 2.98936 0.234343 -0.188367 2.8394 0.495946 -0.446794 3.09909 0.54424 -0.257085 3.22224 0.604213 -0.155334 3.02661 0.361182 -0.00213596 3.13972 0.269603 0.0103466 3.10126 0.275099 0.350524 2.91653 0.196323 0.720787 3.05029 0.45481 -0.0158998 3.18035 0.5291 0.104045 2.80286 0.485584 0.42738 2.98645 
0.44325 -0.583603 2.84973 0.38942 -0.468059 3.03128 0.249715 -0.453505 2.95736 0.102429 -0.252716 3.00476 0.267568 -0.226934 2.8506 0.529373 -0.47983 3.10958 0.577325 -0.290215 3.22442 0.639796 -0.188539 3.02437 0.393172 -0.0307401 3.14004 0.302308 -0.0191396 3.10463 0.298997 0.339716 2.93847 0.211442 0.71247 3.05935 0.49027 -0.0451244 3.17806 0.577182 0.0895386 2.80692 0.566126 0.431417 2.95878 
0.472781 -0.608402 2.8545 0.427905 -0.508041 3.04106 0.285819 -0.492723 2.97654 0.137086 -0.294271 3.03336 0.29523 -0.257673 2.8711 0.571407 -0.522789 3.10952 0.619636 -0.326792 3.22179 0.674311 -0.227147 3.01395 0.430468 -0.0656039 3.14105 0.339769 -0.0562909 3.11179 0.329925 0.301116 2.93828 0.239388 0.675695 3.05461 0.530838 -0.0792174 3.17536 0.630634 0.108326 2.81872 0.649509 0.469486 2.95288 
0.501467 -0.624806 2.85812 0.468424 -0.539405 3.05215 0.323153 -0.526098 3.00202 0.178374 -0.322429 3.07039 0.327007 -0.273281 2.90016 0.61357 -0.551607 3.10021 0.668356 -0.35105 3.20928 0.704592 -0.254739 3.00036 0.473513 -0.0888695 3.1429 0.378954 -0.0816994 3.11973 0.371688 0.252378 2.91121 0.293393 0.607062 3.04521 0.576319 -0.098833 3.17313 0.669638 0.151495 2.84331 0.714841 0.513736 2.97108 
0.528873 -0.62858 2.8627 0.50856 -0.548569 3.0632 0.358658 -0.540748 3.03608 0.22157 -0.330975 3.11257 0.359868 -0.270217 2.93015 0.65406 -0.557698 3.08901 0.720862 -0.349059 3.19016 0.729421 -0.257185 2.97993 0.519007 -0.0931396 3.1441 0.421054 -0.0884336 3.13185 0.413014 0.203702 2.86751 0.363996 0.535096 3.03172 0.623012 -0.0998757 3.16699 0.697033 0.199569 2.88975 0.752007 0.564132 3.01875 
0.555349 -0.618756 2.86779 0.548199 -0.536091 3.0734 0.395685 -0.529658 3.06731 0.268119 -0.31731 3.14976 0.39501 -0.24953 2.95217 0.69431 -0.54428 3.07623 0.770036 -0.331941 3.17353 0.757016 -0.242613 2.96235 0.564853 -0.0778819 3.144 0.463911 -0.0763421 3.137 0.448911 0.154742 2.83282 0.429594 0.451281 3.03056 0.665803 -0.0817929 3.1618 0.723169 0.262707 2.93245 0.786026 0.637981 3.05154 
0.579772 -0.601391 2.87383 0.581439 -0.507394 3.07917 0.428965 -0.501703 3.09047 0.310989 -0.289584 3.1809 0.429206 -0.222957 2.97207 0.727096 -0.5147 3.06242 0.812358 -0.302911 3.16327 0.782939 -0.217622 2.94802 0.605051 -0.0493812 3.1447 0.504497 -0.0511738 3.14584 0.491105 0.114021 2.82214 0.493862 0.421021 3.03033 0.704087 -0.0504316 3.15231 0.74539 0.308554 2.95603 0.80748 0.688577 3.0823 
0.603137 -0.58019 2.87932 0.614429 -0.477436 3.08439 0.460733 -0.472632 3.11031 0.351667 -0.263132 3.20661 0.462775 -0.199789 2.9879 0.758593 -0.483267 3.0544 0.846603 -0.273697 3.15915 0.806387 -0.18959 2.94302 0.6377 -0.022712 3.14782 0.536898 -0.0279676 3.16139 0.533626 0.11886 2.84573 0.54958 0.441709 3.03591 0.737342 -0.0232273 3.14189 0.770343 0.328598 2.94752 0.821385 0.703292 3.08818 
0.626432 -0.562151 2.88481 0.641863 -0.457775 3.0893 0.487987 -0.45033 3.12013 0.385513 -0.245511 3.21755 0.492128 -0.183619 2.99354 0.789439 -0.463516 3.05742 0.875412 -0.254022 3.15795 0.826108 -0.168408 2.94563 0.66554 -0.00688002 3.15453 0.565975 -0.0120945 3.1632 0.576246 0.135978 2.84044 0.600771 0.463879 3.01018 0.765251 -0.00746733 3.15534 0.793107 0.3567 2.98084 0.826689 0.731365 3.11971 
0.645722 -0.552515 2.88802 0.666126 -0.449548 3.09382 0.5108 -0.443629 3.12569 0.407485 -0.240706 3.22083 0.515455 -0.175654 2.99487 0.814752 -0.45648 3.0657 0.897797 -0.245743 3.16222 0.843494 -0.154936 2.95464 0.688765 0.000946178 3.1638 0.588638 -0.00162922 3.15682 0.614614 0.168446 2.82878 0.643797 0.502003 2.98936 0.785815 0.00150037 3.17382 0.811092 0.368508 3.00222 0.833019 0.742728 3.13904 
0.663424 -0.549895 2.88972 0.689662 -0.453246 3.09834 0.533083 -0.447445 3.12559 0.425364 -0.243859 3.21846 0.53672 -0.172839 2.99454 0.840166 -0.457993 3.07625 0.916071 -0.245069 3.17224 0.859686 -0.146717 2.97245 0.705977 0.00285732 3.16779 0.610448 0.00263786 3.14893 0.65004 0.210485 2.83678 0.66851 0.552674 2.99648 0.80114 0.00311585 3.18643 0.827438 0.370996 3.02191 0.840174 0.74664 3.14943 
0.679671 -0.550975 2.89023 0.709475 -0.46138 3.10349 0.553068 -0.456048 3.12115 0.435631 -0.251598 3.21356 0.55592 -0.173513 2.99267 0.859584 -0.463778 3.08832 0.929989 -0.248202 3.18521 0.871914 -0.144321 2.98837 0.718942 9.61966e-05 3.17379 0.626703 0.00320441 3.14506 0.676774 0.250081 2.86353 0.683625 0.605438 3.01427 0.812686 -0.00266347 3.19949 0.841193 0.367507 3.0383 0.845663 0.746262 3.15504 
0.692576 -0.554426 2.88994 0.724949 -0.466959 3.10535 0.566078 -0.463324 3.11004 0.443443 -0.261358 3.20537 0.573467 -0.175913 2.99088 0.876249 -0.468589 3.09958 0.940464 -0.251577 3.19973 0.881394 -0.141767 3.00422 0.729272 -0.00227262 3.17889 0.63585 0.00245782 3.14523 0.692648 0.284203 2.89866 0.693864 0.649552 3.03638 0.823581 -0.00776834 3.21048 0.847611 0.360741 3.05014 0.846491 0.745306 3.15868 
0.703956 -0.557394 2.88902 0.736816 -0.470222 3.10397 0.577142 -0.467879 3.1007 0.449049 -0.268529 3.19648 0.588347 -0.1805 2.98637 0.894358 -0.467524 3.10835 0.950623 -0.256816 3.21404 0.888196 -0.141806 3.024 0.736103 -0.0036068 3.18145 0.641683 0.00181844 3.15243 0.705486 0.313364 2.93943 0.704525 0.687282 3.06109 0.833221 -0.0103269 3.21318 0.84991 0.353515 3.05311 0.846931 0.74444 3.15891 
0.713709 -0.558406 2.88826 0.746389 -0.470246 3.10296 0.587909 -0.470121 3.09441 0.460958 -0.272112 3.18893 0.600049 -0.184982 2.98204 0.906464 -0.466699 3.11241 0.959216 -0.262833 3.22434 0.895422 -0.139912 3.04169 0.740354 -0.00430822 3.18268 0.644245 0.00115738 3.15744 0.71216 0.332964 2.97151 0.711888 0.708188 3.07563 0.839401 -0.0117768 3.21343 0.851884 0.350377 3.0545 0.846923 0.743825 3.15913 
0.720949 -0.558369 2.8871 0.754354 -0.470598 3.1014 0.598344 -0.470274 3.08982 0.468086 -0.269383 3.1836 0.613441 -0.189309 2.9799 0.914236 -0.46709 3.11647 0.968419 -0.265584 3.23141 0.902727 -0.138453 3.05643 0.742655 -0.00601391 3.1835 0.645413 0.00164213 3.15471 0.71402 0.337397 2.98016 0.714401 0.712218 3.08057 0.843457 -0.0127781 3.21605 0.852648 0.351391 3.05868 0.846559 0.741796 3.15814 
0.723136 -0.556033 2.88723 0.758291 -0.469339 3.10041 0.602504 -0.469529 3.08919 0.472421 -0.267398 3.18467 0.617891 -0.189011 2.98177 0.917826 -0.466098 3.11492 0.973175 -0.263877 3.23234 0.904404 -0.132757 3.05854 0.74364 -0.00684314 3.184 0.646998 0.00115354 3.14994 0.713193 0.328876 2.96584 0.712305 0.700669 3.07609 0.844442 -0.0139011 3.21987 0.852046 0.350877 3.06079 0.845398 0.739284 3.15543 
0.720743 -0.551051 2.88851 0.75823 -0.465237 3.09917 0.602663 -0.467161 3.09206 0.474052 -0.264755 3.19251 0.616189 -0.18508 2.98625 0.917217 -0.462812 3.1116 0.976429 -0.25764 3.22757 0.902116 -0.126562 3.05114 0.742095 -0.00421978 3.18453 0.646765 0.00230911 3.14922 0.712079 0.313394 2.9482 0.710375 0.678398 3.06644 0.841411 -0.0105429 3.22257 0.850384 0.349748 3.05216 0.846108 0.739174 3.14974 
0.712973 -0.544364 2.89014 0.751779 -0.456706 3.09923 0.596311 -0.45986 3.10186 0.473576 -0.259551 3.20417 0.606858 -0.175807 2.99087 0.912786 -0.452702 3.10427 0.975826 -0.244988 3.21653 0.898111 -0.115097 3.03236 0.737447 0.00230923 3.18552 0.644585 0.00547692 3.15523 0.711649 0.286779 2.93491 0.708147 0.641312 3.05771 0.833505 -0.00177547 3.21872 0.847503 0.348912 3.02792 0.846604 0.737514 3.13665 
0.703844 -0.53785 2.89227 0.744612 -0.440247 3.09798 0.590497 -0.446722 3.12035 0.47177 -0.248027 3.22022 0.59227 -0.162093 3.00016 0.904226 -0.435635 3.08833 0.971998 -0.222338 3.19468 0.894739 -0.0976491 3.00395 0.729632 0.0141121 3.18528 0.639009 0.0129848 3.16898 0.708997 0.250115 2.92534 0.704103 0.596783 3.05471 0.826522 0.0134624 3.19871 0.841958 0.349384 2.98138 0.843392 0.728714 3.10932 
0.69245 -0.532092 2.8937 0.73653 -0.421909 3.09462 0.580799 -0.430264 3.13178 0.465067 -0.2336 3.22963 0.576361 -0.149546 3.00883 0.892076 -0.4178 3.07246 0.967043 -0.199881 3.1713 0.88838 -0.0825564 2.977 0.720801 0.0297988 3.1882 0.628601 0.0241904 3.18814 0.698981 0.208518 2.90831 0.693905 0.54972 3.04107 0.819197 0.029255 3.18511 0.834156 0.352284 2.95752 0.839801 0.722467 3.09557 
0.678907 -0.527041 2.89564 0.728614 -0.40743 3.09042 0.573353 -0.413828 3.1379 0.452291 -0.214967 3.23556 0.557846 -0.144634 3.01503 0.879002 -0.3994 3.06025 0.959534 -0.18068 3.14751 0.879302 -0.0754456 2.9484 0.711648 0.0419358 3.19194 0.615177 0.0373495 3.20227 0.678864 0.16004 2.88881 0.671153 0.497211 3.01557 0.811335 0.0408642 3.18119 0.828625 0.361576 2.9506 0.834886 0.723664 3.09589 
0.661652 -0.52412 2.89862 0.718722 -0.393744 3.08572 0.565544 -0.40212 3.14281 0.440578 -0.200027 3.23652 0.542535 -0.148261 3.01799 0.863931 -0.38649 3.04983 0.950276 -0.166142 3.12158 0.867712 -0.078003 2.92266 0.701704 0.04897 3.19402 0.601793 0.0474054 3.21616 0.649019 0.141615 2.9019 0.637484 0.477921 3.02588 0.800696 0.048721 3.16838 0.82351 0.34191 2.91337 0.832967 0.705174 3.06313 
0.640957 -0.526391 2.90258 0.702935 -0.389561 3.08527 0.552905 -0.399899 3.14724 0.424982 -0.196335 3.23357 0.524844 -0.162323 3.01997 0.84439 -0.385015 3.04341 0.937204 -0.165064 3.09875 0.851011 -0.092676 2.90216 0.688367 0.0488913 3.19163 0.586646 0.0476425 3.22207 0.608883 0.120971 2.90781 0.584891 0.456909 3.03254 0.78753 0.0502788 3.15729 0.815197 0.334288 2.89547 0.829413 0.697612 3.04512 
0.61753 -0.540382 2.90678 0.680714 -0.403084 3.08705 0.53196 -0.411089 3.15179 0.407772 -0.208185 3.23343 0.501248 -0.189688 3.02439 0.821234 -0.398308 3.04128 0.919131 -0.1813 3.0825 0.829451 -0.123575 2.89014 0.668764 0.0381976 3.18645 0.566362 0.03438 3.22313 0.561733 0.122585 2.91158 0.520691 0.455508 3.04202 0.768896 0.0401217 3.14915 0.798104 0.330631 2.89491 0.825007 0.695874 3.04048 
0.591622 -0.560212 2.91096 0.65247 -0.431145 3.09251 0.506255 -0.439695 3.15932 0.380376 -0.244433 3.23857 0.469464 -0.229245 3.03359 0.793632 -0.42868 3.04322 0.895341 -0.21636 3.07621 0.798192 -0.17055 2.88815 0.645127 0.0116893 3.17774 0.543172 0.00755496 3.21947 0.513928 0.132892 2.91009 0.454217 0.464521 3.06057 0.747053 0.0161901 3.14114 0.776036 0.325523 2.90971 0.817731 0.695984 3.04319 
0.56327 -0.586098 2.91454 0.619162 -0.477556 3.0979 0.47337 -0.482668 3.16909 0.346577 -0.294983 3.24948 0.434449 -0.271594 3.0454 0.760868 -0.476042 3.05296 0.865444 -0.263879 3.09841 0.762332 -0.224863 2.90467 0.616613 -0.0234048 3.16636 0.512884 -0.0269217 3.20682 0.457849 0.166385 2.90754 0.392003 0.493983 3.07475 0.71618 -0.0213085 3.13947 0.748597 0.309143 2.9347 0.805742 0.687458 3.05454 
0.531343 -0.60988 2.91712 0.582086 -0.518662 3.10258 0.436793 -0.523815 3.17276 0.31194 -0.338902 3.25772 0.396131 -0.304321 3.05404 0.725466 -0.515686 3.06132 0.829452 -0.304457 3.12304 0.7325 -0.262932 2.92325 0.578344 -0.0562895 3.16206 0.476446 -0.0576228 3.1939 0.41191 0.191062 2.89674 0.332776 0.532331 3.05937 0.680735 -0.0562142 3.1431 0.727828 0.295079 2.97384 0.788 0.671884 3.08551 
0.499284 -0.623374 2.91831 0.548166 -0.545804 3.10735 0.402216 -0.551808 3.16992 0.27913 -0.366059 3.26026 0.364035 -0.319059 3.05784 0.689294 -0.541783 3.07267 0.788047 -0.325136 3.14419 0.700925 -0.275135 2.942 0.540799 -0.0801598 3.16183 0.438078 -0.0800898 3.19081 0.378604 0.225222 2.92739 0.291858 0.590936 3.06436 0.641464 -0.0808114 3.14074 0.707476 0.259352 2.96254 0.758208 0.625222 3.0978 
0.46729 -0.625294 2.91877 0.505503 -0.551442 3.11326 0.360162 -0.558164 3.15941 0.238318 -0.364088 3.25306 0.328112 -0.311352 3.05307 0.649651 -0.549013 3.08832 0.742978 -0.32668 3.16511 0.671991 -0.264082 2.96164 0.500208 -0.0905687 3.16284 0.395855 -0.0862936 3.18753 0.347287 0.261307 2.96966 0.26835 0.654491 3.08585 0.600354 -0.092785 3.14051 0.683657 0.226366 2.92976 0.705127 0.558165 3.10132 
0.431405 -0.611775 2.91766 0.463282 -0.53379 3.1145 0.313297 -0.538754 3.14571 0.189624 -0.338212 3.23436 0.288781 -0.283148 3.03674 0.608718 -0.531321 3.10099 0.692762 -0.309873 3.18059 0.645341 -0.236995 2.97715 0.457941 -0.0754804 3.16441 0.355379 -0.0695416 3.18698 0.318084 0.294484 3.00417 0.25044 0.696024 3.11203 0.559326 -0.0794279 3.14114 0.655721 0.190076 2.89588 0.637334 0.495945 3.09381 
0.401481 -0.591695 2.9125 0.427291 -0.502478 3.11107 0.275293 -0.505025 3.12126 0.151487 -0.30027 3.20212 0.255424 -0.244009 3.00881 0.576614 -0.503708 3.11999 0.651174 -0.288363 3.1949 0.621535 -0.208136 2.99021 0.427209 -0.0465326 3.16918 0.325956 -0.037728 3.18598 0.294338 0.341681 3.02957 0.24114 0.728971 3.13726 0.529241 -0.0559686 3.14957 0.622851 0.154407 2.85989 0.578758 0.439228 3.09021 
0.375524 -0.573404 2.90772 0.398039 -0.474891 3.107 0.242772 -0.474197 3.09919 0.11691 -0.268547 3.17469 0.226944 -0.213137 2.98646 0.546673 -0.478229 3.1326 0.615 -0.268038 3.20888 0.601721 -0.180242 3.0038 0.401136 -0.0235699 3.17444 0.299415 -0.0152118 3.18646 0.27665 0.368623 3.03208 0.234194 0.745425 3.15047 0.499429 -0.034923 3.16498 0.57624 0.134461 2.84422 0.513111 0.418109 3.07534 
0.351127 -0.559092 2.90386 0.369931 -0.456269 3.10395 0.213988 -0.454756 3.08309 0.0885115 -0.249608 3.15858 0.20355 -0.190737 2.97442 0.519672 -0.461792 3.13737 0.585347 -0.255958 3.21933 0.581623 -0.161341 3.01654 0.376159 -0.0108891 3.17881 0.274177 -0.00368682 3.18832 0.259965 0.379339 3.03284 0.229618 0.751319 3.15597 0.476651 -0.0212073 3.17685 0.525401 0.142211 2.84007 0.452277 0.435536 3.05461 
0.330679 -0.551714 2.89928 0.349748 -0.450935 3.09955 0.193856 -0.447069 3.07232 0.0631886 -0.240812 3.15239 0.186009 -0.179733 2.96913 0.498603 -0.458338 3.13522 0.563683 -0.255086 3.22798 0.567012 -0.147746 3.02517 0.356233 -0.00479577 3.18248 0.257489 0.00123953 3.19189 0.247317 0.379235 3.03717 0.225008 0.751499 3.1575 0.45915 -0.0140759 3.18328 0.481663 0.175517 2.84355 0.40923 0.479463 3.03264 
0.311464 -0.551483 2.89352 0.332831 -0.455017 3.09624 0.178787 -0.449454 3.06856 0.0464512 -0.242906 3.15492 0.172283 -0.174584 2.97284 0.484554 -0.463435 3.12987 0.550092 -0.260252 3.23109 0.55221 -0.142823 3.02966 0.341844 -0.00196208 3.18549 0.243809 0.00393815 3.19751 0.235537 0.376745 3.03513 0.22223 0.747561 3.15559 0.443191 -0.00931673 3.18858 0.444759 0.224252 2.85693 0.382525 0.535851 3.02246 
0.294244 -0.556265 2.88703 0.316658 -0.459599 3.09287 0.165184 -0.452104 3.06862 0.0366101 -0.24985 3.16534 0.158361 -0.172614 2.98316 0.471539 -0.468883 3.12038 0.54123 -0.271009 3.22792 0.536314 -0.142432 3.03025 0.325163 -0.000527072 3.18716 0.228439 0.00351533 3.20027 0.220697 0.366225 3.0206 0.219601 0.733269 3.14665 0.425055 -0.00515537 3.19401 0.414928 0.275975 2.88342 0.370873 0.607999 3.02983 
0.278381 -0.554551 2.88159 0.303573 -0.457921 3.08961 0.151819 -0.450083 3.07601 0.0299832 -0.252223 3.18127 0.144466 -0.166703 2.99595 0.458989 -0.466468 3.10604 0.536607 -0.274948 3.21161 0.517704 -0.136129 3.02089 0.310055 0.00303519 3.18807 0.210402 0.0052828 3.20439 0.200666 0.347562 2.99003 0.218943 0.703325 3.12776 0.409977 -0.000510572 3.19393 0.390195 0.315323 2.91469 0.371138 0.670308 3.048 
0.261991 -0.544669 2.87815 0.292756 -0.443115 3.08718 0.140178 -0.438538 3.08904 0.0235854 -0.244958 3.20191 0.131332 -0.152366 3.01103 0.444904 -0.450542 3.08711 0.533954 -0.25683 3.18799 0.498817 -0.119466 3.00094 0.294623 0.0129207 3.19366 0.194798 0.013442 3.21343 0.181802 0.323028 2.95623 0.214857 0.654698 3.1025 0.396733 0.0125382 3.19114 0.364785 0.33491 2.92969 0.369177 0.705256 3.06764 
0.242195 -0.528483 2.87593 0.281051 -0.41269 3.07811 0.126076 -0.412718 3.09965 0.0162786 -0.223547 3.21537 0.119012 -0.132568 3.02558 0.430033 -0.417706 3.06108 0.527276 -0.226026 3.15456 0.47645 -0.0979657 2.97289 0.277744 0.0331654 3.19981 0.18228 0.0311486 3.22405 0.160749 0.292405 2.9234 0.20593 0.593606 3.08418 0.379431 0.033758 3.18462 0.34924 0.351032 2.92981 0.365256 0.723618 3.07742 
0.222982 -0.515384 2.87849 0.267928 -0.384224 3.07362 0.111263 -0.388174 3.10398 0.00694345 -0.199693 3.22096 0.106962 -0.11937 3.03545 0.413707 -0.387041 3.04568 0.516725 -0.193785 3.12095 0.448841 -0.0848118 2.9379 0.261994 0.0527949 3.20559 0.169104 0.0484712 3.2326 0.133815 0.249357 2.89364 0.179893 0.535718 3.06566 0.361973 0.0555165 3.18287 0.3394 0.37484 2.93236 0.362347 0.735172 3.07915 
0.201076 -0.511243 2.88525 0.249629 -0.36998 3.07227 0.093468 -0.373784 3.1107 -0.00766171 -0.186654 3.22468 0.0885528 -0.115415 3.03869 0.391077 -0.372181 3.03581 0.499707 -0.175283 3.08988 0.41067 -0.0886819 2.90998 0.245921 0.0593526 3.2075 0.153309 0.0525624 3.23672 0.0977399 0.195122 2.88841 0.14094 0.49691 3.04926 0.344237 0.0640852 3.17973 0.32826 0.380333 2.92776 0.36084 0.73341 3.06935 
0.173051 -0.518975 2.89418 0.222578 -0.374469 3.0756 0.0672947 -0.375397 3.12082 -0.0332585 -0.188519 3.23121 0.0616582 -0.124965 3.04415 0.362508 -0.378696 3.03143 0.476276 -0.177691 3.06271 0.362705 -0.117714 2.89041 0.225687 0.0526889 3.2001 0.129899 0.0444729 3.23412 0.0562329 0.157356 2.9022 0.0746343 0.487201 3.04825 0.320973 0.057128 3.16363 0.311215 0.359477 2.90718 0.359747 0.712402 3.04074 
0.144086 -0.542313 2.90301 0.190405 -0.401994 3.08302 0.0369585 -0.400648 3.13261 -0.0560602 -0.212185 3.2451 0.0304803 -0.142094 3.05179 0.334382 -0.408266 3.03278 0.449335 -0.203632 3.04272 0.32241 -0.166292 2.88387 0.196903 0.0298637 3.19294 0.101902 0.0222258 3.22773 0.0170526 0.142028 2.89795 0.00175885 0.481531 3.03352 0.295736 0.0354173 3.15413 0.290984 0.344702 2.91194 0.353865 0.70503 3.03528 
0.115067 -0.573776 2.91194 0.162134 -0.440829 3.0906 0.00827688 -0.437491 3.14398 -0.0799702 -0.249529 3.25529 0.000658701 -0.172188 3.05991 0.30398 -0.448911 3.03974 0.422224 -0.244733 3.0523 0.28845 -0.216437 2.90192 0.167931 -0.00504181 3.18402 0.0684107 -0.0103211 3.216 -0.0218071 0.137962 2.87316 -0.0667318 0.487821 3.00543 0.266604 0.00177311 3.15476 0.270341 0.34303 2.94932 0.342824 0.708001 3.06313 
0.0839176 -0.610322 2.91975 0.125597 -0.493782 3.09913 -0.0263574 -0.489743 3.15573 -0.114149 -0.299056 3.26452 -0.0348371 -0.213071 3.0633 0.266329 -0.497256 3.0525 0.387932 -0.293314 3.07878 0.259962 -0.256356 2.92362 0.131928 -0.0427608 3.17 0.0274189 -0.0473624 3.20293 -0.0580662 0.177342 2.87914 -0.131161 0.536285 3.01229 0.231866 -0.0378742 3.14846 0.251297 0.307918 2.9581 0.325197 0.68057 3.07055 
0.0549428 -0.631543 2.92482 0.0854909 -0.529473 3.11093 -0.0637707 -0.523182 3.16144 -0.155905 -0.328427 3.26083 -0.0762396 -0.24121 3.05976 0.231357 -0.53444 3.07111 0.347964 -0.323584 3.11633 0.23569 -0.269184 2.9466 0.0901786 -0.0715212 3.16364 -0.0135272 -0.0729051 3.19773 -0.083993 0.21921 2.91866 -0.17693 0.589362 3.03094 0.190163 -0.0698968 3.13948 0.22792 0.255075 2.93082 0.291987 0.62299 3.07096 
0.0267391 -0.64108 2.92922 0.0464543 -0.540926 3.12057 -0.102533 -0.53348 3.1568 -0.206601 -0.335726 3.24858 -0.118262 -0.248222 3.04683 0.195692 -0.546198 3.09281 0.306911 -0.332184 3.15564 0.215335 -0.251834 2.96747 0.0482591 -0.0818421 3.16094 -0.0552339 -0.0800133 3.19421 -0.108301 0.257213 2.95884 -0.200499 0.64548 3.05786 0.150879 -0.0828331 3.1358 0.201322 0.220111 2.89278 0.24322 0.547578 3.06697 
0.00109872 -0.636429 2.93321 0.0117566 -0.528648 3.12849 -0.141084 -0.523458 3.14418 -0.254925 -0.321274 3.22754 -0.155419 -0.23373 3.02553 0.163076 -0.533462 3.1173 0.267131 -0.323363 3.19154 0.194516 -0.21936 2.99057 0.0102565 -0.0695002 3.1622 -0.095467 -0.0651775 3.19229 -0.133066 0.3022 3.00099 -0.211543 0.696647 3.10095 0.112776 -0.074127 3.13497 0.172345 0.184252 2.85158 0.18781 0.478593 3.05139 
-0.0228078 -0.623036 2.93474 -0.0191267 -0.50582 3.13107 -0.172118 -0.501298 3.12751 -0.288689 -0.297185 3.20505 -0.185892 -0.217646 3.00969 0.129233 -0.510893 3.13687 0.228354 -0.297821 3.22581 0.170404 -0.182121 3.01475 -0.0264445 -0.0426733 3.16808 -0.127275 -0.0379923 3.19271 -0.153405 0.337718 3.03085 -0.215121 0.731316 3.13266 0.0772933 -0.0517081 3.14433 0.134458 0.15801 2.82167 0.130695 0.439728 3.02877 
-0.0452399 -0.60505 2.93386 -0.0463569 -0.480933 3.13215 -0.201675 -0.479024 3.1154 -0.321078 -0.274455 3.19069 -0.211826 -0.19737 3.00354 0.10086 -0.483398 3.14721 0.185777 -0.269206 3.24297 0.143358 -0.148987 3.03451 -0.0575428 -0.0209123 3.1752 -0.15659 -0.014718 3.19578 -0.17505 0.36222 3.04337 -0.216789 0.747574 3.14778 0.043719 -0.0301847 3.15866 0.0842393 0.151346 2.80872 0.06653 0.432441 3.00466 
-0.0646025 -0.59258 2.93244 -0.0713782 -0.464591 3.13101 -0.22578 -0.465104 3.10725 -0.346996 -0.260595 3.18212 -0.230128 -0.183794 3.00248 0.0788758 -0.464596 3.15174 0.149093 -0.253653 3.25358 0.114149 -0.127357 3.0499 -0.0865536 -0.00938346 3.18101 -0.186181 -0.00371732 3.20252 -0.193802 0.369751 3.04871 -0.220349 0.753129 3.15578 0.0151432 -0.018364 3.17031 0.0298796 0.163703 2.81012 0.000213352 0.442748 2.98568 
-0.0817237 -0.588615 2.9308 -0.0945451 -0.461905 3.1301 -0.24774 -0.462867 3.1039 -0.366525 -0.257616 3.17957 -0.242431 -0.177927 3.00715 0.0584502 -0.461815 3.15358 0.125474 -0.252706 3.25922 0.0880852 -0.11948 3.06004 -0.111078 -0.00597156 3.18416 -0.20931 -0.00263976 3.207 -0.207554 0.369654 3.06411 -0.222779 0.754599 3.16162 -0.009996 -0.0140767 3.17867 -0.0171796 0.187314 2.82163 -0.0541196 0.467813 2.97904 
-0.0987358 -0.592776 2.92893 -0.112686 -0.470704 3.13038 -0.268651 -0.468288 3.10287 -0.382174 -0.263232 3.18364 -0.254941 -0.177181 3.01631 0.0382946 -0.472398 3.15382 0.10792 -0.261515 3.26001 0.0667871 -0.122385 3.06679 -0.13227 -0.0105658 3.18766 -0.229218 -0.00947132 3.21101 -0.220728 0.362152 3.08573 -0.224902 0.753286 3.16578 -0.034774 -0.0153104 3.18299 -0.0636375 0.219391 2.83914 -0.0984803 0.514314 2.98487 
-0.115111 -0.600506 2.92768 -0.127031 -0.480772 3.13032 -0.282948 -0.478691 3.10341 -0.396042 -0.272493 3.18907 -0.266506 -0.181226 3.02293 0.0238099 -0.483941 3.15217 0.0941018 -0.274508 3.25922 0.0521258 -0.130113 3.07155 -0.147033 -0.018139 3.18863 -0.245563 -0.0199847 3.21372 -0.233709 0.355395 3.10919 -0.227937 0.749625 3.16851 -0.0504276 -0.0204669 3.18159 -0.0879407 0.248901 2.86705 -0.120192 0.568167 3.00381 
-0.129762 -0.610174 2.92537 -0.140658 -0.488347 3.12927 -0.295714 -0.488731 3.10499 -0.407359 -0.280366 3.19378 -0.276957 -0.190176 3.02525 0.0135597 -0.491987 3.14692 0.0859212 -0.288252 3.25434 0.0429694 -0.136823 3.07147 -0.156644 -0.0244927 3.1865 -0.259912 -0.0277667 3.21198 -0.245763 0.349653 3.13006 -0.231406 0.744277 3.17062 -0.0619258 -0.0233637 3.17401 -0.10595 0.274345 2.90256 -0.135599 0.619708 3.02671 
-0.14289 -0.621524 2.92115 -0.15399 -0.4946 3.12686 -0.310499 -0.494927 3.10668 -0.41809 -0.285206 3.19592 -0.288005 -0.198726 3.02448 0.00121669 -0.501638 3.13986 0.0803159 -0.299918 3.24454 0.0350178 -0.141255 3.06557 -0.165607 -0.0261476 3.18174 -0.270585 -0.0306925 3.20684 -0.255801 0.349278 3.14519 -0.235112 0.741577 3.17266 -0.0725594 -0.0233287 3.16316 -0.126912 0.305063 2.95046 -0.147125 0.673144 3.05246 
-0.156032 -0.628353 2.91572 -0.165179 -0.495445 3.1246 -0.321768 -0.49682 3.10757 -0.427731 -0.284738 3.19497 -0.297668 -0.201292 3.02066 -0.0137758 -0.504701 3.13195 0.0765053 -0.301544 3.23133 0.0269238 -0.139378 3.0544 -0.176079 -0.0241568 3.17639 -0.278718 -0.027872 3.19525 -0.264134 0.353462 3.15304 -0.237784 0.740666 3.17388 -0.0811155 -0.0203668 3.15379 -0.140098 0.331168 3.00069 -0.154869 0.704995 3.07755 
-0.169133 -0.630455 2.91053 -0.176219 -0.494996 3.12083 -0.331665 -0.495753 3.10742 -0.436115 -0.281966 3.19302 -0.307385 -0.202822 3.01313 -0.0258375 -0.50419 3.12412 0.0724765 -0.300704 3.21819 0.0155752 -0.137707 3.04019 -0.187896 -0.0219638 3.16974 -0.287615 -0.0251197 3.18188 -0.27071 0.361116 3.16007 -0.24281 0.7415 3.17279 -0.0875421 -0.017332 3.14762 -0.146388 0.352867 3.044 -0.160202 0.72043 3.09338 
-0.179582 -0.632402 2.90615 -0.188353 -0.497143 3.11547 -0.340917 -0.497908 3.10782 -0.442231 -0.281117 3.19018 -0.316454 -0.205163 3.00483 -0.0351173 -0.505522 3.11436 0.0663633 -0.302252 3.2041 0.00333031 -0.137691 3.02161 -0.196997 -0.0232916 3.16299 -0.295533 -0.0265506 3.17531 -0.27564 0.362979 3.16659 -0.247289 0.742426 3.17464 -0.0935735 -0.0173998 3.13924 -0.149162 0.359577 3.06401 -0.161095 0.72815 3.09919 
-0.188079 -0.634384 2.9022 -0.198952 -0.500208 3.1085 -0.351635 -0.499929 3.1072 -0.446976 -0.281719 3.18684 -0.325352 -0.210057 2.99578 -0.0422177 -0.51024 3.1055 0.0584024 -0.302205 3.18791 -0.00968577 -0.139889 3.00174 -0.204988 -0.0260183 3.15514 -0.301844 -0.0290484 3.17034 -0.278817 0.362369 3.16857 -0.248811 0.740241 3.17483 -0.0999452 -0.0204284 3.13126 -0.148537 0.361463 3.07217 -0.159695 0.731816 3.10089 
-0.195333 -0.635556 2.89968 -0.206166 -0.503267 3.10392 -0.359378 -0.501837 3.10294 -0.45 -0.281786 3.18414 -0.332238 -0.212753 2.98807 -0.0484016 -0.513911 3.10123 0.0502947 -0.302171 3.17384 -0.0216296 -0.141902 2.98906 -0.209209 -0.0268678 3.15046 -0.30555 -0.0297461 3.16459 -0.279532 0.36248 3.16655 -0.248115 0.739685 3.17317 -0.10417 -0.0217581 3.13026 -0.148844 0.363107 3.07957 -0.159805 0.73265 3.10144 
-0.203146 -0.63681 2.89739 -0.211844 -0.505358 3.10088 -0.368746 -0.503421 3.09714 -0.452649 -0.281391 3.17989 -0.339284 -0.214991 2.98103 -0.0547929 -0.515912 3.09828 0.0403776 -0.301329 3.16188 -0.0317503 -0.143468 2.979 -0.212263 -0.0266209 3.14429 -0.308879 -0.0291261 3.1593 -0.280575 0.361361 3.16276 -0.249507 0.738677 3.17114 -0.106843 -0.0223198 3.13116 -0.149842 0.362332 3.08588 -0.162037 0.732952 3.10153 
-0.210644 -0.638744 2.89464 -0.214567 -0.506727 3.09747 -0.373732 -0.504646 3.09108 -0.454527 -0.281615 3.17244 -0.343481 -0.217357 2.97468 -0.0602036 -0.516323 3.09512 0.0328276 -0.300158 3.15542 -0.0392196 -0.145066 2.97051 -0.214368 -0.0267307 3.1377 -0.311763 -0.0270468 3.15373 -0.282202 0.360034 3.15796 -0.251469 0.739996 3.1701 -0.109826 -0.0228474 3.13079 -0.149847 0.362109 3.09009 -0.162781 0.73285 3.10131 
-0.217976 -0.641031 2.89166 -0.216021 -0.506834 3.09395 -0.377503 -0.504735 3.08586 -0.455863 -0.281365 3.16556 -0.346346 -0.219818 2.96909 -0.0656827 -0.51574 3.09201 0.0278008 -0.299443 3.15115 -0.0433318 -0.147178 2.96299 -0.215631 -0.0274728 3.1314 -0.314458 -0.026288 3.14917 -0.283099 0.359557 3.15532 -0.253427 0.739558 3.16948 -0.113408 -0.0242193 3.12837 -0.14938 0.362117 3.09149 -0.162503 0.732306 3.10033 
-0.224144 -0.641579 2.88761 -0.217607 -0.507521 3.09026 -0.380109 -0.503862 3.08316 -0.457638 -0.279944 3.1574 -0.348844 -0.221531 2.96296 -0.069899 -0.515517 3.08986 0.0246813 -0.298655 3.14662 -0.0458959 -0.148139 2.95627 -0.21612 -0.0277339 3.12647 -0.315554 -0.0265329 3.14365 -0.283224 0.359508 3.15151 -0.254158 0.738911 3.16895 -0.116637 -0.0252801 3.12689 -0.149896 0.36215 3.09116 -0.161301 0.730785 3.10049 
-0.229112 -0.642151 2.88339 -0.220814 -0.507598 3.08596 -0.383698 -0.502824 3.08056 -0.460283 -0.279218 3.15169 -0.352637 -0.223342 2.95458 -0.0732352 -0.517367 3.08697 0.0215426 -0.298637 3.14154 -0.0481995 -0.15203 2.94806 -0.216486 -0.0277927 3.12243 -0.316476 -0.0277789 3.13965 -0.283285 0.358482 3.14845 -0.254232 0.737671 3.16805 -0.12112 -0.0267766 3.12548 -0.151066 0.364022 3.08851 -0.161219 0.730136 3.09936 
-0.232459 -0.642071 2.87911 -0.22282 -0.507584 3.08293 -0.385546 -0.502757 3.07895 -0.463517 -0.278707 3.14702 -0.354891 -0.224217 2.94915 -0.0751525 -0.519325 3.08216 0.0194172 -0.298832 3.1371 -0.0509027 -0.155578 2.94039 -0.216753 -0.0276093 3.1198 -0.31705 -0.0283164 3.13795 -0.283419 0.357399 3.14704 -0.253338 0.738263 3.16853 -0.123671 -0.0271202 3.12096 -0.153617 0.365968 3.08539 -0.16232 0.729813 3.09884 
-0.234385 -0.641267 2.87572 -0.22474 -0.507506 3.07974 -0.386374 -0.502108 3.07769 -0.465553 -0.278079 3.14404 -0.357463 -0.224324 2.94366 -0.0766896 -0.51977 3.07784 0.0180381 -0.298867 3.13371 -0.0521421 -0.157577 2.93375 -0.217045 -0.0269736 3.11734 -0.317343 -0.0284277 3.13627 -0.283307 0.358591 3.1463 -0.253393 0.737425 3.16878 -0.12555 -0.0265737 3.11545 -0.154676 0.368038 3.08244 -0.162817 0.729909 3.09861 
-0.235596 -0.640904 2.8727 -0.225661 -0.507274 3.07719 -0.38678 -0.501963 3.07609 -0.467413 -0.277187 3.14147 -0.359611 -0.224127 2.94006 -0.0784978 -0.519184 3.0742 0.0168965 -0.29892 3.13122 -0.0526504 -0.158245 2.9288 -0.217634 -0.0270164 3.11614 -0.317765 -0.0281019 3.13343 -0.283398 0.359777 3.14571 -0.252212 0.738951 3.16862 -0.127261 -0.0262678 3.11383 -0.15529 0.368475 3.08226 -0.163046 0.730503 3.09846 
-0.236065 -0.640922 2.86989 -0.226134 -0.506807 3.07372 -0.387012 -0.502262 3.07322 -0.468464 -0.276599 3.13851 -0.361054 -0.222861 2.93752 -0.0793364 -0.519155 3.07148 0.0169967 -0.298588 3.12812 -0.0523613 -0.158748 2.92439 -0.218614 -0.0261699 3.11537 -0.318177 -0.0272365 3.13047 -0.283697 0.360083 3.14536 -0.251311 0.741054 3.16844 -0.128182 -0.0262321 3.11166 -0.155503 0.369308 3.08279 -0.163069 0.7321 3.0984 
-0.235861 -0.640109 2.86842 -0.226126 -0.50582 3.07034 -0.387108 -0.50172 3.07215 -0.467607 -0.276026 3.13401 -0.362565 -0.220709 2.93701 -0.0793425 -0.517993 3.07061 0.017558 -0.297048 3.12309 -0.0515756 -0.157825 2.92339 -0.218398 -0.0253828 3.11497 -0.318311 -0.0267637 3.12821 -0.284055 0.359793 3.14495 -0.250335 0.742123 3.16816 -0.128342 -0.0248824 3.10963 -0.155541 0.369519 3.08413 -0.16308 0.732719 3.09845 
-0.235468 -0.639978 2.86702 -0.226092 -0.505155 3.06746 -0.386941 -0.501613 3.07017 -0.466328 -0.275347 3.13038 -0.364931 -0.215332 2.93727 -0.0789028 -0.516659 3.06894 0.0174552 -0.295017 3.11643 -0.0497216 -0.1546 2.92522 -0.219176 -0.025622 3.11469 -0.318225 -0.0264096 3.12559 -0.284637 0.360182 3.14423 -0.250962 0.74107 3.16768 -0.128324 -0.0243122 3.10899 -0.155535 0.369222 3.0851 -0.163077 0.732824 3.09865 
-0.234791 -0.641267 2.86542 -0.22607 -0.504307 3.0636 -0.386798 -0.501787 3.06823 -0.464356 -0.274276 3.12731 -0.368866 -0.204398 2.938 -0.077679 -0.516063 3.06804 0.0171449 -0.292103 3.11043 -0.046075 -0.148509 2.92793 -0.219133 -0.0255753 3.11443 -0.318072 -0.0259086 3.1212 -0.285868 0.360064 3.1428 -0.251295 0.740553 3.16649 -0.128128 -0.0241484 3.10945 -0.155519 0.368116 3.08602 -0.163096 0.732487 3.09906 
-0.233494 -0.64335 2.86448 -0.225906 -0.504567 3.05876 -0.386602 -0.502492 3.06551 -0.461164 -0.272281 3.12387 -0.374914 -0.186569 2.94111 -0.0772838 -0.517302 3.06509 0.0170024 -0.288882 3.10461 -0.0386812 -0.137208 2.93507 -0.21878 -0.0252416 3.1139 -0.317595 -0.0263624 3.11706 -0.286286 0.359297 3.14214 -0.251374 0.740388 3.16622 -0.127942 -0.0243201 3.10873 -0.155622 0.36534 3.0855 -0.163116 0.731452 3.09993 
-0.231398 -0.644484 2.86411 -0.225489 -0.504598 3.05496 -0.38647 -0.502792 3.06459 -0.456001 -0.269861 3.12004 -0.384223 -0.158764 2.94734 -0.0768315 -0.517789 3.06266 0.0172292 -0.284108 3.0979 -0.028182 -0.121936 2.947 -0.217726 -0.0259873 3.11288 -0.317623 -0.0265539 3.11663 -0.286241 0.359144 3.14146 -0.251339 0.740549 3.16649 -0.127307 -0.0248975 3.10615 -0.15538 0.36537 3.08488 -0.163027 0.73214 3.09908 
-0.228001 -0.646532 2.86422 -0.224497 -0.504434 3.0506 -0.385879 -0.502979 3.06308 -0.451258 -0.265606 3.11642 -0.395637 -0.128052 2.95812 -0.0762181 -0.51634 3.05947 0.0167736 -0.280328 3.09363 -0.0144984 -0.106103 2.96132 -0.217046 -0.026575 3.11109 -0.317285 -0.0265801 3.1141 -0.285722 0.359348 3.1405 -0.251043 0.741094 3.16766 -0.125835 -0.0247609 3.10436 -0.155214 0.366492 3.08203 -0.162874 0.731819 3.09876 
-0.222906 -0.650497 2.86359 -0.222543 -0.504109 3.04788 -0.385309 -0.503211 3.06401 -0.447257 -0.260381 3.11244 -0.415251 -0.0887045 2.97715 -0.074927 -0.513576 3.05583 0.0169594 -0.275814 3.0909 0.00517673 -0.0857439 2.97736 -0.216592 -0.025939 3.10944 -0.317461 -0.0262997 3.11605 -0.28652 0.358726 3.13896 -0.250593 0.74074 3.16818 -0.122607 -0.0238455 3.10023 -0.154998 0.366394 3.07752 -0.162658 0.731818 3.09882 
-0.216406 -0.654473 2.86233 -0.220819 -0.503317 3.04552 -0.384382 -0.503656 3.06352 -0.445304 -0.257005 3.10912 -0.436047 -0.0587918 3.00644 -0.0724477 -0.510886 3.05014 0.0181027 -0.272228 3.08845 0.0246465 -0.0679101 2.99407 -0.216443 -0.0252319 3.10707 -0.317504 -0.025642 3.1155 -0.287067 0.358247 3.13563 -0.249624 0.740726 3.16824 -0.120669 -0.0228605 3.09613 -0.154944 0.366687 3.07335 -0.16221 0.732164 3.09932 
-0.208508 -0.657575 2.86052 -0.217996 -0.501631 3.04219 -0.381959 -0.503076 3.06202 -0.444049 -0.256583 3.10863 -0.458219 -0.0439503 3.03706 -0.0674789 -0.507856 3.04388 0.0204514 -0.270277 3.08605 0.0461671 -0.0524873 3.01228 -0.216252 -0.0222499 3.10298 -0.317107 -0.0239652 3.11429 -0.287747 0.359227 3.12868 -0.249767 0.739785 3.16797 -0.120785 -0.0196759 3.09199 -0.154798 0.36774 3.06766 -0.161304 0.733172 3.10051 
-0.200247 -0.659953 2.85787 -0.215349 -0.501215 3.03913 -0.379234 -0.502755 3.059 -0.444259 -0.259307 3.11311 -0.481005 -0.0416449 3.06459 -0.0627344 -0.50578 3.0388 0.0235732 -0.269113 3.08463 0.0661842 -0.0420759 3.03154 -0.216045 -0.0214698 3.09743 -0.316477 -0.023409 3.10979 -0.289074 0.362422 3.1188 -0.252567 0.740272 3.16685 -0.121545 -0.0182804 3.08583 -0.154536 0.370287 3.06156 -0.159167 0.734129 3.10051 
-0.192632 -0.660967 2.8544 -0.213595 -0.499927 3.03692 -0.377032 -0.502239 3.05742 -0.445589 -0.264305 3.11922 -0.500184 -0.0486376 3.09127 -0.0583035 -0.504525 3.0343 0.0272095 -0.268145 3.08391 0.0829785 -0.0402128 3.04924 -0.216069 -0.0207591 3.08978 -0.315583 -0.0250536 3.10192 -0.292142 0.363635 3.10065 -0.258172 0.739109 3.16638 -0.121459 -0.0177901 3.07923 -0.154334 0.369885 3.0542 -0.156879 0.735369 3.10159 
-0.185777 -0.659465 2.85051 -0.212139 -0.50039 3.03443 -0.374585 -0.502728 3.05624 -0.448026 -0.269794 3.12596 -0.516652 -0.0566123 3.11298 -0.0542066 -0.5033 3.03074 0.0320312 -0.270396 3.0837 0.0972099 -0.0442814 3.06241 -0.216364 -0.0211612 3.08277 -0.315424 -0.0266206 3.09503 -0.297466 0.364094 3.0814 -0.267586 0.737623 3.16611 -0.122493 -0.0178397 3.07107 -0.154574 0.369301 3.04226 -0.155074 0.738023 3.10251 
-0.179615 -0.656655 2.8477 -0.210299 -0.501227 3.03285 -0.372807 -0.503042 3.05544 -0.449738 -0.276978 3.12748 -0.531045 -0.0613855 3.12412 -0.050738 -0.502632 3.02835 0.0364335 -0.269575 3.08369 0.106794 -0.0461117 3.07059 -0.217173 -0.0214019 3.07922 -0.315992 -0.0275706 3.0917 -0.30226 0.364548 3.06739 -0.277273 0.735683 3.16707 -0.124933 -0.0171822 3.06732 -0.154812 0.368287 3.03312 -0.153077 0.737616 3.10065 
-0.174461 -0.653894 2.84583 -0.2095 -0.501263 3.031 -0.370882 -0.503223 3.05452 -0.451235 -0.281733 3.12798 -0.540825 -0.0651254 3.12916 -0.0483392 -0.500135 3.02549 0.0399037 -0.267668 3.08276 0.111856 -0.0425378 3.07214 -0.219138 -0.0201798 3.07733 -0.31758 -0.0271411 3.09053 -0.307384 0.366952 3.05299 -0.28763 0.733668 3.16659 -0.126985 -0.0156972 3.06283 -0.155936 0.369325 3.0242 -0.152225 0.736776 3.10051 
-0.172126 -0.652809 2.84483 -0.209197 -0.500582 3.03008 -0.370276 -0.503221 3.05495 -0.452972 -0.284156 3.12771 -0.545774 -0.0676229 3.13033 -0.0474856 -0.499034 3.02306 0.0406594 -0.265823 3.08066 0.113239 -0.0397037 3.07199 -0.220738 -0.0197078 3.07827 -0.318861 -0.0254713 3.09099 -0.309435 0.367011 3.04555 -0.299131 0.732918 3.16516 -0.12843 -0.0150862 3.06388 -0.157092 0.369192 3.02056 -0.152073 0.73641 3.09968 
